H,9,16,3,5,4.99,4,5.9,99,99,99,1022.71,1022,1023,205.62,133.3,311.5,51,0.38,224,0,0,0,0,0,0,*
H,10,16,3,5,7.71,5.8,9.4,97.13,91,99,1023,1023,1023,385.2,310.9,459.6,62,0.29,240,0,0,0,0,0,0,*
H,11,16,3,5,10.57,9.4,11.8,86.35,83,91,1022.82,1022,1023,511.88,447,550.3,80,0.62,240,0,0,0,0,0,0,*
H,12,16,3,5,13.11,12.1,14.3,62.55,34,83,1022.43,1022,1023,568.94,546.3,590.2,152,0.88,240,0,0,0,0,0,0,*
H,13,16,3,5,14.72,13.7,15.8,28.8,18,39,1022,1022,1022,582.93,556.9,594.6,213,0.73,240,0,0,0,0,0,0,*
H,14,16,3,5,15.67,14.9,16.8,11.79,9,20,1021.39,1021,1022,546.27,518.3,580.9,227,0.47,240,0,0,0,0,0,0,*
H,15,16,3,5,16.56,15.7,17.3,25.55,17,32,1021,1021,1021,458.8,394.4,517.9,231,0.71,240,0,0,0,0,0,0,*
H,16,16,3,5,16.72,16.1,17.6,27.42,22,30,1021,1021,1021,328.29,255.9,400.9,215,0.69,240,0,0,0,0,0,0,*
H,17,16,3,5,15.57,14.9,16.8,17.81,13,25,1021,1021,1021,183.37,120.7,254.1,159,0.38,240,0,0,0,0,0,0,*
H,18,16,3,5,14.39,13.6,15,12.17,9,18,1021,1021,1021,59.91,13.2,120.3,154,0.33,240,0,0,0,0,0,0,*
H,19,16,3,5,12.32,11.1,13.6,33,18,50,1021.02,1021,1022,3.52,0,13.2,169,0.3,240,0,0,0,0,0,0,*
H,20,16,3,5,10.69,10,11.1,63.1,50,71,1021.87,1021,1022,3.22,1.8,4.5,192,0.19,240,0,0,0,0,0,0,*
H,21,16,3,5,9.69,9.2,10.1,76.46,71,82,1022,1022,1022,3.31,1.9,4.4,223,0.11,240,0,0,0,0,0,0,*
H,22,16,3,5,8.94,8.5,9.3,85.58,82,88,1022,1022,1022,3.4,2.3,4.4,295,0.65,240,0,0,0,0,0,0,*
H,23,16,3,5,8.77,8.4,9,88.54,87,90,1022,1022,1022,3.42,2.3,4.7,303,0.11,240,0,0,0,0,0,0,*
H,0,17,3,5,8.24,8,8.4,90.55,90,91,1022,1022,1022,3.37,1.9,4.7,305,0.11,240,0,0,0,0,0,0,1.5,17.6,9,99,1020,1023,*
H,1,17,3,5,7.45,7,8,91.82,91,94,1022,1022,1022,3.48,2.3,5,312,0.16,239,0,0,0,0,0,0,*
H,2,17,3,5,6.13,5.5,7.2,96.12,93,99,1022,1022,1022,3.42,1.9,4.7,31,1.06,240,0,0,0,0,0,0,*
H,3,17,3,5,5.54,5.2,5.9,99,99,99,1022,1022,1022,3.41,1.9,4.4,83,0.11,240,0,0,0,0,0,0,*
H,4,17,3,5,5,4.3,5.6,99,99,99,1021.46,1021,1022,3.53,2.6,4.4,27,0.33,240,0,0,0,0,0,0,*
H,5,17,3,5,4.67,4.5,4.8,99,99,99,1021.61,1021,1022,3.67,2.6,4.7,15,0.2,240,0,0,0,0,0,0,*
H,6,17,3,5,4.49,4.2,4.7,99,99,99,1022,1022,1022,3.7,2.6,4.7,32,0.42,240,0,0,0,0,0,0,*
H,7,17,3,5,4.36,4.2,4.5,99,99,99,1022,1022,1022,10.1,0,35.5,28,0.21,239,0,0,0,0,0,0,*
H,8,17,3,5,5.09,4.4,6,99,99,99,1022,1022,1022,95.34,36.5,164.4,11,0.15,240,0,0,0,0,0,0,*
H,9,17,3,5,7.27,6,8.5,98.48,95,99,1022,1022,1022,241.91,165.1,326.6,14,0.26,241,0,0,0,0,0,0,*
H,10,17,3,5,9.57,8.5,10.8,91.46,84,95,1022,1022,1022,391.94,326.9,449.4,31,0.47,240,0,0,0,0,0,0,*
H,11,17,3,5,11.65,10.7,12.9,79.49,73,84,1022,1022,1022,502.59,448,563.1,31,0.61,239,0,0,0,0,0,0,*
H,12,17,3,5,13.7,12.9,14.7,34.32,16,73,1021.35,1021,1022,575.7,560.4,589.5,102,0.91,240,0,0,0,0,0,0,*
H,13,17,3,5,15.41,14,16.6,14.24,9,21,1020.84,1020,1021,579.57,562.4,592.5,201,1.02,240,0,0,0,0,0,0,*
H,14,17,3,5,15.97,15,17.1,19.11,14,27,1020,1020,1020,533.93,465.9,563.8,272,1.1,240,0,0,0,0,0,0,*
H,15,17,3,5,16.9,16.2,17.5,29.55,26,35,1019.16,1019,1020,444.38,395.1,488.5,231,0.63,240,0,0,0,0,0,0,*
H,16,17,3,5,17.05,16.5,17.4,38.17,34,42,1019,1019,1019,331.29,281.8,394.4,188,0.67,240,0,0,0,0,0,0,*
H,17,17,3,5,16.57,15.9,17.5,39.43,36,43,1019,1019,1019,180.94,106.7,310.6,173,0.42,240,0,0,0,0,0,0,*
H,18,17,3,5,14.65,13.5,16,34.85,33,38,1019,1019,1019,62.38,14.9,124.1,155,0.36,240,0,0,0,0,0,0,*
H,19,17,3,5,12.43,11.6,13.6,30.5,21,35,1019,1019,1019,3.92,0,14.9,165,0.32,240,0,0,0,0,0,0,*
H,20,17,3,5,10.95,10.4,11.6,16.08,9,23,1019,1019,1019,3.21,1.9,4.5,180,0.45,240,0,0,0,0,0,0,*
H,21,17,3,5,10.08,9.6,10.6,18.51,10,30,1019.63,1019,1020,3.34,2.3,4.4,278,1.08,240,0,0,0,0,0,0,*
H,22,17,3,5,9,8.6,9.6,37.96,30,44,1020,1020,1020,3.46,2.6,4.4,354,0.24,240,0,0,0,0,0,0,*
H,23,17,3,5,8.31,7.9,8.8,51.13,43,58,1020,1020,1020,3.48,2.3,4.7,6,0.13,240,0,0,0,0,0,0,*
H,0,18,3,5,7.9,7.4,8.3,60.23,57,66,1019.61,1019,1020,3.51,2.3,4.7,5,0.14,241,0,0,0,0,0,0,4.2,17.5,9,99,1019,1022,*
H,1,18,3,5,6.91,6.3,7.6,77.47,66,85,1019,1019,1019,3.47,1.9,4.7,46,0.37,239,0,0,0,0,0,0,*
H,2,18,3,5,6.47,6.2,6.7,88.06,84,90,1019.03,1019,1020,3.46,1.9,4.7,28,0.25,240,0,0,0,0,0,0,*
H,3,18,3,5,5.98,5.8,6.5,92.16,90,93,1019,1019,1019,3.57,2.3,5,19,0.25,240,0,0,0,0,0,0,*
H,4,18,3,5,5.76,5.7,5.9,92.85,92,93,1018.6,1018,1019,3.64,2.6,4.7,5,0.18,241,0,0,0,0,0,0,*
H,5,18,3,5,5.75,5.1,6.1,92.25,91,94,1018.04,1018,1019,3.63,2.6,4.4,34,0.64,240,0,0,0,0,0,0,*
H,6,18,3,5,5.33,4.8,5.7,94.04,93,96,1018.71,1018,1019,3.56,2.6,4.7,39,0.63,240,0,0,0,0,0,0,*
H,7,18,3,5,5.34,4.9,5.7,96.14,95,98,1019,1019,1019,8.92,0,30.7,17,0.34,240,0,0,0,0,0,0,*
H,8,18,3,5,6.06,5.2,7.4,95.55,94,97,1019,1019,1019,101.67,25.9,175.4,353,0.39,240,0,0,0,0,0,0,*
H,9,18,3,5,8.66,7.5,10,86.93,82,94,1019,1019,1019,258.82,163.7,335.5,354,0.28,240,0,0,0,0,0,0,*
H,10,18,3,5,11.27,10,12.5,57.27,30,81,1019,1019,1019,413.49,333.4,482.8,311,0.7,240,0,0,0,0,0,0,*
H,11,18,3,5,13.68,12.6,14.9,17.61,9,30,1019,1019,1019,534.39,478.4,578.9,290,0.83,240,0,0,0,0,0,0,*
H,12,18,3,5,15.3,14.3,16.3,31.25,19,38,1018.22,1018,1019,594.63,572,616.1,244,1.15,240,0,0,0,0,0,0,*
H,13,18,3,5,16.8,15.8,17.7,42.07,38,47,1017.8,1017,1018,604.18,590.9,618.6,222,1.26,240,0,0,0,0,0,0,*
H,14,18,3,5,17.92,17,19,48.77,45,52,1016.98,1016,1017,559.09,464.8,601.4,236,1.02,239,0,0,0,0,0,0,*
H,15,18,3,5,18.7,17.9,19.6,53.8,51,57,1016,1016,1017,484.48,425,539,251,1.07,240,0,0,0,0,0,0,*
H,16,18,3,5,19.3,18.9,19.8,58,56,61,1015.1,1015,1016,371.8,300.4,426.4,255,0.57,240,0,0,0,0,0,0,*
H,17,18,3,5,19.28,18.9,20,58.5,57,60,1014.38,1014,1015,219.71,133.9,300.4,240,0.64,240,0,0,0,0,0,0,*
H,18,18,3,5,17.64,16.1,19.3,51.28,43,58,1014,1014,1014,70.43,17.7,134.1,182,0.48,240,0,0,0,0,0,0,*
H,19,18,3,5,15.06,14.3,16.1,34.93,26,43,1014,1014,1014,4.26,0,17,174,0.3,240,0,0,0,0,0,0,*
H,20,18,3,5,13.81,13.3,14.3,18.85,14,26,1014,1014,1014,3.04,2,4,180,0.22,240,0,0,0,0,0,0,*
H,21,18,3,5,12.51,11.6,13.2,14.56,9,27,1014,1014,1014,3.15,2.1,4,189,0.65,240,0,0,0,0,0,0,*
H,22,18,3,5,10.54,10.1,11.7,44.75,27,58,1014,1014,1014,3.44,2.1,4.7,31,0.53,240,0,0,0,0,0,0,*
H,23,18,3,5,9.85,9.4,10.2,65.88,58,71,1014,1014,1014,3.37,2.3,4.4,321,0.59,240,0,0,0,0,0,0,*
H,0,19,3,5,8.97,8.4,9.4,76.4,71,81,1013.59,1013,1014,3.33,1.9,4,342,1.02,240,0,0,0,0,0,0,4.8,20,9,98,1013,1020,*
H,1,19,3,5,8.04,7.6,9.3,83.09,77,88,1013,1013,1013,3.4,2.3,4.4,208,0.53,240,0,0,0,0,0,0,*
H,2,19,3,5,7.43,6.9,8.4,88.34,86,91,1012.51,1012,1013,3.48,2.3,4.7,11,0.61,240,0,0,0,0,0,0,*
H,3,19,3,5,7.04,6.6,7.3,93.63,91,95,1011.84,1011,1012,3.5,2.3,4.7,17,0.27,240,0,0,0,0,0,0,*
H,3.15,19,3,5,6.5,6.3,6.6,94.54,94,95,1011,1011,1011,3.42,2.3,4.4,56,0.22,59,0,0,0,0,0,0,*
H,4,19,3,5,6.11,5.9,6.4,96.32,95,98,1011,1011,1011,3.54,2.3,5,34,0.35,179,0,0,0,0,0,0,*
H,5,19,3,5,5.84,5.6,6,98.59,98,99,1011,1011,1011,3.54,2.6,4.7,27,0.3,241,0,0,0,0,0,0,*
H,6,19,3,5,5.9,5.7,6,99,99,99,1011,1011,1011,3.57,2.6,4.7,26,0.28,240,0,0,0,0,0,0,*
H,7,19,3,5,5.92,5.7,6.1,99,99,99,1010.94,1010,1011,9.46,0,27,12,0.26,240,0,0,0,0,0,0,*
H,8,19,3,5,6.5,6,7.1,98.64,97,99,1010.86,1010,1011,49.44,27.2,94.3,15,0.24,240,0,0,0,0,0,0,*
H,9,19,3,5,8.14,7.1,9.3,94.87,91,97,1011,1011,1011,134.58,98.7,200.7,40,0.38,240,0,0,0,0,0,0,*
H,10,19,3,5,10.76,9.2,13,82,65,91,1010.73,1010,1011,371.7,158.3,543.8,42,0.53,240,0,0,0,0,0,0,*
H,11,19,3,5,13.56,12.7,14.3,25.61,9,63,1010,1010,1010,432.39,287.9,643.4,72,0.62,240,0,0,0,0,0,0,*
H,12,19,3,5,15.21,13.9,16.4,20.33,11,28,1010,1010,1010,545.28,292.1,637.4,97,0.77,240,0,0,0,0,0,0,*
H,13,19,3,5,16.69,15.5,17.8,38.92,26,46,1009.2,1009,1010,609.59,531.3,640.1,100,1.06,240,0,0,0,0,0,0,*
H,14,19,3,5,17.64,16.8,18.6,47.77,45,52,1008.03,1007,1009,605.18,566.4,642.2,44,0.93,240,0,0,0,0,0,0,*
H,15,19,3,5,18.79,18.1,19.6,53.91,51,56,1007.05,1007,1008,530.68,489,576.3,119,0.86,240,0,0,0,0,0,0,*
H,16,19,3,5,18.8,18.2,19.9,52.29,46,56,1007,1007,1007,280.34,123.4,510.2,82,0.68,240,0,0,0,0,0,0,*
H,17,19,3,5,17.76,17.3,18.2,40.87,35,46,1006.99,1006,1007,138.94,88.2,217.8,119,0.36,240,0,0,0,0,0,0,*
H,18,19,3,5,16.75,16,17.3,32.13,29,35,1007,1007,1007,86.38,24.6,130.9,130,0.4,240,0,0,0,0,0,0,*
H,19,19,3,5,14.91,14.1,16,19.2,9,30,1007,1007,1007,5.42,0,23.9,144,0.26,240,0,0,0,0,0,0,*
H,20,19,3,5,13.48,12.9,14.1,16.9,9,26,1007,1007,1007,3.29,2.3,4.4,153,0.24,240,0,0,0,0,0,0,*
H,21,19,3,5,12.47,11.7,12.9,36.87,26,48,1007.02,1007,1008,3.32,2.1,4.4,345,1.09,240,0,0,0,0,0,0,*
H,22,19,3,5,11.25,10.6,11.9,55.25,48,64,1007.75,1007,1008,3.34,2.3,4.7,40,0.77,239,0,0,0,0,0,0,*
H,23,19,3,5,10.46,10.1,10.9,71.89,64,76,1008,1008,1008,3.38,2.3,4.7,25,0.46,240,0,0,0,0,0,0,*
H,0,20,3,5,10.21,9.5,10.8,75.12,73,80,1008.51,1008,1009,3.39,2.6,4.4,27,0.41,240,0,0,0,0,0,0,5.6,19.9,9,99,1006,1011,*
H,1,20,3,5,9.87,9.3,11,77.79,69,82,1009,1009,1009,3.14,2.3,4.4,91,0.33,239,0,0,0,0,0,0,*
H,2,20,3,5,10.36,9.8,10.7,70.52,69,73,1009,1009,1009,3.31,2.3,4.4,81,0.26,240,0,0,0,0,0,0,*
H,3,20,3,5,9.12,8.6,9.8,78.52,73,84,1009.48,1009,1010,3.39,1.9,4.7,57,0.4,241,0,0,0,0,0,0,*
H,4,20,3,5,8.27,7.8,8.6,86.25,84,89,1009.99,1009,1010,3.33,2.3,4.4,73,0.32,240,0,0,0,0,0,0,*
H,5,20,3,5,7.74,7.3,8,76.71,71,89,1010,1010,1010,3.27,1.9,4.7,67,0.31,240,0,0,0,0,0,0,*
H,6,20,3,5,6.82,6.4,7.3,71.07,71,72,1010,1010,1010,3.3,1.9,4.4,70,0.3,240,0,0,0,0,0,0,*
H,7,20,3,5,6.07,5.9,6.4,70.57,70,71,1010,1010,1010,18.69,0,55.3,54,0.26,240,0,0,0,0,0,0,*
H,8,20,3,5,6.79,6.1,7.7,69.1,67,71,1010.93,1010,1011,136.22,44,236.6,28,0.39,240,0,0,0,0,0,0,*
H,9,20,3,5,8.51,7.7,9.2,42.52,23,68,1011,1011,1011,321.94,224,396.4,41,0.37,240,0,0,0,0,0,0,*
H,10,20,3,5,9.59,9,10.3,14.06,9,26,1011,1011,1011,409.92,343,486,46,0.39,240,0,0,0,0,0,0,*
H,11,20,3,5,10.66,9.8,11.6,14.96,10,29,1011,1011,1011,414.59,360.4,479.8,48,0.38,240,0,0,0,0,0,0,*
H,12,20,3,5,11.77,11.1,12.4,34.92,22,49,1010.99,1010,1011,480.36,406.6,660.8,41,0.44,240,0,0,0,0,0,0,*
H,13,20,3,5,12.71,12,13.5,48.57,43,53,1010.31,1010,1011,538.47,442.5,750.7,46,0.4,240,0,0,0,0,0,0,*
H,14,20,3,5,13.32,12.5,14.4,46.14,36,55,1009.99,1009,1010,525.54,415,694.9,56,0.5,240,0,0,0,0,0,0,*
H,15,20,3,5,13.76,13.1,14.1,55.51,52,58,1009.62,1009,1010,393.69,302.4,507.6,56,0.66,240,0,0,0,0,0,0,*
H,16,20,3,5,13.88,13.6,14.3,57.33,56,59,1009,1009,1009,352.11,260.3,435.3,29,0.5,240,0,0,0,0,0,0,*
H,17,20,3,5,13.81,13.6,14.1,57.51,55,58,1009,1009,1009,227.83,148.8,312,46,0.55,240,0,0,0,0,0,0,*
H,18,20,3,5,13.36,12.9,13.8,56.47,55,58,1009,1009,1009,74.44,18.4,147.4,41,0.34,240,0,0,0,0,0,0,*
H,19,20,3,5,12.37,12.1,12.9,52.91,50,56,1009,1009,1009,4.73,0,18.4,34,0.2,240,0,0,0,0,0,0,*
H,20,20,3,5,12.05,11.9,12.1,48.98,48,50,1009,1009,1009,3.24,2.3,4.4,36,0.15,240,0,0,0,0,0,0,*
H,21,20,3,5,11.67,11.5,12,44.75,41,48,1009.16,1009,1010,3.3,1.9,4.4,67,0.61,240,0,0,0,0,0,0,*
H,22,20,3,5,11.29,10.9,11.6,47.9,44,50,1009.83,1009,1010,3.23,2.3,4,96,0.24,240,0,0,0,0,0,0,*
H,23,20,3,5,10.54,10.3,10.9,40.87,37,46,1010,1010,1010,3.27,2.3,4,79,0.39,240,0,0,0,0,0,0,*
H,0,21,3,5,10.11,9.8,10.3,48.17,38,51,1010,1010,1010,3.27,2.3,4.4,46,0.35,240,0,0,0,0,0,0,5.9,14.4,9,89,1008,1011,*
H,1,21,3,5,9.29,8.9,9.8,40.12,39,44,1009.65,1009,1010,3.38,2.6,4.7,16,0.28,240,0,0,0,0,0,0,*
H,2,21,3,5,8.86,8.7,9,41.87,39,43,1009.25,1009,1010,3.35,1.9,4.4,12,0.22,240,0,0,0,0,0,0,*
H,3,21,3,5,8.59,8.4,8.8,40.85,40,42,1009,1009,1009,3.34,1.9,4.4,12,0.25,240,0,0,0,0,0,0,*
H,4,21,3,5,8.31,8.2,8.4,38.92,38,41,1009,1009,1009,3.36,2.3,4.4,9,0.27,240,0,0,0,0,0,0,*
H,5,21,3,5,8.18,8.1,8.2,37.3,35,39,1008.42,1008,1009,3.41,2.3,4.4,12,0.25,240,0,0,0,0,0,0,*
H,6,21,3,5,8.04,8,8.2,31.98,29,35,1008.05,1008,1009,3.4,1.9,4.7,14,0.25,240,0,0,0,0,0,0,*
H,7,21,3,5,8,7.9,8.1,29.32,28,31,1008.19,1008,1009,5.05,0,16.7,16,0.26,241,0,0,0,0,0,0,*
H,8,21,3,5,8.3,8.1,8.7,31.12,28,35,1009,1009,1009,35.26,15.6,51.9,21,0.27,240,0,0,0,0,0,0,*
H,9,21,3,5,8.86,8.6,9.2,37.09,34,41,1009,1009,1009,78.26,51.9,103.5,29,0.3,240,0,0,0,0,0,0,*
H,10,21,3,5,9.41,9,9.8,41.16,39,43,1009.47,1009,1010,123.02,103.9,147.7,37,0.42,240,0,0,0,0,0,0,*
H,11,21,3,5,9.95,9.6,10.4,43.52,41,47,1009.99,1009,1010,177.16,114.1,232.8,33,0.38,240,0,0,0,0,0,0,*
H,12,21,3,5,10.8,10.2,11.6,49.04,45,53,1009.28,1009,1013,267.93,229.1,326.3,55,0.72,240,0,0,0,0,0,0,*
H,13,21,3,5,12.05,11.1,13,53.18,52,55,1009,1009,1009,399.61,327.3,441.6,39,0.61,240,0,0,0,0,0,0,*
H,14,21,3,5,13.14,12.2,14,58.3,54,63,1008.4,1008,1009,563.96,440.3,782.4,54,0.97,240,0,0,0,0,0,0,*
H,15,21,3,5,14.1,13.5,14.7,63.38,61,65,1008,1008,1008,515.55,383.8,636.7,10,1.16,240,0,0,0,0,0,0,*
H,15.48,21,3,5,14.66,14,15.4,64.47,63,66,1007.85,1007,1008,397.54,321.9,510.7,109,1.09,191,0,0,0,0,0,0,*
H,16,21,3,5,14.5,14.3,14.7,65,65,65,1007,1007,1007,336.45,322.2,353,65,0.3,47,0,0,0,0,0,0,*
H,17,21,3,5,15.19,14.6,15.7,65.73,65,66,1007,1007,1007,234.94,151.1,322.2,246,1.36,240,0,0,0,0,0,0,*
H,18,21,3,5,14.66,13.4,15.5,62.07,54,66,1007.19,1007,1008,78.41,15.6,150.4,246,0.73,240,0,0,0,0,0,0,*
H,19,21,3,5,12.67,12.2,13.4,47.67,42,54,1008,1008,1008,4.52,0,16.3,201,0.39,240,0,0,0,0,0,0,*
H,20,21,3,5,11.68,10.9,12.2,39.09,35,42,1008,1008,1008,3.23,2.3,4.4,256,0.24,240,0,0,0,0,0,0,*
H,21,21,3,5,10.61,10.1,11.1,30.54,23,37,1008.26,1008,1009,3.33,2.3,4.4,280,0.23,240,0,0,0,0,0,0,*
H,22,21,3,5,9.71,9.2,10.3,15.54,10,23,1009,1009,1009,3.36,2.3,4.4,289,0.16,240,0,0,0,0,0,0,*
H,23,21,3,5,8.31,7.4,9.2,19.9,9,34,1009,1009,1009,3.49,2.3,4.7,269,0.11,240,0,0,0,0,0,0,*
H,0,22,3,5,7.12,6.8,7.6,42.85,34,47,1009,1009,1009,3.35,1.9,4.7,24,0.59,240,0,0,0,0,0,0,6.8,15.7,9,67,1007,1009,*
H,1,22,3,5,6.41,5.5,7.2,52.36,47,64,1009.61,1009,1010,3.52,1.6,4.7,15,0.21,240,0,0,0,0,0,0,*
H,2,22,3,5,5.55,5.4,5.7,73.72,64,80,1010,1010,1010,3.59,2.6,4.7,29,0.25,240,0,0,0,0,0,0,*
H,3,22,3,5,5.5,5.3,5.7,84.77,80,88,1010,1010,1010,3.6,2.6,4.7,14,0.29,240,0,0,0,0,0,0,*
H,4,22,3,5,5.49,5.4,5.6,87.53,87,88,1010,1010,1010,3.67,3,5.4,10,0.12,240,0,0,0,0,0,0,*
H,5,22,3,5,5.54,5.4,5.8,85.4,82,88,1010,1010,1010,3.71,2.6,4.7,6,0.11,240,0,0,0,0,0,0,*
H,6,22,3,5,5.89,5.7,6.3,78.48,74,82,1010,1010,1010,3.51,1.3,4.4,16,0.19,240,0,0,0,0,0,0,*
H,7,22,3,5,6.88,6.3,7.4,68.48,62,74,1010,1010,1010,9.96,0,23.2,27,0.24,240,0,0,0,0,0,0,*
H,8,22,3,5,8.12,7.4,8.6,50.33,42,63,1010.82,1010,1011,61.69,22.8,107.7,52,0.26,241,0,0,0,0,0,0,*
H,9,22,3,5,9.08,8.6,9.6,34.99,27,42,1011.02,1011,1012,139.31,107.3,167.5,49,0.28,240,0,0,0,0,0,0,*
H,10,22,3,5,9.79,9.4,10.3,23.43,18,27,1011.97,1011,1012,164.16,147.3,184.9,46,0.31,240,0,0,0,0,0,0,*
H,11,22,3,5,10.59,10.3,11.2,11.52,9,18,1012,1012,1012,209.6,175.7,237,49,0.38,240,0,0,0,0,0,0,*
H,12,22,3,5,11.63,11,12.3,21.69,12,31,1012,1012,1012,289.51,234.2,362.1,48,0.65,240,0,0,0,0,0,0,*
H,13,22,3,5,12.62,12,13.3,39.53,30,45,1011.72,1011,1012,296.28,262.3,349,86,0.67,240,0,0,0,0,0,0,*
H,14,22,3,5,13.21,12.7,13.8,47.47,44,50,1011,1011,1011,256.38,222.3,298.3,61,0.59,240,0,0,0,0,0,0,*
H,15,22,3,5,13.91,13.3,14.6,53.05,48,56,1010.08,1010,1011,288.04,244.9,336.6,73,0.62,240,0,0,0,0,0,0,*
H,16,22,3,5,14.51,14.1,15,55.73,54,57,1010,1010,1010,203.98,183,243.5,192,1.05,240,0,0,0,0,0,0,*
H,17,22,3,5,14.44,14,15.1,49.72,44,56,1009.97,1009,1010,194.6,137.8,260.3,200,0.62,240,0,0,0,0,0,0,*
H,18,22,3,5,13.26,12.2,14.2,35.57,25,44,1010,1010,1010,52.93,11.8,137.1,164,0.36,240,0,0,0,0,0,0,*
H,19,22,3,5,11.41,10.7,12.8,21.5,11,32,1010,1010,1010,3.86,0,12.3,159,0.3,240,0,0,0,0,0,0,*
H,20,22,3,5,9.98,9.1,10.7,14.06,9,23,1010.39,1010,1011,3.12,1.9,4.4,160,0.31,240,0,0,0,0,0,0,*
H,21,22,3,5,9.33,9,9.7,33.15,24,39,1011,1011,1011,3.3,2.3,4.4,250,0.85,240,0,0,0,0,0,0,*
H,22,22,3,5,8.84,8.2,9.3,40.32,36,45,1011.29,1011,1012,3.31,2.3,4.4,265,0.56,240,0,0,0,0,0,0,*
H,23,22,3,5,8.77,8.6,8.9,44.22,42,48,1012,1012,1012,3.38,2.3,4.7,277,0.26,240,0,0,0,0,0,0,*
H,0,23,3,5,8.25,8,8.6,54.1,48,59,1012,1012,1012,3.43,2.3,4.7,339,0.09,240,0,0,0,0,0,0,5.3,15.1,9,88,1009,1012,*
H,1,23,3,5,7.7,7.3,8.1,58.17,56,62,1012,1012,1012,3.39,2.3,4.7,40,0.38,239,0,0,0,0,0,0,*
H,2,23,3,5,6.97,6.6,7.3,68.32,62,75,1012,1012,1012,3.42,2.3,4.7,28,0.28,240,0,0,0,0,0,0,*
H,3,23,3,5,6.36,6.2,6.6,81.47,75,86,1012,1012,1012,3.45,2.3,4.4,19,0.23,240,0,0,0,0,0,0,*
H,4,23,3,5,6.3,6.2,6.4,87.67,86,88,1012,1012,1012,3.49,2.3,4.4,12,0.17,240,0,0,0,0,0,0,*
H,5,23,3,5,6.53,6.4,6.6,88.31,88,89,1012,1012,1012,3.48,2.6,4.4,13,0.19,241,0,0,0,0,0,0,*
H,6,23,3,5,6.69,6.6,6.8,89.76,89,91,1012,1012,1012,3.46,1.9,4.4,8,0.23,240,0,0,0,0,0,0,*
H,7,23,3,5,6.85,6.7,7.1,92.93,91,94,1012.61,1012,1013,11.5,0,41.7,12,0.23,240,0,0,0,0,0,0,*
H,8,23,3,5,7.44,7.1,7.9,91.35,89,93,1013.23,1013,1014,56.55,41.3,74.8,12,0.28,240,0,0,0,0,0,0,*
H,9,23,3,5,8.44,7.8,9,85.99,83,89,1014,1014,1014,90.92,73.8,109.7,21,0.33,240,0,0,0,0,0,0,*
H,10,23,3,5,9.47,9,10,81.11,79,83,1014.39,1014,1015,120.67,86.1,178.8,22,0.41,240,0,0,0,0,0,0,*
H,11,23,3,5,10.35,10,10.8,75.19,70,79,1015,1015,1015,152.83,133.6,179.1,20,0.36,240,0,0,0,0,0,0,*
H,12,23,3,5,10.96,10.7,11.4,56.37,36,70,1015,1015,1015,133.15,117.5,173.7,26,0.32,240,0,0,0,0,0,0,*
H,13,23,3,5,11.7,11.2,12.1,26.17,15,36,1015,1015,1015,161.19,137.8,191.8,61,0.56,240,0,0,0,0,0,0,*
H,14,23,3,5,12.49,11.9,13.4,12.13,9,19,1014.48,1014,1015,314.07,157.3,464.2,82,0.6,239,0,0,0,0,0,0,*
H,15,23,3,5,13.1,12.6,13.6,12.14,10,15,1014,1014,1014,236.05,140.9,349.6,95,0.48,240,0,0,0,0,0,0,*
H,16,23,3,5,13.3,13,13.8,16.74,13,21,1014,1014,1014,241.15,189.4,352.3,91,0.4,240,0,0,0,0,0,0,*
H,17,23,3,5,13.28,12.9,13.9,17.21,13,22,1014,1014,1014,104.29,64.6,262.3,111,0.44,240,0,0,0,0,0,0,*
H,18,23,3,5,12.76,12.4,13,11.02,9,13,1014,1014,1014,33.33,16.8,64.4,117,0.23,241,0,0,0,0,0,0,*
H,19,23,3,5,12.04,11.7,12.5,13.52,11,18,1014.04,1014,1015,4.81,0.2,18.7,137,0.3,240,0,0,0,0,0,0,*
H,20,23,3,5,11.23,10.8,11.7,25.47,18,32,1014.86,1014,1015,3.27,2.3,4.4,113,0.45,240,0,0,0,0,0,0,*
H,21,23,3,5,10.24,9.4,10.8,41.16,32,53,1015,1015,1015,3.25,2.3,4.4,115,0.48,240,0,0,0,0,0,0,*
H,22,23,3,5,9.04,8.8,9.4,63.61,53,70,1015,1015,1015,3.29,2.3,4.7,118,1.02,240,0,0,0,0,0,0,*
H,23,23,3,5,8.65,8.2,8.9,74.03,70,78,1015,1015,1015,3.34,2.3,4.4,222,0,240,0,0,0,0,0,0,*
H,0,24,3,5,8.21,7.8,8.4,79.47,77,81,1014.87,1014,1015,3.31,2.3,4.4,2,0.76,240,0,0,0,0,0,0,6.2,13.9,9,94,1012,1015,*
H,1,24,3,5,8.09,7.8,8.3,80.25,79,82,1014,1014,1014,3.44,2.3,4.7,13,0.15,240,0,0,0,0,0,0,*
H,2,24,3,5,7.8,7.3,8.1,82.47,82,85,1014,1014,1014,3.4,1.9,4.7,16,0.38,240,0,0,0,0,0,0,*
H,3,24,3,5,6.92,6.7,7.3,87.79,85,89,1013.46,1013,1014,3.49,2.3,5,36,0.27,240,0,0,0,0,0,0,*
H,4,24,3,5,6.52,6.3,6.8,89.25,88,91,1013,1013,1013,3.53,1.9,4.7,0,0.11,240,0,0,0,0,0,0,*
H,5,24,3,5,6.39,6.2,6.6,90.45,90,91,1013,1013,1013,3.51,2.3,4.7,354,0.09,240,0,0,0,0,0,0,*
H,6,24,3,5,6.48,6.3,6.7,89.44,89,90,1013,1013,1013,3.4,2.3,4.7,1,0.06,240,0,0,0,0,0,0,*
H,7,24,3,5,6.68,6.5,7.2,89.12,88,90,1013,1013,1014,9.9,0,27.9,8,0.3,240,0,0,0,0,0,0,*
H,8,24,3,5,7.88,7.2,9.1,86.32,82,89,1013.93,1013,1014,77.75,27.6,124.1,0,0.1,240,0,0,0,0,0,0,*
H,9,24,3,5,9.69,9,10.6,77.96,72,82,1014,1014,1014,185.12,125.1,244.1,34,0.4,240,0,0,0,0,0,0,*
H,10,24,3,5,11.11,10.4,12,70.95,69,73,1014,1014,1014,311.58,181.2,478.7,52,0.73,240,0,0,0,0,0,0,*
H,11,24,3,5,12.23,11.7,12.9,71.67,69,74,1014,1014,1014,472.03,291.8,596.6,111,0.96,240,0,0,0,0,0,0,*
H,12,24,3,5,13.1,12.1,13.7,70.93,69,75,1014,1014,1014,527.94,353.7,667.2,118,0.71,240,0,0,0,0,0,0,*
H,13,24,3,5,13.7,12.8,14.4,64.91,57,70,1013.9,1013,1014,462.15,244.6,680.5,98,0.79,240,0,0,0,0,0,0,*
H,14,24,3,5,14.47,13.8,15.5,51.66,40,57,1013,1013,1013,448.46,277.4,571.7,111,0.77,240,0,0,0,0,0,0,*
H,15,24,3,5,14.82,14.5,15.5,38.97,36,40,1012.6,1012,1013,221.12,123.1,363.9,133,0.54,239,0,0,0,0,0,0,*
H,16,24,3,5,14.65,14.3,15,44.49,39,50,1012,1012,1012,101.16,70.1,136.4,146,0.53,240,0,0,0,0,0,0,*
H,17,24,3,5,14.39,14,14.6,52.06,49,60,1012,1012,1012,105.07,72.4,122.4,143,0.45,240,0,0,0,0,0,0,*
H,18,24,3,5,13.38,12.8,14.1,69.84,60,78,1012.54,1012,1013,51.7,21.8,100.1,160,0.38,240,0,0,0,0,0,0,*
H,19,24,3,5,12.24,11.8,12.8,82.97,78,86,1012.87,1012,1013,5.06,0,21.3,151,0.5,240,0,0,0,0,0,0,*
H,20,24,3,5,11.56,11.3,11.8,89.15,86,91,1012.86,1012,1013,3.27,1.9,4.4,127,0.46,240,0,0,0,0,0,0,*
H,21,24,3,5,11.15,11,11.4,93.56,92,96,1013,1013,1013,3.25,2.3,4.7,110,0.43,240,0,0,0,0,0,0,*
H,22,24,3,5,10.95,10.9,11,97.14,96,98,1013,1013,1013,3.33,2.3,4,16,0.39,240,0,0,0,0,0,0,*
H,23,24,3,5,10.83,10.7,10.9,98.58,98,99,1012.99,1012,1013,3.33,2.6,4.4,8,0.27,240,0,0,0,0,0,0,*
H,0,25,3,5,10.47,10.1,10.8,99,99,99,1012.57,1012,1013,3.28,2.3,4.4,77,0.52,240,0,0,0,0.2,0,0.2,6.2,15.7,36,99,1012,1014,*
H,1,25,3,5,10.1,10,10.2,99,99,99,1012,1012,1012,3.3,2.3,4.4,35,0.35,240,0,0,0,0,0,0,*
H,2,25,3,5,10.03,10,10.2,99,99,99,1012,1012,1012,3.3,2.3,4,41,0.4,240,0,0,0,0.2,0,0.2,*
H,3,25,3,5,10.03,10,10.1,99,99,99,1011.35,1011,1012,3.3,2.3,4.7,7,0.53,240,0,0,0,0,0,0,*
H,4,25,3,5,10.09,10,10.1,99,99,99,1011,1011,1011,3.34,2.3,4.4,8,0.2,240,0,0,0,0.2,0,0.2,*
H,5,25,3,5,10.1,10.1,10.2,99,99,99,1010.29,1010,1011,3.34,2.3,4.4,17,0.31,239,0,0,0,0,0,0,*
H,6,25,3,5,10.09,10,10.1,99,99,99,1010,1010,1010,3.33,2.3,4.4,8,0.25,240,0,0,0,0,0,0,*
H,7,25,3,5,10.1,10.1,10.2,99,99,99,1010,1010,1010,2.44,0,5,354,0.17,241,0,0,0,0.2,0,0.2,*
H,8,25,3,5,10.23,10.1,10.3,99,99,99,1010,1010,1010,18.08,1.6,64.9,0,0.2,240,0,0,0,0,0,0,*
H,9,25,3,5,10.76,10.3,11.2,99,99,99,1010,1010,1010,112.05,59.7,185.3,8,0.22,240,0,0,0,0,0,0,*
H,10,25,3,5,11.61,11.1,12.4,99,99,99,1010,1010,1010,183.39,72,396.4,11,0.3,240,0,0,0,0.2,0,0.2,*
H,11,25,3,5,12.67,12.1,13.2,98.95,98,99,1010,1010,1010,313.1,227.7,453.2,14,0.34,240,0,0,0,0,0,0,*
H,12,25,3,5,13.52,12.8,14.6,92.57,88,99,1010,1010,1010,411.85,183,817,46,0.75,240,0,0,0,0,0,0,*
H,13,25,3,5,13.95,13.6,14.3,89.22,88,92,1009.26,1009,1010,241.84,194.3,279.4,77,0.68,239,0,0,0,0,0,0,*
H,14,25,3,5,14.1,13.9,14.3,87.72,86,91,1008.77,1008,1009,196.66,154.6,284.3,72,0.48,240,0,0,0,0,0,0,*
H,15,25,3,5,14.36,13.9,14.8,87.93,86,92,1008,1008,1008,165.67,58,282.5,126,0.86,240,0,0,0,0,0,0,*
H,16,25,3,5,14.56,14.1,15.1,85.57,82,88,1008,1008,1008,281.91,71.8,456,34,0.43,240,0,0,0,0,0,0,*
H,17,25,3,5,14.47,14.1,15,86.72,83,89,1008,1008,1008,125.28,60.1,307.5,39,0.38,240,0,0,0,0,0,0,*
H,18,25,3,5,13.71,13.2,14.1,91.93,88,96,1008,1008,1008,38.95,9.6,62.9,54,0.3,240,0,0,0,0,0,0,*
H,19,25,3,5,12.77,12.5,13.2,98.65,96,99,1008,1008,1008,2.6,0,9.8,53,0.32,240,0,0,0,0,0,0,*
H,20,25,3,5,12.19,12,12.5,99,99,99,1008,1008,1008,3.28,2.3,4,67,0.29,240,0,0,0,0,0,0,*
H,21,25,3,5,11.87,11.8,12,99,99,99,1008,1008,1008,3.31,2.3,4.4,82,0.37,240,0,0,0,0,0,0,*
H,22,25,3,5,11.77,11.6,11.8,99,99,99,1008.05,1008,1009,3.32,2.3,4.4,99,0.33,240,0,0,0,0,0,0,*
H,23,25,3,5,11.68,11.5,11.8,99,99,99,1008.87,1008,1009,3.3,2.3,4.4,87,0.71,240,0,0,0,0,0,0,*
H,0,26,3,5,11.47,11.4,11.6,99,99,99,1008.63,1008,1009,3.35,2.3,4.4,107,1.08,240,0,0,0,0,0,0,9.9,15.1,82,99,1008,1012,*
H,1,26,3,5,11.08,10.8,11.5,99,99,99,1008,1008,1008,3.36,2.3,4.4,152,0.38,240,0,0,0,0,0,0,*
H,2,26,3,5,10.85,10.8,11,99,99,99,1008,1008,1008,3.35,2.3,4.4,127,0.95,240,0,0,0,0,0,0,*
H,3,26,3,5,10.8,10.7,10.9,99,99,99,1007.77,1007,1008,3.3,2.3,4.4,35,0.46,240,0,0,0,0,0,0,*
H,4,26,3,5,10.79,10.7,10.9,99,99,99,1007,1007,1007,3.33,2.3,4.4,21,0.3,240,0,0,0,0,0,0,*
H,5,26,3,5,10.72,10.4,10.9,99,99,99,1006.06,1006,1007,3.38,2.3,4.4,81,0.48,240,0,0,0,0.2,0,0.2,*
H,6,26,3,5,10.38,10.3,10.5,99,99,99,1006,1006,1006,3.32,2.3,4.4,81,0.42,240,0,0,0,0,0,0,*
H,7,26,3,5,10.49,10.4,10.6,99,99,99,1006,1006,1006,4.08,0.2,12.5,35,0.36,240,0,0,0,0,0,0,*
H,8,26,3,5,10.54,10.3,10.7,99,99,99,1006,1006,1006,15.84,7.8,33.4,79,0.41,240,0,0,0,0,0,0,*
H,9,26,3,5,10.23,10.1,10.4,99,99,99,1006,1006,1006,31.59,16,48.8,99,0.53,240,0,0,0,0,0,0,*
H,10,26,3,5,10.43,10.2,10.7,99,99,99,1005.99,1005,1006,96.41,43,148.7,51,0.4,240,0,0,0,0,0,0,*
H,11,26,3,5,11,10.6,11.4,99,99,99,1005.01,1005,1006,157.98,117.9,227.1,30,0.39,240,0,0,0,0,0,0,*
H,12,26,3,5,11.76,11.2,12.1,99,99,99,1005,1005,1005,122.7,72.4,182.6,49,0.52,240,0,0,0,0,0,0,*
H,13,26,3,5,12.3,12.1,12.6,99,99,99,1004.45,1004,1005,110.89,47.8,184.6,84,0.46,239,0,0,0,0,0,0,*
H,14,26,3,5,12.83,12.5,13.2,99,99,99,1003.92,1003,1005,132.14,68.7,218.1,4,0.46,240,0,0,0,0,0,0,*
H,15,26,3,5,13.32,13.1,13.5,98.82,98,99,1003,1003,1003,129.6,53.3,222.6,31,0.42,240,0,0,0,0,0,0,*
H,16,26,3,5,13.38,13.1,13.6,98.78,98,99,1002.94,1002,1003,86.28,36.7,150.1,70,0.51,240,0,0,0,0,0,0,*
H,17,26,3,5,13.37,13.1,13.6,99,99,99,1002,1002,1002,90.65,48.5,132.9,61,0.33,240,0,0,0,0,0,0,*
H,18,26,3,5,13.22,13,13.5,99,99,99,1002,1002,1002,19.87,5.7,71.9,74,0.28,240,0,0,0,0,0,0,*
H,19,26,3,5,12.79,12.4,13.1,99,99,99,1002,1002,1002,3.03,0,7.8,93,0.37,240,0,0,0,0,0,0,*
H,20,26,3,5,12.17,11.9,12.4,99,99,99,1002.72,1002,1003,3.31,2.3,4.4,85,0.5,240,0,0,0,0,0,0,*
H,21,26,3,5,11.84,11.7,12,99,99,99,1003,1003,1003,3.32,2.3,4.4,69,0.3,240,0,0,0,0,0,0,*
H,22,26,3,5,11.57,11.3,11.7,99,99,99,1002.01,1002,1003,3.39,2.3,4.4,61,0.24,240,0,0,0,0,0,0,*
H,23,26,3,5,10.91,10.7,11.3,99,99,99,1002,1002,1002,3.34,2.3,4.4,28,0.29,240,0,0,0,0,0,0,*
H,0,27,3,5,10.77,10.6,10.8,99,99,99,1002,1002,1002,3.34,2.3,4.4,42,1.02,240,0,0,0,0,0,0,10.1,13.6,98,99,1002,1008,*
H,1,27,3,5,10.81,10.8,10.9,99,99,99,1002,1002,1002,3.32,2.3,4,111,1.06,239,0,0,0,0,0,0,*
H,2,27,3,5,10.81,10.7,10.9,99,99,99,1001.16,1001,1002,3.32,2.3,4.4,13,1.08,239,0,0,0,0,0,0,*
H,3,27,3,5,10.79,10.7,10.9,99,99,99,1001,1001,1001,3.32,2.3,4.4,89,0.78,240,0,0,0,0,0,0,*
H,4,27,3,5,10.78,10.7,10.8,99,99,99,1000.17,1000,1001,3.35,2.3,4.4,51,0.29,240,0,0,0,0,0,0,*
H,5,27,3,5,10.79,10.7,10.8,99,99,99,1000,1000,1000,3.32,2.3,4,48,0.23,241,0,0,0,0,0,0,*
H,6,27,3,5,10.8,10.7,10.9,99,99,99,1000,1000,1000,3.22,2.3,4.7,47,0.36,240,0,0,0,0,0,0,*
H,7,27,3,5,10.81,10.8,10.9,99,99,99,1000,1000,1000,4.7,0,9.5,49,0.72,240,0,0,0,0,0,0,*
H,8,27,3,5,10.75,10.6,10.9,99,99,99,1000,1000,1000,11.27,4.4,23.9,8,0.23,240,0,0,0,0,0,0,*
H,9,27,3,5,10.99,10.5,12,99,99,99,999.39,999,1000,197.44,13.6,447,10,0.28,240,0,0,0,0,0,0,*
H,10,27,3,5,12.29,11.9,12.6,99,99,99,999.69,999,1000,167.73,106.6,375.5,46,0.36,239,0,0,0,0.2,0,0.2,*
H,11,27,3,5,12.72,12.5,13.2,99,99,99,999.27,999,1000,163.12,68,330.7,57,0.34,239,0,0,0,0,0,0,*
H,12,27,3,5,13.15,12.7,14.3,99,99,99,998.92,998,999,248.71,117.9,807.8,45,0.32,240,0,0,0,0,0,0,*
H,13,27,3,5,14.31,13.9,14.8,95.92,94,99,998.01,998,999,271.02,212.9,454.5,64,0.44,240,0,0,0,0,0,0,*
H,14,27,3,5,15.11,14.5,16.2,91.85,89,95,997.42,997,998,364.82,266.1,714.7,68,0.39,240,0,0,0,0,0,0,*
H,15,27,3,5,16.25,15.7,17.1,83.32,79,88,996.58,996,997,392.02,219.2,699.6,70,0.57,240,0,0,0,0,0,0,*
H,16,27,3,5,16.64,16.4,17.4,74.85,73,79,996,996,996,207.36,103.2,627.1,89,0.48,240,0,0,0,0,0,0,*
H,17,27,3,5,15.97,14.7,16.6,79.78,73,95,996,996,996,85.37,41.3,124.5,97,0.79,240,0,0,0,0,0,0,*
H,18,27,3,5,14.27,13.7,14.8,98.17,95,99,996,996,996,56.62,33.1,84.8,150,0.4,240,0,0,0,0,0,0,*
H,19,27,3,5,13.38,13,13.8,99,99,99,996,996,996,7.52,0,32.7,161,0.49,240,0,0,0,0,0,0,*
H,20,27,3,5,12.81,12.5,13.1,99,99,99,996.57,996,997,3.28,2.3,4,166,0.37,240,0,0,0,0,0,0,*
H,21,27,3,5,12.47,12.3,12.6,99,99,99,997,997,997,3.28,2.3,4,152,0.36,241,0,0,0,0,0,0,*
H,22,27,3,5,11.84,11.5,12.3,99,99,99,997,997,997,3.34,2.6,4,156,0.5,240,0,0,0,0,0,0,*
H,23,27,3,5,11.7,11.5,11.8,99,99,99,997,997,997,3.31,2.3,4.4,266,0.48,239,0,0,0,0,0,0,*
H,0,28,3,5,11.35,11.2,11.6,99,99,99,997,997,997,3.34,2.6,4.4,161,0.76,241,0,0,0,0,0,0,10.5,17.4,73,99,995,1002,*
H,1,28,3,5,11.07,10.7,11.3,99,99,99,997,997,997,3.32,2.3,4.4,234,0.63,239,0,0,0,0,0,0,*
H,2,28,3,5,10.46,10.1,10.9,99,99,99,997,997,997,3.41,2.3,4.4,260,0.6,240,0,0,0,0,0,0,*
H,3,28,3,5,9.92,9.6,10.2,99,99,99,997.11,997,998,3.35,2.3,4.4,252,0.77,240,0,0,0,0,0,0,*
H,4,28,3,5,9.67,9.6,9.8,99,99,99,998,998,998,3.35,2.3,4.4,102,0.66,239,0,0,0,0,0,0,*
H,5,28,3,5,9.32,8.9,9.7,99,99,99,998,998,998,3.4,2.3,4.4,37,0.6,240,0,0,0,0,0,0,*
H,6,28,3,5,8.68,8.4,8.9,99,99,99,998.24,998,999,3.2,1.6,4.4,22,0.36,240,0,0,0,0,0,0,*
H,7,28,3,5,8.95,8.5,9.2,99,99,99,999,999,999,12.01,0.2,31,28,0.43,240,0,0,0,0,0,0,*
H,8,28,3,5,9.37,9.2,9.8,99,99,99,999.68,999,1000,53.58,27.6,91.2,59,0.7,240,0,0,0,0,0,0,*
H,9,28,3,5,9.84,9.5,10.3,99,99,99,1000.29,1000,1001,103.76,79.3,126.5,44,0.96,240,0,0,0,0.2,0,0.2,*
H,10,28,3,5,10.5,9.9,11.2,99,99,99,1001,1001,1001,209.05,123.4,349.9,269,0.88,240,0,0,0,0,0,0,*
H,11,28,3,5,11.92,11.1,13.1,99,99,99,1001,1001,1001,538.95,340.3,791.8,255,1.01,240,0,0,0,0,0,0,*
H,12,28,3,5,14.81,12.2,17.2,94.6,84,99,1001,1001,1001,686.82,653.5,714.1,216,0.43,240,0,0,0,0,0,0,*
H,13,28,3,5,17.29,16.5,18.3,82.31,78,86,1001,1001,1001,689.44,656.9,713.6,220,0.36,240,0,0,0,0,0,0,*
H,14,28,3,5,18.55,17.1,19.6,56.57,20,79,1000.8,1000,1001,652.31,605.6,691.4,214,0.38,240,0,0,0,0,0,0,*
H,15,28,3,5,19.71,19,20.6,19.45,10,30,1000,1000,1000,565.25,511.4,623.3,215,0.48,240,0,0,0,0,0,0,*
H,16,28,3,5,20.1,19.2,20.7,13.06,9,20,1000,1000,1000,439.76,365,509.7,228,0.45,239,0,0,0,0,0,0,*
H,17,28,3,5,19.88,19.2,20.6,14,10,24,1000,1000,1001,226.94,87.2,365,229,0.42,240,0,0,0,0,0,0,*
H,18,28,3,5,18.9,18.4,19.3,16.12,9,25,1000.99,1000,1001,55.17,21.5,86.8,244,0.32,240,0,0,0,0,0,0,*
H,19,28,3,5,17.73,16.7,18.5,35.42,25,47,1001.18,1001,1002,6.67,0.2,22.1,240,0.63,240,0,0,0,0,0,0,*
H,20,28,3,5,15.51,13.5,16.7,65.73,47,95,1002.02,1002,1003,3.27,2,4.4,127,0.18,240,0,0,0,0,0,0,*
H,21,28,3,5,12.44,11.9,13.5,98.65,96,99,1002.97,1002,1003,3.31,1.8,4.1,130,0.34,240,0,0,0,0,0,0,*
H,22,28,3,5,11.3,10.8,12,99,99,99,1003.63,1003,1004,3.29,2.3,4.4,99,0.44,241,0,0,0,0,0,0,*
H,23,28,3,5,10.67,10.4,10.9,99,99,99,1004,1004,1004,3.34,2.3,4.7,58,0.51,240,0,0,0,0,0,0,*
H,0,29,3,5,10.14,9.9,10.4,99,99,99,1004,1004,1004,3.39,2.3,4.4,23,0.5,240,0,0,0,0,0,0,8.4,20.8,9,99,997,1004,*
H,1,29,3,5,9.85,9.8,10,99,99,99,1004.28,1004,1005,3.33,2.3,4.4,70,0.46,239,0,0,0,0,0,0,*
H,2,29,3,5,9.78,9.6,9.9,99,99,99,1004.17,1004,1005,3.33,2.3,4,37,0.53,240,0,0,0,0,0,0,*
H,3,29,3,5,9.63,9.5,9.9,99,99,99,1004,1004,1004,3.32,2.3,4.4,71,0.46,240,0,0,0,0,0,0,*
H,4,29,3,5,9.96,9.9,10.1,99,99,99,1004,1004,1004,3.34,2.3,4.4,60,0.31,240,0,0,0,0,0,0,*
H,5,29,3,5,10.23,10.1,10.4,99,99,99,1004.66,1004,1005,3.37,2.3,4.4,30,0.52,240,0,0,0,0,0,0,*
H,6,29,3,5,10.81,10.4,11.1,99,99,99,1005,1005,1005,3.11,0.9,4.4,32,0.3,240,0,0,0,0,0,0,*
H,7,29,3,5,11.11,10.8,11.5,99,99,99,1005,1005,1005,19.89,0,48.5,35,0.35,240,0,0,0,0,0,0,*
H,8,29,3,5,11.99,11.4,12.9,99,99,99,1005.63,1005,1006,124.24,40.3,239,50,0.25,240,0,0,0,0,0,0,*
H,9,29,3,5,13.45,12.9,14.2,97.55,96,99,1006,1006,1006,298.58,197.3,469.8,53,0.31,240,0,0,0,0,0,0,*
H,10,29,3,5,14.89,14.2,16.2,90.65,86,96,1006,1006,1006,494.08,400.1,601.4,59,0.35,240,0,0,0,0,0,0,*
H,11,29,3,5,16.23,15.6,17.1,79.52,72,86,1006,1006,1007,591.92,265.1,713.4,57,0.69,240,0,0,0,0,0,0,*
H,12,29,3,5,17.26,16.4,18.2,44.34,32,73,1006,1006,1006,579.23,210,777,103,0.74,240,0,0,0,0,0,0,*
H,13,29,3,5,18.2,17.3,19,20.18,11,36,1005.15,1005,1006,576.57,248.6,848.8,110,0.94,240,0,0,0,0,0,0,*
H,14,29,3,5,19.15,18.1,20.1,25.82,9,40,1004.99,1004,1005,628.41,265.1,805.7,162,0.81,240,0,0,0,0,0,0,*
H,15,29,3,5,19.13,18.4,19.9,43.17,34,49,1004.13,1004,1005,558.08,414.9,635,167,0.58,240,0,0,0,0,0,0,*
H,16,29,3,5,18.67,18.1,19.7,45.11,36,48,1004,1004,1004,361.74,275,562.1,183,0.49,240,0,0,0,0,0,0,*
H,17,29,3,5,18.02,17.4,18.6,36.33,32,39,1004,1004,1004,250.62,123.8,337.3,176,0.49,240,0,0,0,0,0,0,*
H,18,29,3,5,16.93,16.3,17.5,27.16,19,36,1004,1004,1004,78.94,32.4,139.9,166,0.39,240,0,0,0,0,0,0,*
H,19,29,3,5,15.52,14.8,16.3,13.01,9,19,1004.58,1004,1005,9.39,0,32.1,169,0.26,240,0,0,0,0,0,0,*
H,20,29,3,5,14.36,14.1,14.8,29.17,18,37,1005,1005,1005,3.09,1.8,4.1,179,0.23,240,0,0,0,0,0,0,*
H,21,29,3,5,13.55,12.9,14.1,34.53,29,43,1005,1005,1005,3.17,1.9,4,187,0.87,240,0,0,0,0,0,0,*
H,22,29,3,5,12.55,12.2,12.9,51.42,43,58,1005,1005,1005,3.47,2.3,4.4,348,0.15,240,0,0,0,0,0,0,*
H,23,29,3,5,11.68,11.3,12.2,64.87,58,71,1005,1005,1005,3.29,2.3,4.4,52,0.37,240,0,0,0,0,0,0,*
H,0,30,3,5,10.92,10.7,11.3,77.46,71,82,1005,1005,1005,3.26,2.3,4.4,95,1.16,240,0,0,0,0,0,0,9.5,20.2,9,99,1004,1007,*
H,1,30,3,5,10.9,10.8,11,83.9,82,86,1005,1005,1005,3.33,2.3,4.4,6,0.13,240,0,0,0,0,0,0,*
H,2,30,3,5,10.88,10.7,11,87.9,86,90,1005,1005,1005,3.4,2.3,5,4,0.15,240,0,0,0,0,0,0,*
H,3,30,3,5,10.46,10.4,10.7,92.44,90,94,1004.38,1004,1005,3.35,2.3,4.4,15,0.18,240,0,0,0,0,0,0,*
H,4,30,3,5,10.57,10.4,10.7,94.71,94,95,1004,1004,1004,3.31,2.3,4.4,10,0.21,241,0,0,0,0,0,0,*
H,5,30,3,5,10.74,10.6,10.9,95.3,95,96,1004,1004,1004,3.4,2.3,4.4,34,0.32,240,0,0,0,0,0,0,*
H,6,30,3,5,10.25,10,10.6,98.08,96,99,1004,1004,1004,2.86,0,4.7,37,0,240,0,0,0,0,0,0,*
H,7,30,3,5,9.71,9.4,10,99,99,99,1004.46,1004,1005,21.79,0.6,55,82,0.64,240,0,0,0,0,0,0,*
H,8,30,3,5,10.97,9.9,11.8,97.92,95,99,1005,1005,1005,98.94,55.3,127.8,111,0.58,240,0,0,0,0,0,0,*
H,9,30,3,5,12.26,11.3,12.9,90.43,86,95,1005,1005,1005,153.92,128.2,194.2,2,0.98,240,0,0,0,0,0,0,*
H,10,30,3,5,13.91,12.9,15,76.8,58,86,1004.86,1004,1005,264.38,196.3,340.5,354,0.68,240,0,0,0,0,0,0,*
H,11,30,3,5,15.35,14.6,16.6,40.84,25,58,1004.31,1004,1005,458.18,341.2,766.4,0,1.17,239,0,0,0,0,0,0,*
H,12,30,3,5,17.17,15.9,18.8,15.02,9,26,1004,1004,1004,670.68,242.2,725,252,1.13,240,0,0,0,0,0,0,*
H,13,30,3,5,18.4,17.5,19.5,26.97,13,43,1003.2,1003,1004,688.23,342.4,732.5,269,1.3,240,0,0,0,0,0,0,*
H,14,30,3,5,19.23,18.3,20.3,49.49,41,56,1002.6,1002,1003,667.58,590.4,694,191,0.97,240,0,0,0,0,0,0,*
H,15,30,3,5,19.48,18.8,20.1,51.32,48,55,1002,1002,1002,564.83,252.1,623.2,176,0.84,240,0,0,0,0,0,0,*
H,16,30,3,5,19.59,19,20.7,51.47,49,54,1001.9,1001,1002,385.12,223.9,547.5,180,0.86,240,0,0,0,0,0,0,*
H,17,30,3,5,18.65,17.9,19.5,49.63,46,54,1001.99,1001,1002,231.79,145.7,360.4,141,0.43,240,0,0,0,0,0,0,*
H,18,30,3,5,17.41,16.7,18,43.4,35,47,1002.23,1002,1003,80.84,31,145.7,157,0.37,240,0,0,0,0,0,0,*
H,19,30,3,5,15.79,15,16.7,20.59,9,35,1003.1,1003,1004,8.9,0,30.7,129,0.29,240,0,0,0,0,0,0,*
H,20,30,3,5,14.72,14.1,15,24.8,11,42,1004.19,1004,1005,3.24,2.3,4.1,27,0.67,240,0,0,0,0,0,0,*
H,21,30,3,5,13.37,13.2,14.1,63.88,43,70,1005,1005,1005,3.44,2.3,4.7,1,0.28,240,0,0,0,0,0,0,*
H,22,30,3,5,12.99,12.7,13.3,70.14,67,74,1005.08,1005,1006,3.43,2.6,4.4,2,0.27,240,0,0,0,0,0,0,*
H,23,30,3,5,12.73,12.6,12.9,73.73,73,75,1006,1006,1006,3.35,2.3,4.4,11,0.22,241,0,0,0,0,0,0,*
H,0,31,3,5,12.76,12.7,12.8,74.43,73,76,1006,1006,1006,3.37,1.9,4.4,16,0.3,240,0,0,0,0,0,0,9.4,20.7,9,99,1001,1006,*
H,1,31,3,5,12.68,12.6,12.8,77.19,76,79,1006,1006,1006,3.31,2.3,4.4,20,0.32,239,0,0,0,0,0,0,*
H,2,31,3,5,12.29,11.8,12.7,84.49,80,91,1006.31,1006,1007,3.47,1.9,4.4,9,0.23,240,0,0,0,0,0,0,*
H,3,31,3,5,11.88,11.8,12.1,91.1,89,92,1006.58,1006,1007,3.31,2.3,4.4,11,0.2,240,0,0,0,0,0,0,*
H,4,31,3,5,12.02,11.8,12.2,87.24,87,89,1006.68,1006,1007,3.35,2.6,4.4,27,0.31,240,0,0,0,0,0,0,*
H,5,31,3,5,11.72,11.5,12,87.61,83,89,1006.19,1006,1007,3.36,2.3,4.7,30,0.39,240,0,0,0,0,0,0,*
H,6,31,3,5,12.17,11.8,12.4,77.23,74,83,1006.95,1006,1007,2.76,0,4.4,43,0.38,240,0,0,0,0,0,0,*
H,7,31,3,5,11.65,11.4,12.4,82.11,78,84,1007.29,1007,1008,48.45,4.4,138.5,13,0.21,240,0,0,0,0,0,0,*
H,8,31,3,5,13.32,12.4,14.1,67.16,55,81,1008,1008,1008,208.01,94,317.3,55,0.42,240,0,0,0,0,0,0,*
H,9,31,3,5,13.88,13.3,14.3,52.63,44,57,1008,1008,1008,214.26,163.7,372,64,0.42,240,0,0,0,0,0,0,*
H,10,31,3,5,15.09,14.1,16,31.9,15,46,1008.67,1008,1009,441.08,171.5,577.6,60,0.41,240,0,0,0,0,0,0,*
H,11,31,3,5,16.2,15.3,17.2,13.4,10,20,1008.95,1008,1009,631.7,367,868.3,65,0.45,240,0,0,0,0,0,0,*
H,12,31,3,5,16.89,16.4,17.7,29.75,15,38,1008.84,1008,1009,699.55,384.5,1005.9,61,0.42,240,0,0,0,0,0,0,*
H,13,31,3,5,17.6,16.9,18.6,43.27,34,54,1008.05,1008,1009,632.02,202.4,942.2,69,0.54,240,0,0,0,0,0,0,*
H,14,31,3,5,17.49,17.1,18.1,49.73,45,53,1008,1008,1008,380.2,195.3,845,78,0.47,239,0,0,0,0,0,0,*
H,15,31,3,5,16.7,15.9,18.3,48.88,41,54,1008.5,1008,1009,202.52,80.7,851.2,47,0.39,240,0,0,0,0,0,0,*
H,16,31,3,5,14.42,13.8,16.1,24,9,48,1008.99,1008,1009,78.85,60.4,94.8,11,0.35,240,0,0,0,0,0,0,*
H,17,31,3,5,13.95,13.6,14.3,27.8,23,33,1009,1009,1009,87.05,27.2,151.8,5,0.32,240,0,0,0,0,0,0,*
H,18,31,3,5,13.45,13.3,13.7,33.76,31,37,1009.88,1009,1010,21.82,9.1,32.1,357,0.33,240,0,0,0,0,0,0,*
H,19,31,3,5,13.07,12.8,13.3,40.77,35,44,1010,1010,1010,2.78,0,9.1,356,0.27,240,0,0,0,0,0,0,*
H,20,31,3,5,12.39,11.8,12.8,45.9,44,50,1010.6,1010,1011,3.48,2.3,4.4,8,0.2,240,0,0,0,0,0,0,*
H,21,31,3,5,11.4,10.9,12,50.34,47,53,1011.54,1011,1012,3.48,2.6,4.7,5,0.26,240,0,0,0,0,0,0,*
H,22,31,3,5,11.34,11,11.6,35.55,23,50,1012,1012,1012,3.4,2.3,4.4,11,0.21,240,0,0,0,0,0,0,*
H,23,31,3,5,11.44,11.3,11.7,15.05,9,23,1012.76,1012,1013,3.34,2.3,4.4,22,0.25,240,0,0,0,0,0,0,*
H,0,1,4,5,11.31,10.8,12.1,15.56,12,22,1013,1013,1013,3.39,2.3,4.7,27,0.27,241,0,0,0,0,0,0,10.8,18.6,9,92,1006,1013,*
H,1,1,4,5,10.48,9.5,11.4,13.48,9,21,1013.74,1013,1014,3.43,2.3,4.4,28,0.26,239,0,0,0,0,0,0,*
H,2,1,4,5,9.23,8.9,9.5,32.49,21,39,1014,1014,1014,3.41,2.6,4.7,20,0.29,240,0,0,0,0,0,0,*
H,3,1,4,5,8.72,8.5,9,35.48,32,38,1014,1014,1014,3.49,2.3,4.4,18,0.34,241,0,0,0,0,0,0,*
H,4,1,4,5,9.19,8.6,9.7,18.47,9,32,1014,1014,1014,3.28,1.9,4.7,35,0.24,240,0,0,0,0,0,0,*
H,5,1,4,5,9.31,9,9.7,10.69,9,13,1014,1014,1014,3.49,1.9,4.7,27,0.3,240,0,0,0,0,0,0,*
H,6,1,4,5,8.77,8.6,9,10.72,9,12,1014.18,1014,1015,2.87,0,4.4,28,0.28,240,0,0,0,0,0,0,*
H,7,1,4,5,9.1,8.7,9.7,21.27,11,29,1015,1015,1015,53.53,4,98.1,66,0.32,240,0,0,0,0,0,0,*
H,8,1,4,5,10.09,9.4,10.7,10.96,9,19,1015.31,1015,1016,121.03,80.3,188.4,32,0.44,240,0,0,0,0,0,0,*
H,9,1,4,5,11.22,10.6,12.1,25.72,9,44,1016,1016,1016,313.21,181.2,530.8,56,0.49,240,0,0,0,0,0,0,*
H,10,1,4,5,12.29,11.5,13.2,55.1,42,62,1016,1016,1016,503.08,189.4,592,73,0.48,240,0,0,0,0,0,0,*
H,11,1,4,5,13.01,12.3,14,66.7,61,70,1016.15,1016,1017,624.73,324.2,686.1,77,0.59,240,0,0,0,0,0,0,*
H,12,1,4,5,13.85,13.1,14.9,68.55,67,70,1016.1,1016,1017,694.87,654.2,722.9,83,0.79,240,0,0,0,0,0,0,*
H,13,1,4,5,14.46,13.5,15.4,69.77,68,71,1016,1016,1016,702.92,660.3,722.2,78,0.59,240,0,0,0,0,0,0,*
H,14,1,4,5,14.91,14.3,15.5,72.69,71,77,1015.99,1015,1016,660.82,554.5,702,54,0.49,240,0,0,0,0,0,0,*
H,15,1,4,5,15.52,15,16.1,77.78,75,80,1015.39,1015,1016,582.37,508.7,642.2,80,0.53,240,0,0,0,0,0,0,*
H,16,1,4,5,15.41,15.1,16,80.27,79,81,1015.84,1015,1016,429.48,356.8,512.8,94,0.49,240,0,0,0,0,0,0,*
H,17,1,4,5,15.06,14.6,15.6,80.99,80,82,1015.98,1015,1016,285.63,199.7,361.6,97,0.46,240,0,0,0,0,0,0,*
H,18,1,4,5,14.24,13.8,14.8,80.82,80,81,1016,1016,1016,113.86,41.5,197,106,0.31,240,0,0,0,0,0,0,*
H,19,1,4,5,13.06,12.3,13.8,79.82,79,81,1016.69,1016,1017,10.71,0,41.1,110,0.26,240,0,0,0,0,0,0,*
H,20,1,4,5,11.88,11.3,12.4,76.42,74,78,1017.36,1017,1018,3.13,1.9,4.4,99,0.18,240,0,0,0,0,0,0,*
H,21,1,4,5,10.77,10.2,11.3,71,67,74,1018.32,1018,1019,3.34,2.3,4.4,52,0.56,240,0,0,0,0,0,0,*
H,22,1,4,5,9.95,9.6,10.3,61.92,58,67,1019,1019,1019,3.42,2.3,4.4,15,0.35,241,0,0,0,0,0,0,*
H,23,1,4,5,9.81,9.4,10.3,57.14,56,59,1019.51,1019,1020,3.31,2.3,4.4,50,0.3,240,0,0,0,0,0,0,*
H,0,2,4,5,9.26,9,9.6,60.15,57,63,1020,1020,1020,3.25,2.3,4.4,65,0.37,240,0,0,0,0,0,0,8.5,16.1,9,82,1013,1020,*
H,1,2,4,5,8.69,8.4,9.2,62.25,60,66,1020,1020,1020,3.29,1.6,5,59,0.26,239,0,0,0,0,0,0,*
H,2,2,4,5,8.39,7.9,8.8,66.45,65,68,1020,1020,1020,3.37,1.9,4.7,63,0.27,240,0,0,0,0,0,0,*
H,3,2,4,5,8.04,7.5,8.4,65.55,64,66,1020,1020,1020,3.44,1.9,4.7,30,0.28,240,0,0,0,0,0,0,*
H,4,2,4,5,7.28,6.8,8,62.59,61,64,1019.94,1019,1020,3.55,2.3,5,25,0.29,241,0,0,0,0,0,0,*
H,5,2,4,5,6.17,5.7,6.8,53.52,46,61,1020,1020,1020,3.69,2.6,5,357,0.27,240,0,0,0,0,0,0,*
H,6,2,4,5,5.29,5,5.8,35.15,27,46,1020,1020,1020,3.11,0,6.4,339,0.28,240,0,0,0,0,0,0,*
H,7,2,4,5,5.23,4.6,6.4,15.91,12,27,1020,1020,1020,60.39,6.4,132.3,0,0.21,240,0,0,0,0,0,0,*
H,8,2,4,5,7.96,6.3,9.5,30.5,16,52,1020,1020,1020,204.04,66.6,312.6,354,0.38,240,0,0,0,0,0,0,*
H,9,2,4,5,10.3,9.4,11,61.52,49,68,1020,1020,1020,396.67,314,482.9,62,0.52,240,0,0,0,0,0,0,*
H,10,2,4,5,11.22,10.6,12.2,72.5,68,75,1020,1020,1020,554.1,478.4,615.3,55,0.53,240,0,0,0,0,0,0,*
H,11,2,4,5,11.95,11.4,12.8,74.75,74,76,1020,1020,1020,665.43,612.6,716.2,91,0.41,240,0,0,0,0,0,0,*
H,12,2,4,5,12.81,11.8,13.8,76.82,75,78,1019.48,1019,1020,739.72,715.2,764,60,0.7,240,0,0,0,0,0,0,*
H,13,2,4,5,13.67,12.7,15,79.01,77,81,1019,1019,1019,749.27,728,769.1,80,0.74,240,0,0,0,0,0,0,*
H,14,2,4,5,14.72,14,15.8,82.68,79,85,1018.59,1018,1019,701.38,666.5,734.9,80,0.94,240,0,0,0,0,0,0,*
H,15,2,4,5,15.45,14.6,16.4,84.01,80,87,1018,1018,1018,607.54,543.6,668.5,131,1,240,0,0,0,0,0,0,*
H,16,2,4,5,15.24,14.5,16.2,79.1,75,82,1017.99,1017,1018,478.93,403.7,546.7,168,0.55,240,0,0,0,0,0,0,*
H,17,2,4,5,14.6,14.1,15.1,75.7,75,77,1017.97,1017,1018,320.45,231.9,403.3,183,0.47,240,0,0,0,0,0,0,*
H,18,2,4,5,13.83,13.2,14.5,74.87,74,77,1018,1018,1018,139.7,51.3,230.9,170,0.41,240,0,0,0,0,0,0,*
H,19,2,4,5,12.09,11.1,13.3,71.94,70,74,1018,1018,1018,16.14,0.1,59.4,179,0.32,240,0,0,0,0,0,0,*
H,20,2,4,5,10.82,10.2,11.2,67.8,65,70,1018.33,1018,1019,3.13,1.9,4.4,227,0.33,240,0,0,0,0,0,0,*
H,21,2,4,5,9.49,8.7,10.3,59.12,53,65,1019.15,1019,1020,3.31,2.6,4,249,0.76,240,0,0,0,0,0,0,*
H,22,2,4,5,8.68,8.3,9.1,45.01,32,54,1019.12,1019,1020,3.3,2.3,4.4,285,0.33,239,0,0,0,0,0,0,*
H,23,2,4,5,8.2,7.7,8.8,36.56,32,38,1020,1020,1020,3.41,1.9,4.7,291,0.24,240,0,0,0,0,0,0,*
H,0,3,4,5,7.36,6.9,7.8,26.96,21,32,1020,1020,1020,3.4,2.3,4.7,320,0.6,240,0,0,0,0,0,0,4.6,16.4,12,87,1017,1020,*
H,1,3,4,5,6.62,6.1,7,16.99,11,21,1020,1020,1020,3.61,2.3,4.7,14,0.21,240,0,0,0,0,0,0,*
H,2,3,4,5,6.02,5.8,6.3,9.94,9,11,1020,1020,1020,3.6,2.6,4.7,17,0.19,240,0,0,0,0,0,0,*
H,3,3,4,5,5.19,4.4,5.8,16.17,11,24,1020,1020,1020,3.45,1.9,4.4,62,0.52,241,0,0,0,0,0,0,*
H,4,3,4,5,4.88,4.5,5.1,25.38,23,28,1020,1020,1020,3.64,2.6,4.7,24,0.45,240,0,0,0,0,0,0,*
H,5,3,4,5,4.53,4,5,32.75,28,42,1020,1020,1020,3.87,2.6,5,359,0.04,240,0,0,0,0,0,0,*
H,6,3,4,5,3.85,3.6,4.1,48.55,42,52,1019.99,1019,1020,3.15,0,7.4,357,0.05,240,0,0,0,0,0,0,*
H,7,3,4,5,4.59,3.8,5.7,45.38,36,52,1020,1020,1020,62.2,7.4,135,6,0.13,240,0,0,0,0,0,0,*
H,8,3,4,5,7.34,5.7,9.2,22.6,9,36,1020.09,1020,1021,205.64,69,310.9,19,0.32,240,0,0,0,0,0,0,*
H,9,3,4,5,9.98,9.1,10.8,40.44,23,49,1021,1021,1021,396.19,311.9,473.3,50,0.44,240,0,0,0,0,0,0,*
H,10,3,4,5,11.51,10.7,12.6,57.16,49,63,1021,1021,1021,547.21,474,613.9,75,0.69,240,0,0,0,0,0,0,*
H,11,3,4,5,13.12,12,14.2,68.03,62,71,1021,1021,1021,655.56,613.2,702,173,1.16,240,0,0,0,0,0,0,*
H,12,3,4,5,14.41,13.6,15.2,72.92,70,75,1020.83,1020,1021,721,698.7,753,244,1.01,240,0,0,0,0,0,0,*
H,13,3,4,5,15.09,14.3,15.8,76.08,74,78,1020,1020,1020,728.63,704.4,758.8,232,0.86,240,0,0,0,0,0,0,*
H,14,3,4,5,16.04,15,17,81.83,78,84,1019.74,1019,1020,704.8,665.4,735.6,271,1.18,240,0,0,0,0,0,0,*
H,15,3,4,5,16.73,15.9,17.7,84.02,83,85,1019,1019,1019,625.66,505.6,668.9,189,0.86,240,0,0,0,0,0,0,*
H,16,3,4,5,16.77,15.8,17.5,83.38,78,85,1018.47,1018,1019,432.46,195.6,552.8,234,0.95,240,0,0,0,0,0,0,*
H,17,3,4,5,15.12,14.3,16,76.36,75,79,1018.86,1018,1019,191.47,112.2,247.3,157,0.44,240,0,0,0,0,0,0,*
H,18,3,4,5,14.04,13.5,14.6,75.05,74,76,1018.96,1018,1019,126.42,52.9,212.7,168,0.45,240,0,0,0,0,0,0,*
H,19,3,4,5,12.56,11.7,13.6,71.29,67,75,1019,1019,1019,14.03,0,52.9,177,0.36,240,0,0,0,0,0,0,*
H,20,3,4,5,11.18,10.6,11.7,61.75,56,67,1019.19,1019,1020,3.04,1.9,4.4,182,0.27,240,0,0,0,0,0,0,*
H,21,3,4,5,9.74,9.1,10.6,50.5,46,56,1020,1020,1020,3.35,2.3,4.7,239,1.48,240,0,0,0,0,0,0,*
H,22,3,4,5,8.74,8.3,9.2,42.68,38,47,1020.5,1020,1021,3.56,2.3,4.7,336,0.24,240,0,0,0,0,0,0,*
H,23,3,4,5,8.18,7.3,8.7,33.14,29,38,1021,1021,1021,3.34,1.9,4.4,316,0.39,240,0,0,0,0,0,0,*
H,0,4,4,5,7.01,6.6,7.3,18.08,9,29,1020.57,1020,1021,3.28,1.9,4.7,287,0.13,240,0,0,0,0,0,0,3.6,17.7,9,85,1018,1021,*
H,1,4,4,5,6.3,4.8,6.7,14.56,10,22,1020.16,1020,1021,3.54,2.3,5,343,0.59,239,0,0,0,0,0,0,*
H,2,4,4,5,5.38,4.6,5.7,27.19,23,31,1021,1021,1021,3.52,2.3,4.7,42,0.16,241,0,0,0,0,0,0,*
H,3,4,4,5,5.27,5.1,5.6,30.59,26,35,1020.77,1020,1021,3.62,2.6,4.7,356,0.3,240,0,0,0,0,0,0,*
H,4,4,4,5,4.91,4.5,5.2,39.69,35,46,1020.07,1020,1021,3.78,2.6,5,6,0.22,240,0,0,0,0,0,0,*
H,5,4,4,5,4.21,4,4.5,58.62,46,68,1020,1020,1020,3.74,2.6,4.7,23,0.16,240,0,0,0,0,0,0,*
H,6,4,4,5,4.16,4,4.3,70.45,68,74,1020.42,1020,1021,3.36,0,9.3,14,0.12,240,0,0,0,0,0,0,*
H,7,4,4,5,4.62,4.1,5.5,71.09,66,74,1021,1021,1021,65.66,9.8,138.5,6,0.12,241,0,0,0,0,0,0,*
H,8,4,4,5,6.66,5.5,7.7,62.15,59,66,1021,1021,1021,206.02,79.6,307.1,19,0.36,240,0,0,0,0,0,0,*
H,9,4,4,5,8.89,7.6,10.2,55.86,41,63,1021.39,1021,1022,394.2,310.9,472.3,39,0.47,240,0,0,0,0,0,0,*
H,10,4,4,5,11.19,9.8,12.6,22.85,9,41,1021.4,1021,1022,548.64,474,613.9,58,0.92,240,0,0,0,0,0,0,*
H,11,4,4,5,13.46,12,14.8,54.66,33,67,1021.01,1021,1022,652.52,615.2,694.9,184,1.43,240,0,0,0,0,0,0,*
H,12,4,4,5,14.78,13.8,16,73.85,67,79,1021,1021,1021,717.13,683.5,743.4,215,0.97,240,0,0,0,0,0,0,*
H,13,4,4,5,15.76,14.5,16.5,80.5,78,83,1020.41,1020,1021,731.2,711.3,756.5,243,1.05,240,0,0,0,0,0,0,*
H,14,4,4,5,16.4,15.6,17.5,83.96,81,85,1020,1020,1020,687.86,643.2,720.2,209,1.22,240,0,0,0,0,0,0,*
H,15,4,4,5,16.67,16.2,17.3,79.52,77,81,1019.34,1019,1020,586.7,534.7,646.6,175,0.59,240,0,0,0,0,0,0,*
H,16,4,4,5,16.62,16.1,17.5,81.84,81,83,1019,1019,1019,471.08,401.3,533,157,0.57,240,0,0,0,0,0,0,*
H,17,4,4,5,15.45,14.8,16.1,79.85,79,81,1019,1019,1019,318.58,231.9,400.9,151,0.45,240,0,0,0,0,0,0,*
H,18,4,4,5,14.25,13.3,15,79.1,78,80,1019,1019,1019,143.73,57,231.2,159,0.45,240,0,0,0,0,0,0,*
H,19,4,4,5,12.41,11.4,13.3,74.55,68,78,1019,1019,1019,19.4,0,65.6,167,0.39,240,0,0,0,0,0,0,*
H,20,4,4,5,10.75,10.3,11.5,60.34,52,68,1019.22,1019,1020,3.02,1.9,4,165,0.25,240,0,0,0,0,0,0,*
H,21,4,4,5,9.67,9.1,10.4,45.19,40,52,1020,1020,1020,3.32,1.9,4.4,359,1.08,240,0,0,0,0,0,0,*
H,22,4,4,5,8.77,8.2,9.2,36.63,26,43,1020,1020,1020,3.51,2.3,4.4,344,0.02,240,0,0,0,0,0,0,*
H,23,4,4,5,7.41,6.6,8.3,18.81,11,31,1020,1020,1020,3.2,1.9,4.4,343,0,240,0,0,0,0,0,0,*
H,0,5,4,5,6.38,5.9,6.8,14.71,9,32,1020,1020,1020,3.31,1.6,4.7,334,1.34,240,0,0,0,0,0,0,4,17.6,9,85,1019,1022,*
H,1,5,4,5,5.45,5.1,5.9,39.51,32,46,1020,1020,1020,3.41,2.3,4.7,130,0.92,240,0,0,0,0,0,0,*
H,2,5,4,5,5.14,4.9,5.4,45.27,43,47,1020,1020,1020,3.66,2.6,4.7,0,0.2,240,0,0,0,0,0,0,*
H,3,5,4,5,4.86,4.5,5.1,45.65,45,46,1020,1020,1020,3.77,3,4.7,9,0.12,240,0,0,0,0,0,0,*
H,4,5,4,5,4.41,4.2,4.7,48.58,46,53,1020,1020,1020,3.8,2.8,4.7,13,0.1,240,0,0,0,0,0,0,*
H,5,5,4,5,3.94,3.6,4.2,56.79,53,60,1020,1020,1020,3.82,3,5,5,0.11,241,0,0,0,0,0,0,*
H,6,5,4,5,3.33,2.9,3.8,63.8,59,68,1020,1020,1020,2.84,0,5,28,0.17,240,0,0,0,0,0,0,*
H,7,5,4,5,3.37,3.2,4.2,68.47,68,69,1020,1020,1020,35.27,4.4,146.5,19,0.27,240,0,0,0,0,0,0,*
H,8,5,4,5,5.6,4.2,7.3,54.18,39,69,1020,1020,1021,215.46,83,317.3,4,0.25,240,0,0,0,0,0,0,*
H,9,5,4,5,8.93,7.3,10.4,24.42,14,40,1020.99,1020,1021,354.6,302.3,418.2,51,0.8,240,0,0,0,0,0,0,*
H,10,5,4,5,11.34,10.1,12.4,13.4,9,29,1021,1021,1021,551.88,403.5,627.3,262,1.52,240,0,0,0,0,0,0,*
H,11,5,4,5,12.89,11.6,13.9,51.36,28,65,1021,1021,1021,675.28,633.1,725.7,169,0.96,240,0,0,0,0,0,0,*
H,12,5,4,5,14.21,13.1,15.5,62.34,60,68,1021,1021,1021,742.27,725.7,763.3,192,1,240,0,0,0,0,0,0,*
H,13,5,4,5,14.68,13.9,15.5,63.27,58,69,1020.17,1020,1021,747.58,719.2,770.1,138,1.14,240,0,0,0,0,0,0,*
H,14,5,4,5,15.59,14.7,16.5,73.87,69,78,1019.62,1019,1020,710.45,677.1,739.3,156,1.15,240,0,0,0,0,0,0,*
H,15,5,4,5,15.89,15.1,16.7,70.93,63,78,1019,1019,1019,616.88,553.8,677.1,147,0.7,240,0,0,0,0,0,0,*
H,16,5,4,5,15.52,15,16.2,63.12,61,66,1019,1019,1019,478.07,398.9,552.5,150,0.74,240,0,0,0,0,0,0,*
H,17,5,4,5,15.13,14.6,15.6,61.07,59,63,1018.98,1018,1019,318.53,227.8,397.8,148,0.56,240,0,0,0,0,0,0,*
H,18,5,4,5,14.06,13.1,15,54.44,43,62,1018.87,1018,1019,115.56,52.9,226.8,155,0.51,240,0,0,0,0,0,0,*
H,19,5,4,5,11.98,11,13.1,24.32,9,43,1019,1019,1019,17.51,0,52.9,164,0.38,240,0,0,0,0,0,0,*
H,20,5,4,5,10.43,9.9,11,48.32,30,62,1019.14,1019,1020,3.01,2.3,4.4,171,0.32,240,0,0,0,0,0,0,*
H,21,5,4,5,9.55,9.1,9.9,68.59,62,72,1020,1020,1020,3.29,2.3,4.4,204,0.67,240,0,0,0,0,0,0,*
H,22,5,4,5,8.78,8.2,9.3,75.28,72,78,1020,1020,1020,3.44,2.3,4.4,0,0.28,240,0,0,0,0,0,0,*
H,23,5,4,5,8.11,7.9,8.3,79.81,78,82,1020,1020,1020,3.54,2.6,4.7,337,0.3,240,0,0,0,0,0,0,*
H,0,6,4,5,7.25,6.7,8,83.64,81,87,1020,1020,1020,3.37,1.9,4.4,259,0.86,240,0,0,0,0,0,0,2.9,16.9,9,87,1018,1021,*
H,1,6,4,5,6.28,6,6.7,89.89,87,92,1020,1020,1020,3.48,2.3,4.7,233,0.79,240,0,0,0,0,0,0,*
H,2,6,4,5,5.77,5.4,6.2,93.73,91,97,1019.95,1019,1020,3.56,2.6,4.7,27,0.28,240,0,0,0,0,0,0,*
H,3,6,4,5,5.4,5.3,5.6,96.34,95,97,1019,1019,1019,3.56,2.6,4.4,14,0.22,240,0,0,0,0,0,0,*
H,4,6,4,5,4.99,4.7,5.3,94.37,94,95,1019,1019,1019,3.59,2.6,4.7,27,0.3,240,0,0,0,0,0,0,*
H,5,6,4,5,4.76,4.7,4.9,93.81,93,94,1019,1019,1019,3.65,2.3,4.7,18,0.22,240,0,0,0,0,0,0,*
H,6,6,4,5,4.64,4.5,4.8,95.95,94,97,1019,1019,1019,4.25,0,16.3,6,0.13,240,0,0,0,0,0,0,*
H,7,6,4,5,5.13,4.5,5.6,95.7,93,97,1019,1019,1019,58.48,17,113.8,9,0.28,240,0,0,0,0,0,0,*
H,8,6,4,5,6.74,5.6,8,87.88,84,93,1019,1019,1019,189.16,114.8,269.8,20,0.35,240,0,0,0,0,0,0,*
H,9,6,4,5,9.26,8,10.6,82.75,82,84,1019,1019,1019,342,268.8,455.2,27,0.97,240,0,0,0,0,0,0,*
H,10,6,4,5,10.93,10,12.2,82.62,77,85,1019,1019,1019,475.99,305.3,577.6,231,0.58,240,0,0,0,0,0,0,*
