H,9,22,1,3,6.24,6.1,6.4,99,99,99,991,991,991,7.84,2.8,19.5,36,0.48,211,0,0,0,0,0,0,*
H,10,22,1,3,6.24,6.1,6.4,99,99,99,991.77,991,992,27.09,14.9,47.3,54,0.57,204,0,0,0,0,0,0,*
H,11,22,1,3,6.13,6.1,6.4,99,99,99,992.33,992,993,37.97,22.6,60.6,23,0.34,204,0,0,0,0,0,0,*
H,12,22,1,3,6.16,6,6.3,99,99,99,992.05,992,993,75.62,51.6,106.5,30,0.35,205,0,0,0,0,0,0,*
H,13,22,1,3,6.51,6.3,7,99,99,99,992.86,992,993,97.95,43.9,213.4,97,0.43,204,0,0,0,0,0,0,*
H,14,22,1,3,6.95,6.7,7.6,99,99,99,993,993,994,106.39,67.3,230,65,0.52,205,0,0,0,0,0,0,*
H,15,22,1,3,6.89,6.7,7.8,99,99,99,993.88,993,994,94.06,40.4,263.5,78,0.68,203,0,0,0,0,0,0,*
H,16,22,1,3,6.95,6.7,7.2,99,99,99,994,994,994,117.89,23.5,265.6,76,0.37,205,0,0,0,0,0,0,*
H,17,22,1,3,6.76,6.6,7.1,99,99,99,994.86,994,995,7.78,0,31.4,105,0.74,205,0,0,0,0,0,0,*
H,18,22,1,3,7.05,6.8,8,99,99,99,995.65,995,996,2.99,0.4,4.7,6,0.99,204,0,0,0,0,0,0,*
H,19,22,1,3,7.03,6.1,8.6,99,99,99,996,996,997,3.46,2.3,4.7,107,0.26,204,0,0,0,0,0,0,*
H,20,22,1,3,5.69,5.3,6.1,99,99,99,996.82,996,997,3.62,2.5,4.7,291,0.8,204,0,0,0,0,0,0,*
H,21,22,1,3,5.25,4.3,5.7,99,99,99,997,997,997,3.69,2.8,4.7,10,0.33,204,0,0,0,0,0,0,*
H,22,22,1,3,3.91,3.7,4.3,99,99,99,997,997,997,3.74,2.6,4.7,73,0.43,203,0,0,0,0,0,0,*
H,23,22,1,3,2.95,2.4,3.9,99,99,99,997.84,997,998,3.94,3,5,295,0.74,204,0,0,0,0,0,0,*
H,0,23,1,3,2.81,2.6,3.1,99,99,99,998.58,998,999,3.94,3,4.7,288,0.35,203,0,0,0,0.2,0,0.2,2.4,9.2,99,99,989,999,*
H,1,23,1,3,2.67,2.2,3,99,99,99,999,999,999,4.11,3.3,5,358,0.7,204,0,0,0,0,0,0,*
H,2,23,1,3,1.93,1.7,2.3,99,99,99,999,999,999,4.19,3.3,5.4,345,0.32,204,0,0,0,0,0,0,*
H,3,23,1,3,1.93,1.7,2.1,99,99,99,999.87,999,1000,4.14,3,5.4,17,0.8,203,0,0,0,0,0,0,*
H,4,23,1,3,2.11,1.9,2.4,99,99,99,1000,1000,1000,4.14,3,5,55,1.02,204,0,0,0,0,0,0,*
H,5,23,1,3,2.85,2.2,3.4,99,99,99,1000,1000,1000,4.06,3,5,358,0.33,204,0,0,0,0,0,0,*
H,6,23,1,3,2.99,2.8,3.4,99,99,99,1000.29,1000,1001,4.09,3,5,103,0.58,204,0,0,0,0,0,0,*
H,7,23,1,3,2.67,2.2,3,99,99,99,1001,1001,1001,4.04,3.3,5,82,0.51,203,0,0,0,0,0,0,*
H,8,23,1,3,1.99,1.8,2.4,99,99,99,1001.35,1001,1002,3.47,0,6.7,32,0.33,204,0,0,0,0,0,0,*
H,9,23,1,3,2.13,1.8,2.5,99,99,99,1002.27,1002,1003,17.51,6.7,29,56,1.18,204,0,0,0,0,0,0,*
H,10,23,1,3,3.06,2.3,4,99,99,99,1003,1003,1003,52.18,29.3,76.5,86,0.83,203,0,0,0,0,0,0,*
H,11,23,1,3,4.03,2.8,6.1,99,99,99,1003.98,1003,1004,129.26,71.4,288.6,137,1.33,203,0,0,0,0,0,0,*
H,12,23,1,3,6.38,4.1,8.2,99,99,99,1004,1004,1004,468.42,291.7,548.6,284,0.79,204,0,0,0,0,0,0,*
H,13,23,1,3,8.98,8,10,97.44,84,99,1004,1004,1004,473.98,293.8,586.7,334,0.69,203,0,0,0,0,0,0,*
H,14,23,1,3,9.39,9.1,9.7,85.35,84,87,1004,1004,1004,231.52,199.4,331.1,50,0.63,203,0,0,0,0,0,0,*
H,15,23,1,3,8.78,8.2,9.8,96.02,86,99,1004.14,1004,1005,127.62,78.3,198.4,163,0.65,203,0,0,0,0,0,0,*
H,16,23,1,3,8.41,8.2,8.8,99,99,99,1004.96,1004,1005,59.58,40.3,77.6,247,0.84,203,0,0,0,0,0,0,*
H,17,23,1,3,8.16,7.9,8.6,99,99,99,1005,1005,1005,25.68,2.5,45.1,280,0.43,203,0,0,0,0,0,0,*
H,18,23,1,3,7.43,6.9,8.1,99,99,99,1005.53,1005,1006,2.77,0,4.5,273,0.51,204,0,0,0,0,0,0,*
H,19,23,1,3,6.84,6,7.7,99,99,99,1006.24,1006,1007,3.4,2.1,4.7,251,0.5,203,0,0,0,0,0,0,*
H,20,23,1,3,6.2,5.7,6.9,99,99,99,1007.05,1007,1008,3.39,2.1,4.7,261,0.21,203,0,0,0,0,0,0,*
H,21,23,1,3,5.49,4.9,6.4,99,99,99,1007.99,1007,1008,3.67,2.6,4.7,295,0.4,203,0,0,0,0,0,0,*
H,22,23,1,3,4.57,4,5.2,99,99,99,1008.37,1008,1009,3.76,2.3,4.7,338,0.72,204,0,0,0,0,0,0,*
H,23,23,1,3,4.39,4.1,4.8,99,99,99,1009.01,1009,1010,3.83,2.6,5,30,0.22,203,0,0,0,0,0,0,*
H,0,24,1,3,4.67,4.3,4.9,95.67,94,99,1009.99,1009,1010,3.98,3,5,5,0.14,204,0,0,0,0,0,0,1.7,10.1,84,99,999,1010,*
H,1,24,1,3,4.58,4.2,4.8,96.97,94,99,1010.27,1010,1011,4,3,4.7,2,0.2,203,0,0,0,0,0,0,*
H,2,24,1,3,4.2,3.4,4.6,91.26,89,95,1011,1011,1011,4.05,3,5.4,354,0.46,204,0,0,0,0,0,0,*
H,3,24,1,3,3.62,3,4,89.79,87,92,1011,1011,1011,4,3,5,351,0.28,203,0,0,0,0,0,0,*
H,4,24,1,3,3.01,2.6,3.4,89.33,87,91,1011.34,1011,1012,4.07,3,5,15,0.18,204,0,0,0,0,0,0,*
H,5,24,1,3,3.49,3.2,3.9,86.87,86,88,1012,1012,1012,4.09,3,5,4,0.14,204,0,0,0,0,0,0,*
H,6,24,1,3,3.79,3.5,4,83.48,81,86,1012,1012,1013,4.11,3,5,355,0.15,203,0,0,0,0,0,0,*
H,7,24,1,3,3.38,3,4.1,82.25,81,83,1012.95,1012,1013,4.15,3.3,5.4,359,0.08,204,0,0,0,0,0,0,*
H,8,24,1,3,3.16,2.9,3.5,83.11,82,84,1013.21,1013,1014,3.32,0,7.8,0,0.17,203,0,0,0,0,0,0,*
H,9,24,1,3,4.1,3.3,5,78.37,72,82,1014,1014,1014,72.47,7.8,141.8,358,0.09,204,0,0,0,0,0,0,*
H,10,24,1,3,6.26,5,7.4,61.4,48,72,1014.32,1014,1015,210.44,143.2,273.6,2,0.27,203,0,0,0,0,0,0,*
H,11,24,1,3,7.99,7.2,8.7,42.69,39,49,1015.26,1015,1016,323.46,274.2,367,10,0.39,204,0,0,0,0,0,0,*
H,12,24,1,3,9.11,8.4,9.7,20.13,9,39,1015.5,1015,1016,390.48,367.7,408.4,21,0.35,203,0,0,0,0,0,0,*
H,13,24,1,3,10,9.5,10.7,17.74,11,26,1015,1015,1015,406.03,398.5,410.5,23,0.32,203,0,0,0,0,0,0,*
H,14,24,1,3,10.74,10.2,11.4,31.66,23,39,1014.81,1014,1015,377.04,346.2,400.9,51,0.66,203,0,0,0,0,0,0,*
H,15,24,1,3,11.19,10.9,11.4,40,34,47,1014,1014,1014,297.87,241.8,347.6,25,0.43,203,0,0,0,0,0,0,*
H,16,24,1,3,11.36,11.1,11.7,45.29,42,47,1014.23,1014,1015,176.53,108.4,241.2,79,0.63,203,0,0,0,0,0,0,*
H,17,24,1,3,11.08,10.3,11.7,42.92,38,46,1015,1015,1015,48.02,3.3,107.7,178,0.17,204,0,0,0,0,0,0,*
H,18,24,1,3,9.04,8.3,10.3,24,9,39,1015.27,1015,1016,2.43,0.2,4,170,0.31,203,0,0,0,0,0,0,*
H,19,24,1,3,7.54,6.2,8.4,43.82,29,60,1016,1016,1016,3.35,2.3,4.7,229,0.75,203,0,0,0,0,0,0,*
H,20,24,1,3,5.78,4.8,6.2,65.98,61,71,1016.99,1016,1017,3.53,2.1,4.7,348,0.83,204,0,0,0,0,0,0,*
H,21,24,1,3,4.82,4.1,5.3,74.2,71,80,1017.03,1017,1018,3.49,2.3,4.5,69,0.62,203,0,0,0,0,0,0,*
H,22,24,1,3,4.64,4.3,5.1,79.26,78,82,1017.96,1017,1018,3.72,2.6,4.7,21,0.41,203,0,0,0,0,0,0,*
H,23,24,1,3,4.48,4.3,4.7,73.81,72,78,1018,1018,1018,3.72,2.5,4.7,44,0.23,204,0,0,0,0,0,0,*
H,0,25,1,3,3.9,2.4,4.7,73.71,71,82,1018,1018,1018,3.89,3,5,30,0.48,203,0,0,0,0,0,0,2.4,11.7,9,99,1010,1019,*
H,1,25,1,3,2.56,2,3.2,87.53,83,90,1018.35,1018,1019,4.01,3,4.7,0,0.47,203,0,0,0,0,0,0,*
H,2,25,1,3,3.22,2,3.9,80.41,77,85,1018.85,1018,1019,4.05,3,5,20,0.28,204,0,0,0,0,0,0,*
H,3,25,1,3,2.56,2,3.1,83.66,80,86,1019,1019,1019,4.13,3.3,5,0,0.14,204,0,0,0,0,0,0,*
H,4,25,1,3,2.95,2.6,3.3,77.99,77,80,1018.78,1018,1019,4.22,3,5,343,0.29,204,0,0,0,0,0,0,*
H,5,25,1,3,2.84,2.3,3.1,77.17,76,79,1018.22,1018,1019,4.19,3,5,348,0.37,204,0,0,0,0,0,0,*
H,6,25,1,3,2.78,2.3,3.2,75.48,74,77,1018,1018,1018,4.26,3.3,5,351,0.19,204,0,0,0,0,0,0,*
H,7,25,1,3,2.55,2.1,2.9,76.25,75,78,1018.19,1018,1019,4.23,3.3,5.4,352,0.21,204,0,0,0,0,0,0,*
H,8,25,1,3,2.56,2.2,3,74.57,74,75,1019,1019,1019,4.71,0,18.7,355,0.24,204,0,0,0,0,0,0,*
H,9,25,1,3,4.16,3,5.4,65.21,53,74,1019.76,1019,1020,76.6,19.4,141.8,348,0.31,203,0,0,0,0,0,0,*
H,10,25,1,3,6.63,5.4,7.7,39.46,24,53,1020,1020,1020,209.12,143.2,271.2,14,0.3,204,0,0,0,0,0,0,*
H,11,25,1,3,8.46,7.7,9.1,11.4,9,25,1020,1020,1020,321.04,271.9,362.7,33,0.42,203,0,0,0,0,0,0,*
H,12,25,1,3,9.55,9,10.3,9.9,9,13,1020,1020,1020,390.23,363.6,406.8,45,0.32,204,0,0,0,0,0,0,*
H,13,25,1,3,10.75,10.1,11.1,23.9,10,37,1019.58,1019,1020,407.01,398.9,412.2,59,0.35,203,0,0,0,0,0,0,*
H,14,25,1,3,11.06,10.9,11.3,37.88,31,42,1019,1019,1019,376.97,345.9,399.6,71,0.42,204,0,0,0,0,0,0,*
H,15,25,1,3,11.05,10.9,11.3,41.02,38,44,1018.63,1018,1019,298.35,245.3,345.5,68,0.35,203,0,0,0,0,0,0,*
H,16,25,1,3,10.8,10.4,11.1,41.39,38,44,1018.06,1018,1019,178.79,111.8,243.9,59,0.34,203,0,0,0,0,0,0,*
H,17,25,1,3,9.81,8.9,10.5,34.14,24,40,1018,1018,1018,50.76,3.7,110.4,61,0.29,204,0,0,0,0,0,0,*
H,18,25,1,3,8.01,7.1,8.9,13.89,9,24,1018.05,1018,1019,2.6,0,4.4,48,0.36,203,0,0,0,0,0,0,*
H,19,25,1,3,7.32,7.1,7.6,9.03,9,10,1018.76,1018,1019,3.3,2.1,4.4,34,0.3,204,0,0,0,0,0,0,*
H,20,25,1,3,6.3,5.6,7.2,13.27,9,20,1019,1019,1019,3.58,2.5,4.8,17,0.25,204,0,0,0,0,0,0,*
H,21,25,1,3,5.49,5.3,5.7,19.71,17,22,1019,1019,1020,3.65,2.6,4.7,13,0.15,204,0,0,0,0,0,0,*
H,22,25,1,3,5.16,4.7,5.8,13.83,11,17,1019,1019,1020,3.82,3,5,6,0.22,203,0,0,0,0,0,0,*
H,23,25,1,3,5.09,4.8,5.7,11.03,9,16,1018.05,1018,1019,3.86,3,4.7,8,0.21,204,0,0,0,0,0,0,*
H,0,26,1,3,5,4.1,5.9,12.21,9,18,1018,1018,1018,3.9,3,4.7,8,0.26,204,0,0,0,0,0,0,2,11.3,9,90,1018,1020,*
H,1,26,1,3,3.59,2.6,4.5,27.38,18,43,1017.8,1017,1018,4.06,3,5,0,0.17,203,0,0,0,0,0,0,*
H,2,26,1,3,3.11,2.6,3.7,42.06,34,47,1017,1017,1018,4.02,3,5,358,0.13,203,0,0,0,0,0,0,*
H,3,26,1,3,2.79,1.9,3.6,42.83,34,51,1017,1017,1017,4.12,3.3,5.4,356,0.13,204,0,0,0,0,0,0,*
H,4,26,1,3,3.96,3.2,4.5,27.26,19,37,1017,1017,1017,4.13,3,5,5,0.29,204,0,0,0,0,0,0,*
H,5,26,1,3,3.36,2.5,4.4,30.24,19,41,1016.26,1016,1017,4.16,3,5,3,0.23,203,0,0,0,0,0,0,*
H,6,26,1,3,3.06,2.2,3.8,32.8,29,42,1015.75,1015,1016,4.16,3,5.4,354,0.34,204,0,0,0,0,0,0,*
H,7,26,1,3,2.87,2.4,3.2,36.73,35,42,1015,1015,1015,4.19,3.3,5,340,0.25,203,0,0,0,0,0,0,*
H,8,26,1,3,2.99,2.7,3.3,32.46,29,36,1015.36,1015,1016,6.42,0,29.3,332,0.27,204,0,0,0,0,0,0,*
H,9,26,1,3,4.03,3.2,4.7,26.89,22,31,1016,1016,1016,87.81,30.3,152.1,352,0.38,203,0,0,0,0,0,0,*
H,10,26,1,3,5.54,4.6,6.9,16.1,10,24,1015.96,1015,1016,221.78,152.8,284.2,337,0.32,203,0,0,0,0,0,0,*
H,11,26,1,3,7.95,6.8,8.8,21.91,9,40,1016,1016,1016,338.29,264.7,379,3,0.36,204,0,0,0,0,0,0,*
H,12,26,1,3,9.26,8.7,9.7,47.61,39,53,1015.99,1015,1016,405.52,379.5,422.4,42,0.42,203,0,0,0,0,0,0,*
H,13,26,1,3,9.52,9.2,9.9,46.91,44,50,1015.23,1015,1016,419.45,408.1,424.5,63,0.36,203,0,0,0,0,0,0,*
H,14,26,1,3,9.79,9.5,10.1,46.73,45,49,1015,1015,1015,386.34,354.4,412.2,64,0.36,203,0,0,0,0,0,0,*
H,15,26,1,3,10.18,9.9,10.4,46.9,45,49,1015,1015,1015,305.55,251.7,353,50,0.63,204,0,0,0,0,0,0,*
H,16,26,1,3,10.25,10.1,10.8,47.72,41,50,1015,1015,1015,184.57,113.9,250.7,53,0.71,203,0,0,0,0,0,0,*
H,17,26,1,3,9.51,8.6,10.2,33.67,27,40,1015,1015,1015,53.37,5.1,113.5,131,0.31,203,0,0,0,0,0,0,*
H,18,26,1,3,7.96,7.3,8.6,22.21,16,28,1015,1015,1015,2.46,0,5.1,152,0.21,203,0,0,0,0,0,0,*
H,19,26,1,3,6.85,6.3,7.4,12.45,11,17,1015.31,1015,1016,3.14,1.8,4.4,160,0.24,204,0,0,0,0,0,0,*
H,20,26,1,3,5.52,4.4,6.3,16.3,9,32,1015.99,1015,1016,3.51,2.1,5.2,172,0.72,203,0,0,0,0,0,0,*
H,21,26,1,3,3.95,3.3,4.4,43.97,32,52,1016.48,1016,1017,3.69,2.5,4.7,347,0.25,204,0,0,0,0,0,0,*
H,22,26,1,3,3.31,2.7,4.8,48.52,40,57,1017,1017,1017,3.93,2.6,5,358,0.21,203,0,0,0,0,0,0,*
H,23,26,1,3,3.1,2.6,3.4,52,47,57,1017,1017,1017,4.08,3,4.7,357,0.05,203,0,0,0,0,0,0,*
H,0,27,1,3,2.92,2.5,3.4,49.42,47,53,1017,1017,1017,4.14,2.8,5,12,0.22,204,0,0,0,0,0,0,1.9,10.8,9,57,1015,1018,*
H,1,27,1,3,1.94,1.1,2.7,58.88,53,68,1017,1017,1017,4.18,3,5.4,349,0.13,203,0,0,0,0,0,0,*
H,2,27,1,3,1.19,0.6,1.8,71.84,68,77,1017,1017,1017,4.23,3,5.4,354,0.1,204,0,0,0,0,0,0,*
H,3,27,1,3,0.62,0.3,0.9,79.5,77,81,1016.96,1016,1017,4.39,3.3,5.4,325,0.29,203,0,0,0,0,0,0,*
H,4,27,1,3,0.3,0,0.7,81.29,79,84,1016.57,1016,1017,4.47,3.3,5.7,343,0.28,204,0,0,0,0,0,0,*
H,5,27,1,3,0.17,0,0.4,85.22,84,86,1016.02,1016,1017,4.52,3,5.7,352,0.32,203,0,0,0,0,0,0,*
H,6,27,1,3,0.56,0.2,1,86.1,85,87,1016,1016,1016,4.44,3.3,5.4,0,0.21,204,0,0,0,0,0,0,*
H,7,27,1,3,1.01,0.8,1.3,84.77,83,86,1016,1016,1016,4.42,3,5.7,6,0.21,204,0,0,0,0,0,0,*
H,8,27,1,3,1.05,0.7,1.3,82.76,82,84,1016,1016,1017,5.41,0,18.4,3,0.22,204,0,0,0,0,0,0,*
H,9,27,1,3,1.72,1.1,2.1,79.41,76,83,1016,1016,1016,40.32,19.1,82.7,1,0.15,203,0,0,0,0,0,0,*
H,10,27,1,3,2.71,2,3.4,73.52,71,77,1016.62,1016,1017,99.27,71,136.7,4,0.18,204,0,0,0,0,0,0,*
H,11,27,1,3,4.22,3.3,5.3,62.37,44,73,1017,1017,1017,220.66,138.1,377.2,9,0.4,203,0,0,0,0,0,0,*
H,12,27,1,3,6.22,5.4,6.9,27.76,12,43,1017,1017,1017,349.83,175.8,485.5,78,0.52,204,0,0,0,0,0,0,*
H,13,27,1,3,7.23,6.5,8.1,15.24,9,22,1016.01,1016,1017,342.34,122.7,432.1,136,1.09,203,0,0,0,0,0,0,*
H,14,27,1,3,8.26,7.9,8.8,12.48,9,16,1014.96,1014,1016,366.68,310.9,392.7,250,0.68,204,0,0,0,0,0,0,*
H,15,27,1,3,8.5,8.1,9,10.96,9,13,1014,1014,1014,285.84,217.1,339,230,0.44,203,0,0,0,0,0,0,*
H,16,27,1,3,8.62,8.3,9,10.3,9,12,1014,1014,1014,170.56,103.6,234.3,250,0.44,204,0,0,0,0,0,0,*
H,17,27,1,3,8.06,7.3,8.8,14.44,10,22,1014,1014,1014,40.03,5.4,104.6,254,0.39,203,0,0,0,0,0,0,*
H,18,27,1,3,6.5,5.4,7.3,30.92,22,41,1014,1014,1014,2.64,0,5.4,233,0.24,204,0,0,0,0,0,0,*
H,19,27,1,3,5.12,4,5.8,49.84,41,55,1013.99,1013,1014,3.37,2.1,4.4,237,0.82,204,0,0,0,0,0,0,*
H,20,27,1,3,4.3,3.6,4.7,55.84,54,58,1013.69,1013,1014,3.38,2.5,4.7,189,0.28,204,0,0,0,0,0,0,*
H,21,27,1,3,3.3,2.1,4,65.05,57,75,1013,1013,1013,3.69,2.6,4.7,210,1.24,204,0,0,0,0,0,0,*
H,22,27,1,3,2.45,2.2,2.8,81.33,75,84,1013,1013,1013,3.87,3,5,52,0.41,204,0,0,0,0,0,0,*
H,23,27,1,3,2.24,1.4,2.9,84.85,83,87,1013,1013,1013,4.07,3,5,359,0.4,204,0,0,0,0,0,0,*
H,0,28,1,3,1.62,1.3,1.9,90.34,87,92,1012.41,1012,1013,4.1,3,4.7,4,0.21,204,0,0,0,0,0,0,0,9,9,92,1012,1018,*
H,1,28,1,3,1.06,0.9,1.2,93.94,92,95,1012,1012,1012,4.19,3.3,5.4,38,0.19,203,0,0,0,0,0,0,*
H,2,28,1,3,0.7,0.4,1,95,95,95,1012,1012,1012,4.18,3.3,5,43,0.49,203,0,0,0,0,0,0,*
H,3,28,1,3,0.53,0.4,0.6,94.73,94,95,1011.16,1011,1012,4.3,3,5.4,21,0.33,204,0,0,0,0,0,0,*
H,4,28,1,3,0.71,0.5,0.9,94.87,94,95,1010.43,1010,1011,4.39,3,5,12,0.2,204,0,0,0,0,0,0,*
H,5,28,1,3,0.91,0.8,1.1,93.13,93,94,1009.91,1009,1010,4.37,3.3,5.4,11,0.34,203,0,0,0,0,0,0,*
H,6,28,1,3,0.81,0.6,0.9,92.26,91,93,1009,1009,1009,4.38,3,5.7,20,0.25,204,0,0,0,0,0,0,*
H,7,28,1,3,0.88,0.7,1.1,90.42,90,92,1008.5,1008,1009,4.36,3,5.4,18,0.32,204,0,0,0,0,0,0,*
H,8,28,1,3,0.69,0.4,0.9,90.9,90,92,1008,1008,1008,4.43,0.2,14.6,347,0.76,203,0,0,0,0,0,0,*
H,9,28,1,3,1.04,0.4,1.8,90.34,88,92,1007.04,1007,1008,71.32,13.9,135.4,11,0.5,204,0,0,0,0,0,0,*
H,10,28,1,3,2.58,1.9,3.1,82.5,79,88,1006.4,1006,1007,162.52,112.5,212.3,28,0.37,203,0,0,0,0,0,0,*
H,11,28,1,3,3.43,2.9,3.9,77.18,74,80,1005.68,1005,1006,207.87,168.6,255.1,22,0.36,203,0,0,0,0,0,0,*
H,12,28,1,3,4.22,3.6,4.7,71.91,68,74,1004.38,1004,1005,213.45,123.9,333.3,35,0.43,203,0,0,0,0,0,0,*
H,13,28,1,3,5.68,4.5,6.8,63.09,57,68,1003.2,1002,1004,359.09,191.8,463.4,32,0.46,203,0,0,0,0,0,0,*
H,14,28,1,3,6.76,6.5,7.6,60.09,56,63,1001.5,1001,1003,238.53,107.7,493.3,49,0.48,204,0,0,0,0,0,0,*
H,15,28,1,3,7.02,6.7,7.3,63.96,61,67,1000.1,999,1001,254.68,207.6,297.2,44,0.46,203,0,0,0,0,0,0,*
H,16,28,1,3,7.03,6.8,7.4,68.85,64,73,999.34,999,1000,142.21,62.2,204.2,53,0.3,203,0,0,0,0,0,0,*
H,17,28,1,3,6.56,6.2,6.8,76.38,73,80,999,999,999,43.57,7.8,83.1,36,0.26,204,0,0,0,0,0,0,*
H,18,28,1,3,5.61,5,6.2,83.75,80,87,999,999,999,2.96,0.1,8.1,44,0.25,203,0,0,0,0,0,0,*
H,19,28,1,3,4.69,4.1,5.2,89.06,87,91,999,999,1000,3.62,2.5,4.7,15,0.37,204,0,0,0,0,0,0,*
H,20,28,1,3,3.86,3.5,4.2,93.04,91,95,999,999,999,3.78,2.6,5,23,0.29,204,0,0,0,0,0,0,*
H,21,28,1,3,3.29,3.1,3.5,95.76,95,97,999,999,999,3.89,2.6,4.7,354,0.42,203,0,0,0,0,0,0,*
H,22,28,1,3,3.5,3.3,3.6,95.24,94,96,999,999,1000,3.95,3,4.7,346,0.47,204,0,0,0,0,0,0,*
H,23,28,1,3,3.44,3.1,3.6,91.87,89,94,999,999,999,4.05,3,4.7,345,0.28,203,0,0,0,0,0,0,*
H,0,29,1,3,3.48,3.1,3.6,86.39,83,90,998.3,998,999,4.06,3,5,323,0.26,204,0,0,0,0,0,0,0.4,7.8,56,97,998,1012,*
H,1,29,1,3,2.97,2.4,3.3,83.21,82,84,997.86,997,998,4.13,2.6,5,354,0.39,203,0,0,0,0,0,0,*
H,2,29,1,3,1.65,1.1,2.5,86.64,84,89,997,997,998,3.87,3,5,94,0.49,204,0,0,0,0,0,0,*
H,3,29,1,3,1.09,0.8,1.4,92.39,89,94,996.9,996,997,4.14,3.3,5,241,0.54,204,0,0,0,0,0,0,*
H,4,29,1,3,0.55,0.4,0.8,94.6,94,95,995.38,995,996,4.35,3.3,5.4,326,0.46,204,0,0,0,0,0,0,*
H,5,29,1,3,0.82,0.4,1.2,92.13,91,94,994.5,994,995,4.39,3.3,5.7,325,1.02,204,0,0,0,0,0,0,*
H,6,29,1,3,0.13,-0.4,0.6,92.24,91,94,994,994,994,4.31,3,5.4,269,0.73,203,0,0,0,0,0,0,*
H,7,29,1,3,-0.16,-0.5,0,94.92,93,96,993.22,993,994,4.27,3,5.4,313,0.84,204,0,0,0,0,0,0,*
H,8,29,1,3,-0.13,-0.5,0.5,95.63,94,97,993,993,993,2.51,0,5,298,0.33,203,0,0,0,0,0,0,*
H,9,29,1,3,0.75,0.2,1.3,90.63,87,94,993,993,993,10.01,0,35.5,305,0.26,204,0,0,0,0,0,0,*
H,10,29,1,3,1.84,1.1,2.8,86.4,84,87,993,993,993,57.46,25.6,94,328,0.5,203,0,0,0,0,0,0,*
H,11,29,1,3,4.25,2.8,6.3,74.06,65,84,993,993,993,155.3,95,244.8,151,1.14,204,0,0,0,0,0,0,*
H,12,29,1,3,6.75,5.6,7.7,43.01,34,66,992.66,992,993,345.55,212,513,99,0.63,203,0,0,0,0,0,0,*
H,13,29,1,3,7.19,6.8,7.6,22.47,11,35,991.87,991,992,320.15,216.9,476.6,51,0.75,203,0,0,0,0,0,0,*
H,14,29,1,3,7.31,7.1,7.9,14.34,11,19,991,991,991,220.48,146.3,442.7,70,0.41,204,0,0,0,0,0,0,*
H,15,29,1,3,7.22,7,7.7,16.12,11,25,990.5,990,991,234.27,115.9,422.4,63,0.35,203,0,0,0,0,0,0,*
H,16,29,1,3,6.41,5.8,7.2,67.46,24,84,990.57,990,991,127.55,59.4,240.2,79,0.38,204,0,0,0,0,0,0,*
H,17,29,1,3,5.46,5,5.8,87.11,84,90,991,991,991,41.59,7.8,98.1,71,0.45,203,0,0,0,0,0,0,*
H,18,29,1,3,4.58,4.1,5,91.96,90,94,991,991,991,3.14,0,7.8,22,0.33,204,0,0,0,0,0,0,*
H,19,29,1,3,3.91,3.7,4.1,95.66,94,97,991,991,991,3.64,2.6,4.5,3,0.15,204,0,0,0,0,0,0,*
H,20,29,1,3,3.68,3.3,3.9,97,97,97,991,991,991,3.85,2.6,5,1,0.22,204,0,0,0,0,0,0,*
H,21,29,1,3,3.1,2.6,3.5,98.39,97,99,991.45,991,992,3.99,3,5.4,347,0.77,203,0,0,0,0,0,0,*
H,22,29,1,3,2.32,1.9,2.7,98.97,98,99,991.62,991,992,4.06,3.3,5,6,0.86,204,0,0,0,0,0,0,*
H,23,29,1,3,1.63,1.2,1.9,99,99,99,991.55,991,992,4.17,3.3,5,344,0.66,204,0,0,0,0,0,0,*
H,0,30,1,3,0.93,0.6,1.2,99,99,99,991.05,991,992,4.13,3.3,5.4,263,0.61,203,0,0,0,0,0,0,-0.6,7.9,11,99,990,998,*
H,1,30,1,3,0.3,-0.3,0.9,99,99,99,991,991,991,4.15,3,5,241,0.31,204,0,0,0,0,0,0,*
H,2,30,1,3,0.1,-0.2,0.4,99,99,99,991,991,991,4.19,3,5.4,224,0.38,203,0,0,0,0,0,0,*
H,3,30,1,3,0.07,-0.3,0.4,99,99,99,990.6,990,991,4.38,3.3,5.7,254,0.27,204,0,0,0,0,0,0,*
H,4,30,1,3,-0.77,-1.1,-0.1,99,99,99,990,990,990,4.6,3.7,5.7,323,0.53,203,0,0,0,0,0,0,*
H,5,30,1,3,-1.33,-1.7,-0.8,99,99,99,990,990,990,4.54,2.6,5.7,213,1.54,204,0,0,0,0,0,0,*
H,6,30,1,3,-1.76,-2,-1.3,99,99,99,990,990,990,4.53,3.3,5.7,82,0.61,204,0,0,0,0,0,0,*
H,7,30,1,3,-1.99,-2.3,-1.4,99,99,99,990,990,990,4.7,3.3,6,4,0.7,203,0,0,0,0,0,0,*
H,8,30,1,3,-1.83,-2.2,-1.5,99,99,99,990.55,990,991,4.29,0,11.8,13,0.29,204,0,0,0,0,0,0,*
H,9,30,1,3,-1.54,-2,-1,99,99,99,990.92,990,991,55.66,11.1,130.9,13,0.3,203,0,0,0,0,0,0,*
H,10,30,1,3,-0.86,-1.2,-0.2,99,99,99,991,991,991,103.03,76.2,132.3,38,0.35,204,0,0,0,0,0,0,*
H,11,30,1,3,0.56,-0.2,1.6,98.77,96,99,991,991,991,161.57,106.3,215.7,32,0.39,203,0,0,0,0,0,0,*
H,12,30,1,3,2.33,1.5,3.6,90.89,86,96,991,991,991,298.97,157.9,455.2,12,0.36,204,0,0,0,0,0,0,*
H,13,30,1,3,4.23,3.6,4.7,84.33,83,86,990.74,990,991,294.76,227.2,420.3,54,0.44,203,0,0,0,0,0,0,*
H,14,30,1,3,4.72,4.3,5.2,83.26,82,85,989.96,989,990,281.5,173.4,448.1,45,0.56,204,0,0,0,0,0,0,*
H,15,30,1,3,5.1,4.8,5.4,81.66,81,83,989,989,990,272.8,148.2,349.5,38,0.45,203,0,0,0,0,0,0,*
H,16,30,1,3,5.38,5.2,5.6,81.24,81,82,988.8,988,989,145.23,60.1,240.8,26,0.43,204,0,0,0,0,0,0,*
H,17,30,1,3,5.13,4.9,5.3,83.98,82,85,988.16,988,989,32.71,6.4,59.1,82,0.39,203,0,0,0,0,0,0,*
H,18,30,1,3,4.42,4.1,5.1,87.83,85,89,988,988,989,2.92,0.1,5.5,15,0.78,204,0,0,0,0,0,0,*
H,19,30,1,3,3.82,3.5,4.3,89.76,88,92,988.03,988,989,3.7,2.8,4.4,341,0.22,203,0,0,0,0,0,0,*
H,20,30,1,3,3.4,3.3,3.6,91.96,91,92,988,988,988,3.87,2.6,4.7,344,0.19,204,0,0,0,0,0,0,*
H,21,30,1,3,3.66,3.4,3.9,88.02,85,91,987.7,987,988,3.96,3,5,342,0.26,203,0,0,0,0,0,0,*
H,22,30,1,3,3.68,3.4,4,81.03,79,85,987,987,987,3.97,2.6,5,25,0.22,204,0,0,0,0,0,0,*
H,23,30,1,3,3.14,3,3.4,79.35,79,80,986.99,986,987,4.06,3,5,15,0.24,204,0,0,0,0,0,0,*
H,0,31,1,3,2.77,2.7,3,79.4,79,80,986.9,986,987,4.03,2.6,5,21,0.28,203,0,0,0,0,0,0,-2.3,5.6,79,99,986,991,*
H,1,31,1,3,3.36,2.7,3.8,75.03,71,79,987,987,987,4,2.8,5,31,0.27,204,0,0,0,0,0,0,*
H,2,31,1,3,3.5,3,4,68.63,66,72,987,987,987,4.02,3,5,33,0.3,204,0,0,0,0,0,0,*
H,3,31,1,3,2.88,2.7,3,73.58,72,75,987.42,987,988,4.06,3,5.4,19,0.26,204,0,0,0,0,0,0,*
H,4,31,1,3,2.52,2.1,2.8,75.74,75,76,987.43,987,988,4.11,3.3,5,29,0.32,204,0,0,0,0,0,0,*
H,5,31,1,3,1.79,1.5,2.3,77.38,75,80,988,988,988,4.27,3,5.4,353,0.22,204,0,0,0,0,0,0,*
H,6,31,1,3,1.51,1.2,1.9,80.99,79,82,988.61,988,989,4.38,3.3,5.4,355,0.13,204,0,0,0,0,0,0,*
H,7,31,1,3,0.88,0.2,1.7,80.65,78,86,989.17,989,990,4.39,3.3,5.7,352,0.09,204,0,0,0,0,0,0,*
H,8,31,1,3,0.06,-0.7,0.6,88.66,86,91,990,990,990,4.56,0,25.6,349,0.53,204,0,0,0,0,0,0,*
H,9,31,1,3,1,0.5,1.9,82.18,76,88,990.07,990,991,89.04,27.6,153.9,20,0.43,204,0,0,0,0,0,0,*
H,10,31,1,3,2.96,1.9,4.1,68.22,59,76,991,991,991,210.35,154.9,273.9,21,0.83,204,0,0,0,0,0,0,*
H,11,31,1,3,5.24,4,6.4,36.7,24,59,991.48,991,992,332,232.2,369.5,59,0.67,203,0,0,0,0,0,0,*
H,12,31,1,3,6.86,6.1,7.8,15.06,9,28,992.8,992,993,406.27,344.6,479.3,116,0.43,204,0,0,0,0,0,0,*
H,13,31,1,3,7.96,7.1,8.8,35.87,27,48,993.6,993,994,445.35,275.7,551.4,148,0.87,203,0,0,0,0,0,0,*
H,14,31,1,3,8.27,7.6,9.4,39.93,29,50,994,994,994,312.28,184,499.1,230,1.19,204,0,0,0,0,0,0,*
H,15,31,1,3,8.21,7.8,8.8,35.35,27,39,994.26,994,995,270.19,115.2,445.4,285,0.55,203,0,0,0,0,0,0,*
H,16,31,1,3,8.11,7.8,8.5,37.84,34,42,995,995,995,145.76,102.6,206.9,247,0.54,203,0,0,0,0,0,0,*
H,17,31,1,3,7.79,7.1,8.4,37.28,27,42,995.89,995,996,56.47,13.6,117.3,300,0.54,204,0,0,0,0,0,0,*
H,18,31,1,3,6.23,5.6,7.1,17.46,12,27,996.66,996,997,3.11,0,13.2,88,1.2,203,0,0,0,0,0,0,*
H,19,31,1,3,4.88,4,5.7,13.61,9,22,997.49,997,998,3.32,1.8,4.5,109,0.33,204,0,0,0,0,0,0,*
H,20,31,1,3,4.31,3.9,4.6,28.74,21,39,998.35,998,999,3.41,2.5,4.4,83,0.31,204,0,0,0,0,0,0,*
H,21,31,1,3,3.46,2.9,4.2,47.51,39,57,999.27,999,1000,3.73,2.5,5,38,0.7,204,0,0,0,0,0,0,*
H,22,31,1,3,2.76,2.5,3,56.2,52,58,1000,1000,1000,3.88,2.6,5,35,0.28,203,0,0,0,0,0,0,*
H,23,31,1,3,2.69,2.5,2.9,37.87,27,52,1000.81,1000,1001,4.1,3,5,25,0.24,204,0,0,0,0,0,0,*
H,0,1,2,3,2.74,2.4,3,21.11,9,35,1001.7,1001,1002,4.1,3,5.4,33,0.19,204,0,0,0,0,0,0,-0.7,9.6,9,91,987,1002,*
H,1,1,2,3,2.5,1.9,2.9,37.5,33,42,1002.62,1002,1003,4.25,3,5.4,17,0.23,203,0,0,0,0,0,0,*
H,2,1,2,3,1.81,1.6,2.1,31.47,29,34,1003.01,1003,1004,4.29,3.3,5.7,14,0.1,204,0,0,0,0,0,0,*
H,3,1,2,3,0.63,0,1.5,14.03,9,30,1004,1004,1004,4.41,3.3,5.7,19,0.41,204,0,0,0,0,0,0,*
H,4,1,2,3,1.32,0.2,1.9,33.1,9,46,1004,1004,1004,4.2,3,5.4,35,0.38,204,0,0,0,0,0,0,*
H,5,1,2,3,0.08,-0.3,0.6,11.99,9,28,1004,1004,1004,4.48,3.3,5.7,8,0.24,204,0,0,0,0,0,0,*
H,6,1,2,3,-0.25,-0.9,0.1,10.28,9,13,1004.12,1004,1005,4.46,3.3,5.7,17,0.29,204,0,0,0,0,0,0,*
H,7,1,2,3,-1.41,-2.3,-0.1,27.06,9,52,1004.98,1004,1005,4.7,3.3,5.7,345,0.31,203,0,0,0,0,0,0,*
H,8,1,2,3,-1.9,-2.8,-1.1,46.16,32,57,1005.8,1005,1006,7.3,0,32.4,1,0.66,204,0,0,0,0,0,0,*
H,9,1,2,3,-0.85,-1.6,0.6,37.95,24,48,1006.61,1006,1007,99.93,33.1,172.4,331,0.63,203,0,0,0,0,0,0,*
H,10,1,2,3,2.18,0.4,3.6,27.36,9,52,1007,1007,1007,240.05,171.3,306.7,9,1.04,203,0,0,0,0,0,0,*
H,11,1,2,3,4.14,3.6,4.9,57.43,53,60,1007.56,1007,1008,360.31,308.8,407,69,0.4,204,0,0,0,0,0,0,*
H,12,1,2,3,5.16,4.6,5.5,65.15,60,67,1007.8,1007,1008,429.24,405.9,444.8,54,0.53,203,0,0,0,0,0,0,*
H,13,1,2,3,6.15,5.4,7.4,65.17,64,66,1007,1007,1007,439.98,430.7,446.5,93,1,203,0,0,0,0,0,0,*
H,14,1,2,3,6.34,5.7,7.1,63.8,62,66,1006.48,1006,1007,411.01,382.4,438.5,116,0.52,203,0,0,0,0,0,0,*
H,15,1,2,3,6.21,5.9,6.8,65.14,63,67,1006,1006,1006,330.93,275.3,381.4,118,0.53,204,0,0,0,0,0,0,*
H,16,1,2,3,6.16,5.9,6.5,66.43,65,68,1006,1006,1007,209.51,138.8,274.6,101,0.5,203,0,0,0,0,0,0,*
H,17,1,2,3,5.78,5,6.3,64.75,61,67,1006.36,1006,1007,72.03,15.6,137.8,115,0.39,203,0,0,0,0,0,0,*
H,18,1,2,3,3.87,3.1,5.1,49.67,38,61,1007.18,1007,1008,3.47,0,14.6,133,0.24,204,0,0,0,0,0,0,*
H,19,1,2,3,2.53,2,3.1,25.52,21,38,1008,1008,1008,3.4,2.3,4.4,95,0.25,203,0,0,0,0,0,0,*
H,20,1,2,3,1.62,1.3,2,15.88,13,21,1008.75,1008,1009,3.87,3,5,93,0.25,204,0,0,0,0,0,0,*
H,21,1,2,3,1.01,0.6,1.3,12.75,11,14,1009,1009,1009,4.19,3,5,30,0.52,204,0,0,0,0,0,0,*
H,22,1,2,3,0.47,0.2,0.9,9.36,9,11,1009,1009,1009,4.38,3.7,5.4,9,0.19,203,0,0,0,0,0,0,*
H,23,1,2,3,0.23,0,0.4,14.94,10,18,1009,1009,1009,4.39,3,5.7,31,0.38,204,0,0,0,0,0,0,*
H,0,2,2,3,-0.14,-0.6,0.4,15.97,11,20,1009,1009,1009,4.38,3.3,5.7,45,0.51,204,0,0,0,0,0,0,-2.8,7.6,9,68,1002,1009,*
H,1,2,2,3,-0.86,-1.4,-0.5,10.11,9,15,1009,1009,1009,4.69,3.3,6,353,0.14,203,0,0,0,0,0,0,*
H,2,2,2,3,-1.68,-1.9,-1.4,29.58,15,36,1009,1009,1009,4.73,3.7,5.7,336,0.18,203,0,0,0,0,0,0,*
H,3,2,2,3,-1.8,-1.9,-1.6,33.72,33,35,1009,1009,1009,4.8,3.7,5.7,343,0.2,203,0,0,0,0,0,0,*
H,4,2,2,3,-2.15,-2.4,-1.9,37.79,33,40,1008.69,1008,1009,4.8,3.7,6,358,0.31,204,0,0,0,0,0,0,*
H,5,2,2,3,-2.54,-2.7,-2.4,44.7,40,48,1008.18,1008,1009,4.87,4,6,4,0.09,203,0,0,0,0,0,0,*
H,6,2,2,3,-2.86,-3.1,-2.7,44.09,43,45,1008.27,1008,1009,4.9,4,6,359,0.14,204,0,0,0,0,0,0,*
H,7,2,2,3,-2.88,-3,-2.4,41.24,38,44,1008.2,1008,1009,4.93,4,6,4,0.11,203,0,0,0,0,0,0,*
H,8,2,2,3,-2.46,-2.7,-2.3,30.83,26,38,1008.91,1008,1009,9.69,0,32.7,15,0.27,204,0,0,0,0,0,0,*
H,9,2,2,3,-2.35,-2.7,-1.6,35.36,27,40,1009,1009,1009,87.28,33.8,150.4,34,0.33,203,0,0,0,0,0,0,*
H,10.01,2,2,3,-0.89,-1.6,-0.5,24.59,14,38,1009,1009,1009,224.4,160.3,277.3,60,0.32,132,0,0,0,0,0,0,*
H,11.01,2,2,3,9999,5000,-5000,9999,5000,-5000,9999,5000,-5000,9999,5000,-5000,9999,0,0,9999,5000,-5000,9999,5000,-5000,*
H,12,2,2,3,0.84,0.4,1.2,31.39,16,38,1009,1009,1009,357.81,202,454.5,80,0.5,194,0,0,0,0,0,0,*
H,13,2,2,3,1.32,0.8,2.2,38.39,33,43,1008.23,1008,1009,393.52,191.8,444.3,75,0.89,203,0,0,0,0,0,0,*
H,14,2,2,3,2.38,1.6,3.1,44.02,41,47,1008,1008,1008,402.91,370.4,435.3,229,1.22,203,0,0,0,0,0,0,*
H,15,2,2,3,2.93,2.5,3.3,47,46,48,1007.57,1007,1008,321.37,268.1,372.3,231,0.59,204,0,0,0,0,0,0,*
H,16,2,2,3,3.09,2.7,3.5,45.47,44,47,1007.28,1007,1008,200.74,130.4,266.9,226,0.56,203,0,0,0,0,0,0,*
H,17,2,2,3,2.72,2.4,3.1,41.17,38,45,1007.21,1007,1008,67.3,13.4,129.5,225,0.37,203,0,0,0,0,0,0,*
H,18,2,2,3,1.67,0.9,2.4,30.06,20,38,1007.99,1007,1008,3.6,0.1,12.9,258,0.27,203,0,0,0,0,0,0,*
H,19,2,2,3,0.36,0,0.9,11.83,9,20,1008,1008,1008,3.76,2.3,5,193,1.07,204,0,0,0,0,0,0,*
H,20,2,2,3,-0.3,-0.9,0.2,16.96,9,23,1008,1008,1008,3.98,3,5,142,0.27,204,0,0,0,0,0,0,*
H,21,2,2,3,-1.21,-1.5,-0.9,35.01,24,44,1008,1008,1008,4.46,3,5.7,100,1.17,203,0,0,0,0,0,0,*
H,22,2,2,3,-1.34,-1.5,-1,46.11,44,48,1008,1008,1008,4.55,3.7,5.4,358,0.4,204,0,0,0,0,0,0,*
H,23,2,2,3,-1.36,-1.6,-1,51.83,45,56,1008,1008,1008,4.68,3.7,5.7,334,0.45,203,0,0,0,0,0,0,*
H,0,3,2,3,-1.97,-2.5,-1.6,59.56,55,65,1008,1008,1008,4.67,3.7,5.7,6,0.15,204,0,0,0,0,0,0,-2.5,3.6,9,65,1007,1010,*
H,1,3,2,3,-2.32,-2.4,-2.2,69.68,66,72,1008,1008,1008,4.77,3.7,6,352,0.16,203,0,0,0,0,0,0,*
H,2,3,2,3,-2.74,-3.2,-2.2,73.51,70,78,1007.09,1007,1008,4.82,3.7,6,4,0.53,203,0,0,0,0,0,0,*
H,3,3,2,3,-2.98,-3.1,-2.8,80.43,78,82,1007,1007,1007,4.74,3.9,5.7,29,0.29,203,0,0,0,0,0,0,*
H,4,3,2,3,-2.85,-2.9,-2.7,77.94,77,79,1006.24,1006,1007,4.86,3.7,5.7,13,0.19,204,0,0,0,0,0,0,*
H,5,3,2,3,-2.93,-3.1,-2.7,78.46,77,80,1005.39,1005,1006,4.8,3.7,6,41,0.43,203,0,0,0,0,0,0,*
H,6,3,2,3,-2.9,-3.1,-2.7,77.18,76,79,1005,1005,1005,4.88,4,6,348,0.31,204,0,0,0,0,0,0,*
H,7,3,2,3,-3.06,-3.2,-2.9,80.67,79,82,1005,1005,1005,4.91,3.3,5.7,17,0.23,203,0,0,0,0,0,0,*
H,8,3,2,3,-3.13,-3.3,-2.9,81.9,81,85,1005,1005,1005,5,0.2,16,6,0.14,204,0,0,0,0,0,0,*
H,9,3,2,3,-2.93,-3.1,-2.4,83.09,82,85,1005,1005,1005,62.58,15.6,160.7,14,0.32,203,0,0,0,0,0,0,*
H,10,3,2,3,-1.61,-2.4,-0.6,67.06,42,82,1004.93,1004,1005,196.16,105.9,266.7,23,0.31,203,0,0,0,0,0,0,*
H,11,3,2,3,0.1,-0.7,1.3,37.49,27,42,1004.28,1004,1005,316.29,217.1,384.7,47,0.52,203,0,0,0,0,0,0,*
H,12,3,2,3,1.39,0.5,2.3,21.86,18,27,1004,1004,1004,394.69,320.7,430.8,65,0.48,204,0,0,0,0,0,0,*
H,13,3,2,3,2.56,1.9,3.3,11.6,9,18,1003.09,1003,1004,397.52,325.9,433.3,82,0.94,203,0,0,0,0,0,0,*
H,14,3,2,3,3.4,2.7,4.5,12,9,16,1002.24,1002,1003,296.66,177.3,380,97,1.04,203,0,0,0,0,0,0,*
H,15,3,2,3,3.78,3.3,4.5,13.09,11,15,1001.06,1001,1002,246.98,119,417.5,134,0.63,203,0,0,0,0,0,0,*
H,16,3,2,3,3.32,3.2,3.5,12,9,14,1000.47,1000,1001,113.26,72.1,259.6,91,0.49,204,0,0,0,0,0,0,*
H,17,3,2,3,3.04,2.8,3.3,11.17,9,15,1000,1000,1000,26.76,8.1,113.1,56,0.26,203,0,0,0,0,0,0,*
H,18,3,2,3,2.55,2.3,2.9,18.62,14,21,999.25,999,1000,3.18,0,8.5,37,0.27,204,0,0,0,0,0,0,*
H,19,3,2,3,2.1,1.9,2.4,26.65,21,30,998.41,998,999,3.95,3.3,5,23,0.24,204,0,0,0,0,0,0,*
H,20,3,2,3,1.74,1.6,1.9,32.94,29,37,997.41,996,998,4.06,3.3,5.7,16,0.23,204,0,0,0,0,0,0,*
H,21,3,2,3,1.48,1.3,1.6,37.62,36,39,995.59,995,996,4.1,3,5,14,0.26,204,0,0,0,0,0,0,*
H,22,3,2,3,1.22,1.1,1.4,37.72,36,39,994.25,994,995,4.25,3.3,5,16,0.37,204,0,0,0,0,0,0,*
H,23,3,2,3,1.18,1.1,1.3,39.01,37,43,992.47,992,994,4.18,3,5,12,0.29,203,0,0,0,0,0,0,*
H,0,4,2,3,0.77,0.2,1.1,55.89,43,76,991.05,990,992,4.33,3.7,5.4,16,0.34,204,0,0,0,0,0,0,-3.3,4.6,9,85,990,1008,*
H,1,4,2,3,-0.11,-0.3,0.2,91.8,76,99,989.62,988,990,4.32,3,5.4,8,0.24,204,0,0,0,0,0,0,*
H,2,4,2,3,0.11,-0.1,0.3,99,99,99,987.55,987,988,4.38,3.3,5.4,7,0.31,204,0,0,0,0,0,0,*
H,3,4,2,3,0.35,0.3,0.4,99,99,99,986.64,986,987,4.45,3.7,5.4,5,0.25,204,0,0,0,0.4,0,0.4,*
H,4,4,2,3,0.54,0.4,0.6,99,99,99,985.27,985,986,4.41,3,5.4,19,0.41,204,0,0,0,1,0,1,*
H,5,4,2,3,0.73,0.6,0.9,99,99,99,983.96,983,985,4.39,3,5.7,331,0.48,203,0,0,0,0.6,0,0.6,*
H,6,4,2,3,0.82,0.7,1,99,99,99,982.95,982,983,4.39,3.3,5.4,273,0.5,204,0,0,0,0.6,0,0.6,*
H,7,4,2,3,0.8,0.6,1,99,99,99,981.74,981,982,4.36,3.3,5.4,267,0.41,204,0,0,0,0.4,0,0.4,*
H,8,4,2,3,0.72,0.6,1,99,99,99,980.8,980,981,2.76,0,5,279,0.62,204,0,0,0,0.2,0,0.2,*
H,9,4,2,3,0.96,0.8,1.3,99,99,99,980.17,979,981,8.94,0,22.1,272,0.75,204,0,0,0,0.2,0,0.2,*
H,10,4,2,3,1.36,1,1.6,99,99,99,979,979,979,32.24,13.2,55.3,228,0.68,203,0,0,0,0.2,0,0.2,*
H,11,4,2,3,1.54,1.3,2.2,99,99,99,979,979,979,17.71,5.4,41,245,0.58,204,0,0,0,0,0,0,*
H,12,4,2,3,1.78,1.5,2.1,99,99,99,978.9,978,979,59.67,27,110.4,267,0.48,203,0,0,0,0,0,0,*
H,13,4,2,3,2.74,1.9,4.2,99,99,99,977.43,977,978,128.88,98.7,154.2,266,0.41,203,0,0,0,0,0,0,*
H,14,4,2,3,4.1,3.2,5.8,99,99,99,977,977,977,65.32,9,106.6,214,0.36,204,0,0,0,0,0,0,*
H,15,4,2,3,2.89,2.2,3.8,99,99,99,977,977,977,20.8,7.4,32.1,262,0.53,203,0,0,0,1.6,0,1.6,*
H,16,4,2,3,2.29,1.8,2.6,99,99,99,977.97,977,978,11.93,1.3,30.7,335,0.44,204,0,0,0,2.8,0,2.8,*
H,17,4,2,3,2.08,1.7,2.5,99,99,99,978.18,978,979,1.92,0,3.7,6,0.26,203,0,0,0,5.4,0,5.4,*
H,18,4,2,3,3.16,2.5,3.5,99,99,99,978,978,978,3.83,2.6,5,55,0.7,204,0,0,0,0.8,0,0.8,*
H,19,4,2,3,3.6,3.5,3.7,99,99,99,978.67,978,979,4.16,3,5,93,1.06,204,0,0,0,0.2,0,0.2,*
H,20,4,2,3,3.34,3.1,3.5,99,99,99,979.58,979,980,4.05,3,5,219,1.35,203,0,0,0,0,0,0,*
H,21,4,2,3,2.94,2.7,3.2,99,99,99,980.42,980,981,4.09,3,5.4,276,0.83,204,0,0,0,0,0,0,*
H,22,4,2,3,2.9,2.7,3.1,99,99,99,981,981,981,4.1,3.3,5,298,0.45,204,0,0,0,0,0,0,*
H,23,4,2,3,2.63,2.5,2.7,99,99,99,981,981,981,4.1,3.3,5,292,0.33,203,0,0,0,0,0,0,*
H,0,5,2,3,2.61,2.5,2.7,99,99,99,981.39,981,982,4.16,3.3,5,284,0.3,204,0,0,0,0,0,0,-0.3,5.8,76,99,977,990,*
H,1,5,2,3,2.63,2.5,2.8,99,99,99,982,982,982,4.18,3.3,5.4,279,0.34,203,0,0,0,0,0,0,*
H,2,5,2,3,2.74,2.6,2.8,99,99,99,982.28,982,983,4.09,3.3,5,273,0.31,204,0,0,0,0,0,0,*
H,3,5,2,3,2.57,2.4,2.7,99,99,99,983,983,983,4.13,3,5,280,0.41,204,0,0,0,0,0,0,*
H,4,5,2,3,2.23,2,2.5,99,99,99,982.97,982,983,4.18,3.3,5.4,274,0.27,204,0,0,0,0,0,0,*
H,5,5,2,3,1.86,1.7,2.1,99,99,99,982.67,982,983,4.11,2.6,5,246,0.2,204,0,0,0,0,0,0,*
H,6,5,2,3,1.63,1.4,1.7,99,99,99,983.22,983,984,4.17,3,5,242,0.24,203,0,0,0,0,0,0,*
H,7,5,2,3,1.55,1.2,1.7,99,99,99,984.07,984,985,4.26,3.3,5,230,0.28,204,0,0,0,0,0,0,*
H,8,5,2,3,0.98,0.6,1.4,99,99,99,985,985,985,6.04,0.2,19.1,235,1.29,204,0,0,0,0,0,0,*
H,9,5,2,3,1.19,0.8,1.5,99,99,99,985.89,985,986,47.13,19.1,80.7,280,0.65,204,0,0,0,0,0,0,*
H,10,5,2,3,3.22,1.1,5.3,89.38,80,99,986,986,986,170.16,81.3,321.4,320,0.55,203,0,0,0,0,0,0,*
H,11,5,2,3,6.07,4.3,7,74.29,61,90,986.83,986,987,329.57,240.7,395.4,129,0.65,204,0,0,0,0,0,0,*
H,12,5,2,3,7.42,6.2,8.9,32.41,9,60,987,987,988,410.95,196.1,537.8,135,0.54,204,0,0,0,0,0,0,*
H,13,5,2,3,9.63,8.6,10.6,63.44,47,71,987,987,987,485.27,363.3,530.2,185,0.66,203,0,0,0,0,0,0,*
H,14,5,2,3,10.12,9.2,11.4,65.95,59,71,986.81,986,987,437.73,412.6,458.1,216,0.49,204,0,0,0,0,0,0,*
H,15,5,2,3,10.04,9.8,10.5,72.35,70,74,986,986,987,364.45,261.7,414.3,249,0.37,203,0,0,0,0,0,0,*
H,16,5,2,3,9.77,9.4,10.3,72.18,70,75,986.69,986,987,193.72,95.4,287.7,303,0.66,203,0,0,0,0,0,0,*
H,17,5,2,3,9.31,8.8,9.6,75.25,74,76,987,987,987,113.46,23.2,186.3,347,0.29,204,0,0,0,0,0,0,*
H,18,5,2,3,7.99,7.1,8.8,73.01,71,75,987.48,987,988,6.4,0,23.2,336,0.33,204,0,0,0,0,0,0,*
H,19,5,2,3,6.59,5.9,7.3,69.59,67,72,988.58,988,989,3.45,2.1,4.8,354,0.31,203,0,0,0,0,0,0,*
H,20,5,2,3,6.11,5.7,6.4,71.15,70,72,989.55,989,990,3.71,2.1,4.7,350,0.2,204,0,0,0,0,0,0,*
H,21,5,2,3,5.7,5.4,6,72.05,71,73,990.18,990,991,3.75,2.8,4.7,347,0.22,204,0,0,0,0,0,0,*
H,22,5,2,3,4.49,3.9,5.6,68.66,67,72,991,991,991,3.88,2.6,4.7,323,0.21,204,0,0,0,0,0,0,*
H,23,5,2,3,3.16,2.4,4,63.46,59,67,991.89,991,992,3.98,2.6,5,318,0.16,203,0,0,0,0,0,0,*
H,0,6,2,3,2.14,1.7,2.4,56.74,54,59,992.11,992,993,4.04,3,5.4,310,0.14,204,0,0,0,0,0,0,0.6,11.4,9,99,982,993,*
H,1,6,2,3,0.9,0.3,1.9,45.02,35,55,993,993,993,4.19,3,5,313,0.32,203,0,0,0,0,0,0,*
H,2,6,2,3,0.37,-0.2,0.9,32.62,19,40,993.3,993,994,4.28,3.3,5.4,288,0.36,204,0,0,0,0,0,0,*
H,3,6,2,3,0.34,-0.2,1.3,25.05,16,43,994,994,994,4.28,3.3,5.4,289,0.33,204,0,0,0,0,0,0,*
H,4,6,2,3,1.67,1,2,48.92,42,51,994.58,994,995,4.36,3.3,6,318,0.18,204,0,0,0,0,0,0,*
H,5,6,2,3,2.37,1.9,2.7,55.61,52,58,995.14,995,996,4.51,3.7,5.4,320,0.15,204,0,0,0,0,0,0,*
H,6,6,2,3,1.64,0.7,2.2,53.66,48,57,996,996,996,4.43,3.7,5.4,314,0.18,203,0,0,0,0,0,0,*
H,7,6,2,3,1.32,0.7,1.7,51.23,47,54,996.71,996,998,4.35,2.6,5.4,307,0.21,204,0,0,0,0,0,0,*
H,8,6,2,3,1.59,1.2,2.1,54.62,53,56,997.71,997,998,12.96,0,44.7,313,0.22,204,0,0,0,0,0,0,*
H,9,6,2,3,2.87,2.1,3.6,56.12,55,57,998.92,998,999,105.43,28.3,178.8,313,0.26,203,0,0,0,0,0,0,*
H,10,6,2,3,5.12,3.5,7,57.14,55,61,999,999,999,246.16,96.4,350.2,307,0.34,204,0,0,0,0,0,0,*
H,11,6,2,3,8.03,7,8.8,67.55,61,73,999.75,999,1000,404.13,350.2,450.9,291,0.45,203,0,0,0,0,0,0,*
H,12,6,2,3,9.04,8.7,9.6,75.96,72,78,1000,1000,1000,482.52,451.7,501.5,306,0.67,203,0,0,0,0,0,0,*
H,13,6,2,3,9.55,9,10.2,77.38,76,79,1000.03,1000,1001,492.46,483.4,500.8,256,0.69,203,0,0,0,0,0,0,*
H,14,6,2,3,10.1,9.5,10.4,77.35,76,78,1000.98,1000,1001,457.98,423.8,483.4,227,0.49,203,0,0,0,0,0,0,*
H,15,6,2,3,10.2,9.6,10.7,77.04,76,78,1001,1001,1001,374.26,317.8,423.1,230,0.37,203,0,0,0,0,0,0,*
H,16,6,2,3,10.13,9.8,10.5,76.65,75,78,1001.6,1001,1002,246.74,173.4,316.8,227,0.31,203,0,0,0,0,0,0,*
H,17,6,2,3,9.82,9,10.3,74.82,73,77,1002.25,1002,1003,95.61,30,172,250,0.6,203,0,0,0,0,0,0,*
H,18,6,2,3,8.29,7.5,9.4,72.29,70,74,1003.23,1003,1004,6.52,0,29.7,316,0.72,204,0,0,0,0,0,0,*
H,19,6,2,3,6.37,5.4,7.5,71.73,69,73,1004.34,1004,1005,3.5,2.5,4.5,351,0.38,203,0,0,0,0,0,0,*
H,20,6,2,3,5.46,5,5.8,70.66,70,72,1005.15,1005,1006,3.59,2.1,4.8,342,0.24,203,0,0,0,0,0,0,*
H,21,6,2,3,4.78,4.2,5.1,69.5,68,70,1006.07,1006,1007,3.85,3,4.7,334,0.26,204,0,0,0,0,0,0,*
H,22,6,2,3,4.25,3.8,4.7,67.84,67,69,1007,1007,1007,3.9,3,4.7,326,0.25,203,0,0,0,0,0,0,*
H,23,6,2,3,4.54,4.3,4.9,69.65,69,70,1007.59,1007,1008,3.95,2.6,5,324,0.28,203,0,0,0,0,0,0,*
H,0,7,2,3,4.05,3.4,4.7,69.63,68,71,1008.13,1008,1009,4,3.3,5,328,0.26,204,0,0,0,0,0,0,-0.2,10.8,16,79,993,1009,*
H,1,7,2,3,2.89,2.4,3.4,66.84,65,68,1009,1009,1009,4.12,3,5,333,0.28,203,0,0,0,0,0,0,*
H,2,7,2,3,1.74,1.3,2.6,61,58,65,1009.14,1009,1010,4.2,3.3,5.4,9,0.14,204,0,0,0,0,0,0,*
H,3,7,2,3,1.11,0.7,1.9,56.58,54,60,1010,1010,1010,4.19,3.3,5,22,0.35,204,0,0,0,0,0,0,*
H,4,7,2,3,0.79,0.2,1.6,55.94,53,58,1010,1010,1010,4.47,3.3,5.4,13,0.23,203,0,0,0,0,0,0,*
H,5,7,2,3,0.52,0.2,0.9,53.02,52,55,1010.27,1010,1011,4.39,3,6.4,21,0.16,204,0,0,0,0,0,0,*
H,6,7,2,3,-0.58,-1.3,0.4,48.81,44,52,1011,1011,1011,4.42,3.3,5.4,209,0.58,203,0,0,0,0,0,0,*
H,7,7,2,3,-0.65,-1.5,0.7,47.83,40,55,1011.3,1011,1012,4.23,3.3,5.4,191,0.73,204,0,0,0,0,0,0,*
H,8,7,2,3,-0.94,-1.6,-0.1,39.25,35,44,1012,1012,1012,14.98,0,59.7,254,0.37,203,0,0,0,0,0,0,*
H,9,7,2,3,0.94,-1,2.5,46.67,36,54,1012.47,1012,1013,149.71,58.7,243.1,210,0.8,203,0,0,0,0,0,0,*
H,10,7,2,3,3.71,2.5,4.6,57.53,53,60,1013,1013,1013,294.24,240.7,418.9,246,0.56,203,0,0,0,0,0,0,*
H,11,7,2,3,5.6,4.4,6.9,62.86,58,69,1013,1013,1013,418.6,387.8,459.6,244,0.5,204,0,0,0,0,0,0,*
H,12,7,2,3,7.28,6.3,8.1,71.44,69,75,1013,1013,1013,483.8,458.6,503.4,226,0.41,203,0,0,0,0,0,0,*
H,13,7,2,3,7.97,7.2,9.2,72.44,70,75,1012.99,1012,1013,495.42,483,503.2,238,0.36,203,0,0,0,0,0,0,*
H,14,7,2,3,8.73,8.2,9.2,74.09,72,75,1012.46,1012,1013,460.25,421.4,499.4,224,0.56,203,0,0,0,0,0,0,*
H,15,7,2,3,9.07,8.5,9.7,74.3,72,76,1012,1012,1012,375.4,127.6,443.4,214,0.89,203,0,0,0,0,0,0,*
H,16,7,2,3,7.98,7.4,9.5,63.25,56,77,1012,1012,1012,240.5,166.5,329.4,123,0.54,203,0,0,0,0,0,0,*
H,17,7,2,3,6.72,5.7,7.4,49.3,39,57,1012,1012,1012,75.52,10.9,165.5,125,0.31,203,0,0,0,0,0,0,*
H,18,7,2,3,4.63,3.8,5.7,22.84,14,39,1012.07,1012,1013,3.43,0,10.9,96,0.26,204,0,0,0,0,0,0,*
H,19,7,2,3,3.36,2.9,4,10.93,9,16,1012.77,1012,1013,3.56,2.3,4.7,59,0.43,203,0,0,0,0,0,0,*
H,20,7,2,3,2.32,2,2.9,25.92,17,30,1013,1013,1013,3.91,2.6,4.7,27,0.21,204,0,0,0,0,0,0,*
H,21,7,2,3,2.07,1.6,2.4,24.48,21,31,1013.23,1013,1014,4.09,3,5,18,0.26,203,0,0,0,0,0,0,*
H,22,7,2,3,1.32,1,1.6,31.75,27,34,1013.99,1013,1014,4.3,3.3,5.4,9,0.11,204,0,0,0,0,0,0,*
H,23,7,2,3,0.8,0.6,1,23.73,17,29,1014,1014,1014,4.34,3.3,5.4,21,0.23,204,0,0,0,0,0,0,*
H,0,8,2,3,0.73,0.3,0.9,13.62,11,19,1014,1014,1014,4.46,3,6.4,11,0.14,203,0,0,0,0,0,0,-1.6,9.8,9,77,1009,1014,*
H,1,8,2,3,0.18,-0.1,0.4,28.58,19,35,1014,1014,1014,4.49,3.3,5.7,10,0.11,204,0,0,0,0,0,0,*
H,2,8,2,3,0.03,-0.1,0.2,26.28,15,36,1014,1014,1014,4.49,3.3,5.7,26,0.27,203,0,0,0,0,0,0,*
H,3,8,2,3,-0.07,-0.2,0,11.38,10,15,1014,1014,1014,4.54,3.7,5.7,27,0.21,204,0,0,0,0,0,0,*
H,4,8,2,3,-0.47,-0.7,-0.2,10.63,10,11,1014,1014,1014,4.57,3.7,5.7,16,0.18,204,0,0,0,0,0,0,*
H,5,8,2,3,-1.05,-1.5,-0.7,21.51,10,35,1014,1014,1014,4.68,3.7,5.7,9,0.16,203,0,0,0,0,0,0,*
H,6,8,2,3,-1.42,-1.6,-1.2,35.25,33,38,1013.49,1013,1014,4.7,3.7,5.7,11,0.15,204,0,0,0,0,0,0,*
H,7,8,2,3,-1.2,-1.6,-0.9,30.5,27,37,1013.86,1013,1014,4.73,3.7,6,7,0.14,203,0,0,0,0,0,0,*
H,8,8,2,3,-1.82,-2.1,-1.5,45.51,37,51,1014,1014,1014,10.77,0.2,45.7,8,0.19,204,0,0,0,0,0,0,*
H,9,8,2,3,-0.14,-1.5,1.4,30.62,10,49,1014,1014,1014,113.88,46.4,187,356,0.14,203,0,0,0,0,0,0,*
H,10,8,2,3,2.95,1.4,4.2,23.98,9,41,1014,1014,1014,260.54,187,321.1,8,0.27,204,0,0,0,0,0,0,*
H,11,8,2,3,4.67,4,5.3,48.38,41,53,1014,1014,1014,373.44,320.7,421,14,0.39,203,0,0,0,0,0,0,*
H,12,8,2,3,5.75,4.9,6.6,55.72,53,58,1013.84,1013,1014,448.19,419.6,463.7,20,0.46,204,0,0,0,0,0,0,*
