H,10,27,11,3,11.59,11.4,11.9,99,99,99,996,996,996,31.19,10.9,49.2,160,0.47,240,0,0,0,0,0,0,*
H,11,27,11,3,11.61,11.4,11.9,99,99,99,996.12,996,997,38.09,21.1,94,178,0.41,208,0,0,0,0,0,0,*
H,12,27,11,3,11.66,11.4,12.1,99,99,99,996,996,996,57.39,38.2,99.8,323,1.19,204,0,0,0,0.2,0,0.2,*
H,13,27,11,3,11.78,11.6,12,99,99,99,995.34,995,996,124.35,67.3,163.1,54,0.31,203,0,0,0,0,0,0,*
H,14,27,11,3,12.11,11.7,12.5,99,99,99,994.52,994,995,117.4,91.6,176.8,45,0.29,203,0,0,0,0,0,0,*
H,15,27,11,3,12.36,12.2,12.6,99,99,99,993.66,993,994,99.17,26.3,187.4,41,0.35,204,0,0,0,0,0,0,*
H,16,27,11,3,12.08,11.9,12.3,99,99,99,993.44,993,994,10.71,0,26.6,55,0.29,203,0,0,0,0.2,0,0.2,*
H,17,27,11,3,11.9,11.9,11.9,99,99,99,992.78,992,993,2.74,0.9,4,45,0.24,204,0,0,0,0.6,0,0.6,*
H,18,27,11,3,11.78,11.7,11.9,99,99,99,991.92,991,992,3.32,2.3,4.7,44,0.32,203,0,0,0,0.8,0,0.8,*
H,19,27,11,3,11.55,11.4,11.7,99,99,99,991,991,991,3.34,2.6,4.4,40,0.31,204,0,0,0,1.2,0,1.2,*
H,20,27,11,3,11.3,11.2,11.5,99,99,99,990.93,990,991,3.37,2.3,4.4,44,0.28,203,0,0,0,2.4,0,2.4,*
H,21,27,11,3,11.05,11,11.3,99,99,99,990.35,990,991,3.34,2.6,4.7,40,0.3,204,0,0,0,1.4,0,1.4,*
H,22,27,11,3,10.99,10.9,11.2,99,99,99,989.96,989,990,3.27,2.3,4,47,0.42,203,0,0,0,4.8,0,4.8,*
H,23,27,11,3,11.25,11,11.6,99,99,99,989.6,989,990,3.22,2.3,4.4,52,0.29,203,0,0,0,3.2,0,3.2,*
H,0,28,11,3,11.45,11.3,11.6,99,99,99,989.1,989,990,3.2,2,4.4,45,0.28,204,0,0,0,2.6,0,2.6,10.9,12.6,99,99,989,997,*
H,1,28,11,3,11.77,11.4,11.9,99,99,99,989,989,990,3.19,2.3,4,62,0.84,203,0,0,0,5.6,0,5.6,*
H,2,28,11,3,11.54,11.3,11.8,99,99,99,989.25,989,990,3.22,2,4,146,0.49,203,0,0,0,3.2,0,3.2,*
H,3,28,11,3,11.13,10.9,11.3,99,99,99,989,989,990,3.3,2.6,4.4,181,0.28,203,0,0,0,1.8,0,1.8,*
H,4,28,11,3,10.62,10.3,10.9,99,99,99,989.04,989,990,3.33,2.3,4,197,0.37,204,0,0,0,1.6,0,1.6,*
H,5,28,11,3,10.25,10.2,10.4,99,99,99,989,989,989,3.32,2.3,4.4,123,0.29,203,0,0,0,0,0,0,*
H,6,28,11,3,10.2,9.9,10.3,99,99,99,989.9,989,990,3.28,2.6,4.7,96,0.67,203,0,0,0,0,0,0,*
H,7,28,11,3,9.76,9.6,10,99,99,99,990,990,990,3.36,2.6,4.4,113,0.54,204,0,0,0,0,0,0,*
H,8,28,11,3,9.59,9.5,9.7,99,99,99,990.72,990,991,2.21,0,4,100,0.36,204,0,0,0,0,0,0,*
H,9,28,11,3,9.67,9.6,10.1,99,99,99,991.17,991,992,8.44,0.6,18.7,44,0.33,203,0,0,0,0.2,0,0.2,*
H,10,28,11,3,9.77,9.6,10.1,99,99,99,992,992,992,36.01,15.3,72.4,23,0.23,204,0,0,0,0.2,0,0.2,*
H,11,28,11,3,9.91,9.8,10,99,99,99,992.3,992,993,49.37,40.6,64.2,21,0.34,203,0,0,0,0,0,0,*
H,12,28,11,3,10.14,10,10.4,99,99,99,992.53,992,993,61.63,18,97.5,13,0.34,203,0,0,0,0,0,0,*
H,13,28,11,3,10.36,10.2,10.5,99,99,99,992.9,992,993,92.07,73.8,108.4,19,0.32,204,0,0,0,0,0,0,*
H,14,28,11,3,10.48,10.3,10.7,99,99,99,993,993,993,106.4,87.2,193.9,14,0.39,203,0,0,0,0,0,0,*
H,15,28,11,3,10.29,10.1,10.5,99,99,99,993,993,993,72.18,56,87.2,24,0.34,203,0,0,0,0,0,0,*
H,16,28,11,3,9.93,9.7,10.2,99,99,99,993.9,993,994,32.76,13.2,56.4,35,0.28,203,0,0,0,0,0,0,*
H,17,28,11,3,9.43,9.2,9.8,99,99,99,994.44,994,995,3.75,0,12.5,32,0.26,204,0,0,0,0,0,0,*
H,18,28,11,3,9.09,8.9,9.3,99,99,99,995.17,995,996,3.48,2.3,5.1,26,0.28,204,0,0,0,0,0,0,*
H,19,28,11,3,8.77,8.5,9,99,99,99,996,996,996,3.49,2.5,4.5,20,0.31,203,0,0,0,0,0,0,*
H,20,28,11,3,8.21,7.8,8.5,99,99,99,996.88,996,997,3.53,2.3,4.7,15,0.22,204,0,0,0,0,0,0,*
H,21,28,11,3,7.57,7.3,7.8,99,99,99,997,997,997,3.54,2.5,5,12,0.17,203,0,0,0,0,0,0,*
H,22,28,11,3,7.17,7,7.3,99,99,99,997.96,997,998,3.48,2.3,5,15,0.32,204,0,0,0,0,0,0,*
H,23,28,11,3,6.73,6.5,7,99,99,99,998,998,998,3.57,2.3,4.7,11,0.14,203,0,0,0,0,0,0,*
H,0,29,11,3,6.48,6.2,6.7,99,99,99,998,998,998,3.62,2.6,4.7,343,0.28,204,0,0,0,0,0,0,6.2,11.9,99,99,989,998,*
H,1,29,11,3,6.57,6.4,6.7,99,99,99,998,998,998,3.64,2.3,5,345,0.2,203,0,0,0,0,0,0,*
H,2,29,11,3,6.1,5.6,6.5,99,99,99,998.43,998,999,3.6,2.3,4.7,8,0.17,204,0,0,0,0,0,0,*
H,3,29,11,3,5.55,5.2,5.9,99,99,99,999,999,999,3.6,2.6,4.7,352,0.27,203,0,0,0,0,0,0,*
H,4,29,11,3,5.18,4.9,5.5,99,99,99,999.15,999,1000,3.61,2.3,4.7,7,0.32,204,0,0,0,0,0,0,*
H,5,29,11,3,4.74,4.4,5.3,99,99,99,1000,1000,1000,3.56,2.3,4.7,322,0.1,203,0,0,0,0,0,0,*
H,6,29,11,3,4.3,4,4.8,99,99,99,1000,1000,1000,3.69,2.6,4.4,301,0.64,204,0,0,0,0.2,0,0.2,*
H,7,29,11,3,4.29,4,4.7,99,99,99,1000.93,1000,1001,3.58,2.6,4.4,317,0.29,203,0,0,0,0,0,0,*
H,8,29,11,3,5.53,4.3,6.6,98.87,97,99,1001,1001,1001,5.21,0,19.4,343,0.23,204,0,0,0,0,0,0,*
H,9,29,11,3,7.2,6.5,8.3,94.43,93,97,1001.94,1001,1002,94.88,21.4,159,16,0.53,202,0,0,0,0,0,0,*
H,10,29,11,3,9.31,8.2,10.5,88.06,83,93,1002.49,1002,1003,218,159.6,272.2,7,0.41,204,0,0,0,0,0,0,*
H,11,29,11,3,11.26,10.5,12.1,76.74,67,83,1003,1003,1003,311.26,273.1,341.4,2,0.46,202,0,0,0,0,0,0,*
H,12,29,11,3,12.28,11.8,12.8,53.85,35,67,1003,1003,1003,356.18,336.9,365.3,77,0.53,203,0,0,0,0,0,0,*
H,13,29,11,3,12.92,12.3,13.8,25.39,12,35,1002.8,1002,1003,353.48,333.6,365,63,0.98,203,0,0,0,0,0,0,*
H,14,29,11,3,13.66,13,14.4,16.29,12,22,1003,1003,1003,301.53,263.2,333.8,301,1,203,0,0,0,0,0,0,*
H,15,29,11,3,13.86,13.4,14.4,10.44,9,13,1003,1003,1003,209.97,151.2,262.9,157,1.17,203,0,0,0,0,0,0,*
H,16,29,11,3,13.27,12.9,13.6,10.69,9,17,1003,1003,1003,90.46,34,150.2,114,0.22,203,0,0,0,0,0,0,*
H,17,29,11,3,11.98,10.8,12.9,27.74,15,46,1003.75,1003,1004,8.56,0,33.4,121,0,203,0,0,0,0,0,0,*
H,18,29,11,3,10.56,10,11.1,54.06,46,63,1004,1004,1004,3.36,2.6,4.4,121,0,204,0,0,0,0,0,0,*
H,19,29,11,3,9.18,8.8,9.9,69.33,57,76,1004.85,1004,1005,3.24,2.3,4.7,116,0.08,203,0,0,0,0,0,0,*
H,20,29,11,3,8.44,7.9,9.2,84.87,77,92,1005.26,1005,1006,3.47,2.6,4.4,24,0.96,203,0,0,0,0,0,0,*
H,21,29,11,3,7.82,7.2,8.3,92.4,92,94,1006,1006,1006,3.55,2.5,4.5,342,0.17,204,0,0,0,0,0,0,*
H,22,29,11,3,6.88,6.2,7.2,94.95,94,96,1006,1006,1006,3.47,1.9,4.7,314,1.02,203,0,0,0,0,0,0,*
H,23,29,11,3,6.38,5.9,7,96.07,95,97,1006.32,1006,1007,3.55,2.1,4.7,315,1.25,203,0,0,0,0,0,0,*
H,0,30,11,3,6.48,6.1,7.3,96.14,92,97,1007,1007,1007,3.51,2.3,5,333,0.28,203,0,0,0,0,0,0,5.9,14.4,9,97,1002,1007,*
H,1,30,11,3,6.83,6.2,7.5,89.28,88,91,1007,1007,1007,3.67,2.3,5,348,0.24,203,0,0,0,0,0,0,*
H,2,30,11,3,6.26,5.9,6.6,91.53,91,92,1007,1007,1007,3.56,2.6,4.7,326,0.25,204,0,0,0,0,0,0,*
H,3,30,11,3,5.58,5.3,6,93.42,92,95,1007,1007,1007,3.63,2.3,4.7,325,0.28,203,0,0,0,0,0,0,*
H,4,30,11,3,5.71,5.3,6,93.44,92,95,1007,1007,1007,3.67,2.6,4.7,345,0.24,203,0,0,0,0,0,0,*
H,5,30,11,3,5.09,4.8,5.6,93.68,92,95,1007,1007,1007,3.73,2.6,4.7,334,0.24,203,0,0,0,0,0,0,*
H,6,30,11,3,5.24,4.7,5.8,94.51,92,96,1007,1007,1007,3.62,2.3,4.7,349,0.19,204,0,0,0,0,0,0,*
H,7,30,11,3,5.52,5.3,5.8,90.44,90,92,1007.24,1007,1008,3.69,2.6,4.7,340,0.35,203,0,0,0,0,0,0,*
H,8,30,11,3,5.13,4.6,5.6,90.55,90,92,1008,1008,1008,8.54,0.2,35.5,3,0.47,204,0,0,0,0,0,0,*
H,9,30,11,3,5.65,4.6,6.5,90.86,89,93,1008.12,1008,1009,82.4,36.2,140.9,13,0.22,203,0,0,0,0,0,0,*
H,10,30,11,3,7.9,6.6,9.3,84.01,77,89,1008.79,1008,1009,199.01,141.6,253.1,359,0.26,203,0,0,0,0,0,0,*
H,11,30,11,3,9.74,9.1,10.2,73.6,70,77,1009,1009,1009,290.54,254.1,323.3,13,0.37,204,0,0,0,0,0,0,*
H,12,30,11,3,10.81,10.1,11.6,70.36,68,72,1009,1009,1009,341.79,321.9,352.7,57,0.75,202,0,0,0,0,0,0,*
H,13,30,11,3,11.93,11,12.8,52.95,38,68,1008.13,1008,1009,324.84,272,345.2,106,1.19,203,0,0,0,0,0,0,*
H,14,30,11,3,12.55,12.1,12.9,31.81,27,37,1008,1008,1008,282.88,246.6,319.5,251,0.91,203,0,0,0,0,0,0,*
H,15,30,11,3,12.61,12.2,12.9,27.79,26,30,1008,1008,1008,195.06,142.6,246.3,218,0.63,203,0,0,0,0,0,0,*
H,16,30,11,3,12.34,11.9,12.8,33.48,29,39,1008,1008,1008,82.68,24.6,140.9,264,0.36,203,0,0,0,0,0,0,*
H,17,30,11,3,10.84,9.6,11.9,50.75,39,66,1008,1008,1008,4.44,0,21.8,254,0.24,203,0,0,0,0,0,0,*
H,18,30,11,3,9.01,8.7,9.6,75.01,67,79,1008,1008,1008,3.4,2.3,4.4,280,0,203,0,0,0,0,0,0,*
H,19,30,11,3,8.09,7.5,8.9,83.4,78,87,1008,1008,1008,3.22,2.3,4.4,234,0.47,203,0,0,0,0,0,0,*
H,20,30,11,3,7.76,7.1,8.2,87.49,85,92,1008,1008,1008,3.27,2.3,4.4,233,0.4,203,0,0,0,0,0,0,*
H,21,30,11,3,6.43,5.8,7.2,94.8,92,97,1008.39,1008,1009,3.55,2.5,4.7,291,0.16,203,0,0,0,0,0,0,*
H,22,30,11,3,5.72,5.2,6.1,98.53,97,99,1009,1009,1009,3.48,2.3,4.7,302,0.09,203,0,0,0,0,0,0,*
H,23,30,11,3,5.21,4.9,5.6,99,99,99,1009,1009,1009,3.59,2.6,5,320,0.07,203,0,0,0,0,0,0,*
H,0,1,12,3,4.98,4.9,5.1,99,99,99,1009,1009,1009,3.61,2.6,4.7,346,0.24,203,0,0,0,0,0,0,4.6,12.9,26,99,1006,1009,*
H,1,1,12,3,5.13,4.9,5.3,99,99,99,1009,1009,1009,3.6,2.6,4.7,351,0.11,203,0,0,0,0,0,0,*
H,2,1,12,3,5.09,4.9,5.3,99,99,99,1008.49,1008,1009,3.6,2.6,4.7,354,0.09,204,0,0,0,0,0,0,*
H,3,1,12,3,5.32,5.1,5.5,98.78,98,99,1008.83,1008,1009,3.56,2.6,5,7,0.15,203,0,0,0,0,0,0,*
H,4,1,12,3,5.39,5.2,5.6,98.71,98,99,1009,1009,1009,3.56,2.3,4.4,18,0.21,204,0,0,0,0,0,0,*
H,5,1,12,3,5.66,5.5,5.8,98.47,98,99,1009,1009,1009,3.57,2.6,4.7,23,0.35,203,0,0,0,0,0,0,*
H,6,1,12,3,5.67,5.6,5.8,98.67,98,99,1009,1009,1009,3.54,2.6,4.7,37,0.17,204,0,0,0,0,0,0,*
H,7,1,12,3,5.81,5.6,6,99,99,99,1009,1009,1009,3.49,1.9,4.4,18,0.2,203,0,0,0,0,0,0,*
H,8,1,12,3,6.06,5.9,6.3,98.81,98,99,1009.26,1009,1010,3.22,0,11.1,14,0.18,204,0,0,0,0,0,0,*
H,9,1,12,3,6.58,6.3,6.9,97.35,96,98,1010,1010,1010,32.88,10.9,49.2,18,0.22,204,0,0,0,0,0,0,*
H,10,1,12,3,7.17,6.8,7.6,95.47,95,96,1010.03,1010,1011,38.25,27.9,57,15,0.26,203,0,0,0,0,0,0,*
H,11,1,12,3,7.82,7.4,8.2,93.02,91,95,1010.87,1010,1011,69.11,58.7,81,20,0.27,203,0,0,0,0,0,0,*
H,12,1,12,3,8.52,8.1,8.9,90.15,89,91,1010.25,1010,1011,79.63,66.3,99.1,17,0.28,204,0,0,0,0,0,0,*
H,13,1,12,3,9.03,8.9,9.2,88.48,87,90,1010,1010,1010,56.24,41.7,73.4,17,0.28,204,0,0,0,0,0,0,*
H,14,1,12,3,9.17,9.1,9.4,88.66,88,90,1010,1010,1010,37.19,21.1,53.4,12,0.24,204,0,0,0,0,0,0,*
H,15,1,12,3,9.18,9.1,9.3,90.03,90,91,1010,1010,1010,21.24,9.5,42.5,33,0.83,204,0,0,0,0,0,0,*
H,16,1,12,3,9.24,9,9.4,91.1,90,93,1010.62,1010,1011,11.88,1.8,20.9,5,0.89,204,0,0,0,0,0,0,*
H,17,1,12,3,8.87,8.7,9.1,95.77,93,97,1010.99,1010,1011,2.32,0,4.1,330,0.75,204,0,0,0,0,0,0,*
H,18,1,12,3,8.6,8.5,8.8,98.45,97,99,1011,1011,1011,3.38,2.3,4.7,351,0.21,204,0,0,0,0.2,0,0.2,*
H,19,1,12,3,8.6,8.5,8.7,99,99,99,1011,1011,1011,3.39,2.1,4.4,351,0.23,204,0,0,0,0,0,0,*
H,20,1,12,3,8.65,8.5,8.8,99,99,99,1011.26,1011,1012,3.3,2.1,4.1,13,0.51,205,0,0,0,0,0,0,*
H,21,1,12,3,8.96,8.7,9.6,97.92,97,99,1011.91,1011,1012,3.34,1.8,4.5,11,0.25,204,0,0,0,0,0,0,*
H,22,1,12,3,8.79,8.7,8.9,98.68,97,99,1012,1012,1012,3.42,1.9,4.4,11,0.24,204,0,0,0,0,0,0,*
H,23,1,12,3,8.72,8.7,8.8,99,99,99,1012.05,1012,1013,3.35,2.5,4.4,8,0.19,204,0,0,0,0,0,0,*
H,0,2,12,3,8.71,8.7,8.8,99,99,99,1012.58,1012,1013,3.34,2.1,4.8,9,0.19,204,0,0,0,0,0,0,4.9,9.6,87,99,1008,1013,*
H,1,2,12,3,8.86,8.8,9,99,99,99,1012.97,1012,1013,3.31,1.8,4.4,10,0.28,204,0,0,0,0,0,0,*
H,2,2,12,3,8.99,8.9,9.1,99,99,99,1012.97,1012,1013,3.36,2.1,4.7,11,0.32,205,0,0,0,0,0,0,*
H,3,2,12,3,9.14,9.1,9.2,99,99,99,1013,1013,1013,3.34,2.5,4.4,14,0.27,204,0,0,0,0,0,0,*
H,4,2,12,3,8.99,8.9,9.1,99,99,99,1013,1013,1013,3.39,2.5,4.5,17,0.32,204,0,0,0,0.4,0,0.4,*
H,5,2,12,3,8.79,8.7,8.9,99,99,99,1013.22,1013,1014,3.32,2.1,4.4,15,0.3,204,0,0,0,0.2,0,0.2,*
H,6,2,12,3,8.74,8.7,8.9,99,99,99,1013.96,1013,1014,3.38,2.5,4.7,11,0.26,204,0,0,0,0.4,0,0.4,*
H,7,2,12,3,8.89,8.8,8.9,99,99,99,1013.99,1013,1014,3.33,2.1,4.4,8,0.27,205,0,0,0,0,0,0,*
H,8,2,12,3,8.94,8.9,9.1,99,99,99,1014.27,1014,1015,2.65,0.4,4.5,9,0.32,204,0,0,0,0,0,0,*
H,9,2,12,3,9.16,9.1,9.2,99,99,99,1015,1015,1015,5.26,0.1,14.6,11,0.3,204,0,0,0,0,0,0,*
H,10,2,12,3,9.38,9.2,9.6,99,99,99,1015.08,1015,1016,22.59,12.5,40.8,8,0.25,204,0,0,0,0,0,0,*
H,11,2,12,3,9.78,9.5,10,99,99,99,1016,1016,1016,66.88,40,93.8,13,0.27,204,0,0,0,0,0,0,*
H,12,2,12,3,10.26,9.9,10.6,99,99,99,1016,1016,1016,89.98,77.6,97.1,10,0.33,204,0,0,0,0,0,0,*
H,13,2,12,3,10.85,10.5,11.7,99,99,99,1015.99,1015,1016,132.56,24.2,423.1,13,0.25,204,0,0,0,0,0,0,*
H,14,2,12,3,12.2,11.5,12.7,97.86,96,99,1015.48,1015,1016,288.85,163.1,480.6,14,0.38,203,0,0,0,0,0,0,*
H,15,2,12,3,12.48,12.3,12.7,94.07,93,95,1015,1015,1015,152.11,93.3,241.8,17,0.34,203,0,0,0,0,0,0,*
H,16,2,12,3,12.06,11.7,12.4,94.66,94,96,1015,1015,1015,50.67,33.1,91.6,18,0.29,203,0,0,0,0,0,0,*
H,17,2,12,3,11.29,10.8,11.8,97.7,96,99,1015,1015,1015,9.07,0,42.4,14,0.22,204,0,0,0,0,0,0,*
H,18,2,12,3,10.46,10.2,10.8,99,99,99,1015,1015,1015,3.46,2.6,4.7,17,0.13,203,0,0,0,0,0,0,*
H,19,2,12,3,10.18,10.1,10.3,99,99,99,1015.81,1015,1016,3.43,2.6,4.4,354,0.2,203,0,0,0,0,0,0,*
H,20,2,12,3,10.41,10.3,10.5,99,99,99,1016,1016,1016,3.36,2.3,4.4,10,0.36,203,0,0,0,0.6,0,0.6,*
H,21,2,12,3,10.2,10.1,10.3,99,99,99,1016,1016,1016,3.35,2.3,4.4,3,0.13,203,0,0,0,0,0,0,*
H,22,2,12,3,10.23,10,10.4,99,99,99,1016,1016,1016,3.39,2.3,4.4,3,0.17,204,0,0,0,0,0,0,*
H,23,2,12,3,10.45,10.4,10.5,99,99,99,1016,1016,1016,3.36,2.3,4.7,8,0.17,203,0,0,0,0,0,0,*
H,0,3,12,3,10.42,10.3,10.6,99,99,99,1016,1016,1016,3.44,2.6,4.4,13,0.21,203,0,0,0,0,0,0,8.7,12.7,93,99,1012,1016,*
H,1,3,12,3,10.43,10.3,10.6,99,99,99,1015.57,1015,1016,3.45,2.3,4.4,5,0.14,203,0,0,0,0,0,0,*
H,2,3,12,3,10.18,10,10.3,99,99,99,1015.37,1015,1016,3.43,2.6,4.7,356,0.11,203,0,0,0,0,0,0,*
H,3,3,12,3,9.57,9.1,10.1,99,99,99,1015.4,1015,1016,3.48,2.3,4.4,34,0.46,204,0,0,0,0,0,0,*
H,4,3,12,3,8.9,8.7,9.1,99,99,99,1015,1015,1015,3.39,2.3,4.4,33,0.34,203,0,0,0,0,0,0,*
H,5,3,12,3,8.7,8.3,8.9,99,99,99,1015,1015,1015,3.52,2.1,4.5,8,0.17,204,0,0,0,0,0,0,*
H,6,3,12,3,8.3,8.1,8.5,99,99,99,1015,1015,1015,3.46,2.1,4.5,8,0.22,203,0,0,0,0,0,0,*
H,7,3,12,3,8.17,7.9,8.3,99,99,99,1015,1015,1015,3.43,1.8,4.8,10,0.16,203,0,0,0,0,0,0,*
H,8,3,12,3,8.09,7.9,8.3,99,99,99,1015.29,1015,1016,3.97,0,17.5,10,0.13,204,0,0,0,0,0,0,*
H,9,3,12,3,8.1,7.8,8.5,99,99,99,1016,1016,1016,63.36,17.3,114,11,0.18,203,0,0,0,0,0,0,*
H,10,3,12,3,9.41,8.5,10.6,97.17,94,99,1016.28,1016,1017,161.95,115,207.9,41,0.32,203,0,0,0,0,0,0,*
H,11,3,12,3,11.05,10.5,11.6,90.82,88,94,1017,1017,1017,226.93,193.2,282.9,42,0.4,203,0,0,0,0,0,0,*
H,12,3,12,3,12.46,11.5,13.2,83.34,79,88,1016.36,1016,1017,313.18,262.7,352,38,0.41,203,0,0,0,0,0,0,*
H,13,3,12,3,13.53,13.2,13.9,77.77,75,81,1016,1016,1016,301.17,225.1,347.2,28,0.38,203,0,0,0,0,0,0,*
H,14,3,12,3,13.74,13.4,14,76.48,75,78,1015.9,1015,1016,242.61,164.5,320.2,53,0.35,203,0,0,0,0,0,0,*
H,15,3,12,3,14,13.8,14.2,76.32,75,77,1015,1015,1015,188.25,143.7,226.7,52,0.29,203,0,0,0,0,0,0,*
H,16,3,12,3,13.9,13.6,14.1,78.72,76,82,1015.16,1015,1016,80.73,31.4,156.3,51,0.25,204,0,0,0,0,0,0,*
H,17,3,12,3,12.87,12.1,13.5,85.6,82,89,1015.99,1015,1016,6.52,0,31,12,0.1,203,0,0,0,0,0,0,*
H,18,3,12,3,11.46,11,12.1,91.2,89,93,1016,1016,1016,3.54,2.6,4.4,359,0.09,203,0,0,0,0,0,0,*
H,19,3,12,3,10.86,10.6,11.1,93.61,93,94,1016,1016,1016,3.54,2.6,4.7,8,0.12,203,0,0,0,0,0,0,*
H,20,3,12,3,10.17,9.9,10.6,94.97,94,96,1016,1016,1016,3.55,2.6,4.7,3,0.13,204,0,0,0,0,0,0,*
H,21,3,12,3,9.49,9.1,9.9,95.73,95,96,1016,1016,1016,3.61,2.6,4.7,3,0.14,203,0,0,0,0,0,0,*
H,22,3,12,3,9.12,9,9.2,95.17,93,96,1016,1016,1016,3.54,2.6,4.7,0,0.14,204,0,0,0,0,0,0,*
H,23,3,12,3,8.71,8.1,9.1,93.91,93,95,1016.34,1016,1017,3.56,2.6,4.5,4,0.14,203,0,0,0,0,0,0,*
H,0,4,12,3,7.9,7.3,8.6,96.44,95,98,1017,1017,1017,3.47,2.5,4.7,19,0.2,204,0,0,0,0,0,0,7.3,14.3,75,99,1015,1017,*
H,1,4,12,3,7.89,7.5,8.1,96.2,95,98,1016.99,1016,1017,3.44,2.1,4.7,10,0.12,203,0,0,0,0,0,0,*
H,2,4,12,3,7.79,7.5,8,95.67,94,97,1016.15,1016,1017,3.47,2.5,4.8,8,0.13,203,0,0,0,0,0,0,*
H,3,4,12,3,8.07,7.9,8.5,91.63,90,94,1016.22,1016,1017,3.6,2.5,4.7,3,0.17,204,0,0,0,0,0,0,*
H,4,4,12,3,7.7,7.4,8.1,91.85,91,93,1016.75,1016,1017,3.56,2.5,4.7,4,0.11,204,0,0,0,0,0,0,*
H,5,4,12,3,7.3,6.9,7.7,93.25,92,95,1016.42,1016,1017,3.56,2.1,4.7,6,0.13,203,0,0,0,0,0,0,*
H,6,4,12,3,7.04,6.9,7.4,93.95,93,95,1016.21,1016,1017,3.58,2.3,4.8,12,0.71,204,0,0,0,0,0,0,*
H,7,4,12,3,6.36,6,6.9,94.62,93,96,1017,1017,1017,3.46,2.3,5,32,0.42,204,0,0,0,0,0,0,*
H,8,4,12,3,6.31,5.9,6.6,94.91,93,96,1017,1017,1017,3.99,0.1,14.9,8,0.16,203,0,0,0,0,0,0,*
H,9,4,12,3,7.51,6.3,8.3,89.7,87,95,1017.11,1017,1018,36.18,14.2,62.8,37,0.92,204,0,0,0,0,0,0,*
H,10,4,12,3,7.67,7.2,8.1,89.91,89,91,1018,1018,1018,77.25,64.6,84.9,54,0.51,203,0,0,0,0,0,0,*
H,11,4,12,3,8.7,8,9.2,88.3,85,91,1018,1018,1018,77.82,69.9,86.3,22,0.5,203,0,0,0,0,0,0,*
H,12,4,12,3,9.83,9.1,11,88.19,86,89,1018,1018,1018,110.44,71.1,161.7,1,0.16,204,0,0,0,0,0,0,*
H,13,4,12,3,12.21,11.1,12.9,80.07,73,88,1017.2,1017,1018,173.49,129.6,219.2,23,0.4,203,0,0,0,0,0,0,*
H,14,4,12,3,12.98,12.7,13.2,69.81,68,73,1017,1017,1017,111.97,99.5,128.3,44,0.3,203,0,0,0,0,0,0,*
H,15,4,12,3,13.3,13,13.6,57.47,38,72,1017,1017,1017,135.53,90.2,199.1,43,0.34,203,0,0,0,0,0,0,*
H,16,4,12,3,13.13,12.7,13.4,46.7,37,52,1017,1017,1017,63.36,29,89.5,64,0.21,203,0,0,0,0,0,0,*
H,17,4,12,3,11.79,11,12.7,60.95,52,74,1017,1017,1017,8.69,0,27.9,75,0,203,0,0,0,0,0,0,*
H,18,4,12,3,11.04,10.8,11.3,75.41,68,80,1017,1017,1017,3.34,2.3,4.7,57,0.55,204,0,0,0,0,0,0,*
H,19,4,12,3,10.58,10.2,10.9,78.83,77,81,1017,1017,1017,3.41,2.3,4.4,5,0.1,203,0,0,0,0,0,0,*
H,20,4,12,3,10.13,9.9,10.4,81.56,80,84,1017,1017,1017,3.48,2.6,4.4,353,0.1,203,0,0,0,0,0,0,*
H,21,4,12,3,9.73,9.4,10.1,85.91,83,87,1017,1017,1017,3.51,2.3,4.7,348,0,203,0,0,0,0,0,0,*
H,22,4,12,3,9.01,8.5,9.5,89.55,86,91,1017,1017,1017,3.59,2.6,4.4,336,0.12,203,0,0,0,0,0,0,*
H,23,4,12,3,8.19,7.8,8.5,92.29,91,93,1017,1017,1017,3.53,2.6,4.4,355,0.21,204,0,0,0,0,0,0,*
H,0,5,12,3,7.89,7.6,8.1,91.79,91,93,1017.34,1017,1018,3.48,2.3,4.5,1,0.09,203,0,0,0,0,0,0,5.9,13.6,37,98,1016,1018,*
H,1,5,12,3,7.8,7.4,8.2,91.32,90,92,1017,1017,1017,3.4,2.1,5.1,37,0.39,203,0,0,0,0,0,0,*
H,2,5,12,3,8.11,7.8,8.5,90.27,89,91,1017,1017,1017,3.23,1.8,4.5,32,0.4,204,0,0,0,0,0,0,*
H,3,5,12,3,8.4,8.2,8.5,88.98,88,90,1017,1017,1017,3.42,2.5,4.8,12,0.19,203,0,0,0,0,0,0,*
H,4,5,12,3,8.65,8.5,8.8,86.8,86,88,1017,1017,1017,3.43,2.5,4.4,4,0.49,204,0,0,0,0,0,0,*
H,5,5,12,3,8.5,8.4,8.6,87.31,85,89,1017,1017,1017,3.33,2.1,4.4,12,0.57,203,0,0,0,0,0,0,*
H,6,5,12,3,8.51,8.4,8.7,86.17,85,87,1016.66,1016,1017,3.41,2.3,4.4,12,0.4,204,0,0,0,0,0,0,*
H,7,5,12,3,8.61,8.5,8.8,85.81,84,87,1016.96,1016,1017,3.4,2.3,4.4,10,0.37,203,0,0,0,0,0,0,*
H,8,5,12,3,8.78,8.5,9,82.57,81,84,1017,1017,1017,2.44,0,5.4,8,0.33,204,0,0,0,0,0,0,*
H,9,5,12,3,9.08,8.9,9.4,82.68,81,84,1017.69,1017,1018,25.06,5.1,49.2,143,1.4,203,0,0,0,0,0,0,*
H,10,5,12,3,9.77,9.4,10.3,78.87,74,84,1018,1018,1018,116.01,48.8,260.3,311,0.82,203,0,0,0,0,0,0,*
H,11,5,12,3,10.93,10.2,11.7,68.45,54,75,1018,1018,1018,259.67,153.5,301,358,0.29,203,0,0,0,0,0,0,*
H,12,5,12,3,12.21,11.5,13.1,48.6,46,54,1017.95,1017,1018,314.42,297.9,325.3,349,0.59,203,0,0,0,0,0,0,*
H,13,5,12,3,13.55,12.5,14.1,49.12,46,53,1017,1017,1017,316.26,298.7,326.3,224,1.01,203,0,0,0,0,0,0,*
H,14,5,12,3,14,13.4,14.8,48.97,44,62,1016.33,1016,1017,245.86,115.6,299.7,136,0.76,203,0,0,0,0,0,0,*
H,15,5,12,3,13.28,13,13.8,71.79,63,76,1016,1016,1016,151.32,117.3,183.3,151,0.37,203,0,0,0,0,0,0,*
H,16,5,12,3,13.12,12.2,13.6,74.89,74,79,1016,1016,1016,66.96,19.8,122.6,206,0.42,203,0,0,0,0,0,0,*
H,17,5,12,3,11.39,10.6,12.3,87.24,79,93,1015.77,1015,1016,5.02,0,18.7,158,0.23,203,0,0,0,0,0,0,*
H,18,5,12,3,10.36,10.1,10.7,96.96,93,99,1016,1016,1016,3.21,2.3,4,170,0.35,203,0,0,0,0,0,0,*
H,19,5,12,3,9.4,8.8,10.1,99,99,99,1015.42,1015,1016,3.39,2.3,4.4,198,0.11,203,0,0,0,0,0,0,*
H,20,5,12,3,8.42,7.9,9,99,99,99,1015,1015,1015,3.51,2.6,4.4,353,0.51,204,0,0,0,0,0,0,*
H,21,5,12,3,7.45,6.8,7.9,99,99,99,1015,1015,1015,3.41,2.3,4.4,46,0.68,203,0,0,0,0,0,0,*
H,22,5,12,3,6.6,6,7,99,99,99,1015,1015,1015,3.41,2.3,4.7,195,0.96,203,0,0,0,0,0,0,*
H,23,5,12,3,5.66,5.3,6.1,99,99,99,1015,1015,1015,3.49,2.1,5,3,0.13,204,0,0,0,0,0,0,*
H,0,6,12,3,5.15,4.9,5.4,99,99,99,1014.2,1014,1015,3.54,2.6,4.7,12,0.26,204,0,0,0,0,0,0,4.9,14.8,44,99,1014,1018,*
H,1,6,12,3,4.94,4.8,5.2,99,99,99,1013.7,1013,1014,3.63,2.6,4.7,349,0.41,203,0,0,0,0,0,0,*
H,2,6,12,3,4.32,3.7,4.9,99,99,99,1012.51,1012,1013,3.59,2.6,4.7,57,0.42,203,0,0,0,0.2,0,0.2,*
H,3,6,12,3,3.59,3.3,3.8,99,99,99,1012,1012,1012,3.62,2.6,4.7,216,0.99,204,0,0,0,0,0,0,*
H,4,6,12,3,3.55,3.3,3.8,99,99,99,1011.09,1011,1012,3.65,2.6,4.7,249,0.13,203,0,0,0,0,0,0,*
H,5,6,12,3,3.7,3.4,3.9,99,99,99,1010.49,1010,1011,3.72,2.6,4.7,227,0.19,203,0,0,0,0,0,0,*
H,6,6,12,3,3.82,3.5,4.1,99,99,99,1009.42,1009,1010,3.71,2.6,4.7,246,0.31,204,0,0,0,0,0,0,*
H,7,6,12,3,3.82,3.6,4.1,99,99,99,1009,1009,1009,3.68,2.6,4.7,49,1.28,203,0,0,0,0,0,0,*
H,8,6,12,3,4.06,3.8,4.6,99,99,99,1008,1008,1009,3.15,0,10.2,222,1.01,204,0,0,0,0,0,0,*
H,9,6,12,3,4.76,4.4,5.3,99,99,99,1007.75,1007,1008,35.39,10.9,95,188,0.34,203,0,0,0,0,0,0,*
H,10,6,12,3,5.74,5.3,6.4,99,99,99,1007,1007,1007,124.17,83,223,223,0.51,203,0,0,0,0,0,0,*
H,11,6,12,3,6.64,5.8,7.4,99,99,99,1006.23,1006,1007,251.24,193.5,280.4,217,0.45,203,0,0,0,0,0,0,*
H,12,6,12,3,8.34,7.1,9.6,99,99,99,1005.67,1005,1006,294.73,281.8,309.7,221,0.51,203,0,0,0,0,0,0,*
H,13,6,12,3,8.66,8.2,9.5,98.35,97,99,1004.59,1004,1005,295.76,280.1,311.6,225,0.29,203,0,0,0,0,0,0,*
H,14,6,12,3,9.34,8.9,10,94.46,93,98,1003.55,1003,1004,242.62,175.1,284.9,219,0.43,203,0,0,0,0,0,0,*
H,15,6,12,3,8.79,8.3,9.3,96.12,94,98,1002.72,1002,1003,145.42,97.5,201.1,227,0.38,203,0,0,0,0,0,0,*
H,16,6,12,3,8,7.7,8.6,98.79,98,99,1002,1002,1002,49.77,13.2,95.4,228,0.29,204,0,0,0,0,0,0,*
H,17,6,12,3,7.68,7.4,7.9,99,99,99,1001.32,1001,1002,4.02,0.1,12.9,260,0.69,203,0,0,0,0,0,0,*
H,18,6,12,3,7.21,7.1,7.4,99,99,99,1001.49,1001,1002,3.3,2.3,4.5,359,0.34,203,0,0,0,0,0,0,*
H,19,6,12,3,6.96,6.6,7.2,99,99,99,1002,1002,1002,3.41,2.1,4.5,50,0.42,204,0,0,0,0,0,0,*
H,20,6,12,3,6.57,6.4,6.8,99,99,99,1002,1002,1002,3.36,2.1,4.5,18,0.37,203,0,0,0,0,0,0,*
H,21,6,12,3,6.89,6.8,7.1,99,99,99,1002.77,1002,1003,3.4,1.6,4.7,23,0.33,204,0,0,0,0,0,0,*
H,22,6,12,3,7.19,7.1,7.3,99,99,99,1003,1003,1003,3.52,1.8,4.7,21,0.36,204,0,0,0,0,0,0,*
H,23,6,12,3,7.97,7.1,9.1,99,99,99,1003.2,1003,1004,3.31,1.9,4.7,27,0.39,203,0,0,0,0,0,0,*
H,0,7,12,3,9.47,9.1,9.8,93.01,86,99,1004,1004,1005,3.38,1.9,4.4,42,0.3,204,0,0,0,0,0,0,3.3,10,86,99,1001,1014,*
H,1,7,12,3,8.89,8.4,9.4,79.25,73,86,1004.84,1004,1005,3.39,2.5,4.4,54,0.3,203,0,0,0,0,0,0,*
H,2,7,12,3,7.75,7.2,8.5,73.31,71,75,1005.74,1005,1006,3.45,2.3,4.7,55,0.3,203,0,0,0,0,0,0,*
H,3,7,12,3,6.88,6.7,7.2,73.9,68,76,1006.92,1006,1007,3.41,1.9,4.7,69,0.39,204,0,0,0,0,0,0,*
H,4,7,12,3,6.75,6.6,7,55.74,47,68,1007.65,1007,1008,3.41,2.1,4.7,97,0.36,204,0,0,0,0,0,0,*
H,5,7,12,3,6.6,6.5,6.7,34.74,28,47,1008.4,1008,1009,3.41,2.3,4.7,67,0.51,203,0,0,0,0,0,0,*
H,6,7,12,3,6.59,6.4,6.7,21.16,9,31,1009.41,1009,1010,3.38,2.3,4.7,64,0.73,204,0,0,0,0,0,0,*
H,7,7,12,3,6.44,6.3,6.6,42.56,31,47,1010.62,1010,1012,3.42,2.3,4.4,87,0.35,203,0,0,0,0,0,0,*
H,8,7,12,3,6.23,6.1,6.5,47.55,43,55,1012.28,1011,1013,2.57,0,4.7,78,0.38,204,0,0,0,0,0,0,*
H,9,7,12,3,6.51,6.3,6.7,59.96,54,65,1013.71,1013,1014,10.58,0.6,44.4,69,0.35,204,0,0,0,0,0,0,*
H,10,7,12,3,6.44,6.3,6.6,59.85,58,62,1014.99,1014,1015,87.67,45.4,123.7,80,0.34,203,0,0,0,0,0,0,*
H,11,7,12,3,7.29,6.5,8.1,60.66,55,67,1015.98,1015,1016,318.89,115.9,380.6,70,0.4,203,0,0,0,0,0,0,*
H,12,7,12,3,8.19,8,8.4,72.42,68,76,1016.1,1015,1017,361.71,344.3,370,44,0.3,204,0,0,0,0,0,0,*
H,13,7,12,3,8.25,8,8.5,74.57,73,76,1016.81,1016,1017,358,340.3,370.7,52,0.34,203,0,0,0,0,0,0,*
H,14,7,12,3,8.15,8,8.4,74.7,73,76,1016.9,1016,1017,309.74,269.6,340.6,51,0.35,203,0,0,0,0,0,0,*
H,15,7,12,3,8.06,7.9,8.2,75.05,73,76,1016.98,1016,1017,218.13,158.5,269.5,40,0.33,204,0,0,0,0,0,0,*
H,16,7,12,3,7.61,7.2,7.9,73.89,72,76,1017.66,1017,1018,95.8,35.5,158.5,66,0.38,203,0,0,0,0,0,0,*
H,17,7,12,3,6.27,5.3,7.2,67.39,63,73,1018,1018,1018,8,0,35.2,113,0.46,203,0,0,0,0,0,0,*
H,18,7,12,3,5.05,4.5,5.7,60.81,58,63,1018,1018,1018,3.36,1.9,5,65,0.55,204,0,0,0,0,0,0,*
H,19,7,12,3,4.29,3.7,4.8,55.77,53,58,1018.54,1018,1019,3.56,2.6,4.7,10,0.74,204,0,0,0,0,0,0,*
H,20,7,12,3,3.19,2.6,3.8,48.9,42,54,1019,1019,1019,3.66,2.6,4.7,24,0.89,203,0,0,0,0,0,0,*
H,21,7,12,3,3.1,2.7,3.4,45.1,43,48,1019.53,1019,1020,3.66,2.6,4.7,25,0.48,204,0,0,0,0,0,0,*
H,22,7,12,3,2.53,1.3,3.4,42.59,29,49,1020,1020,1020,3.96,3,5,4,0.26,203,0,0,0,0,0,0,*
H,23,7,12,3,1.11,0.4,1.8,22.71,13,31,1020,1020,1020,4.12,3,5.4,344,0.28,204,0,0,0,0,0,0,*
H,0,8,12,3,0.3,0,0.7,10.52,9,14,1020,1020,1020,4.17,3,5,330,0.38,204,0,0,0,0,0,0,0,9.4,9,86,1004,1020,*
H,1,8,12,3,0.66,0,1.3,11.55,9,18,1020,1020,1020,4.03,3,5,2,0.22,203,0,0,0,0,0,0,*
H,2,8,12,3,1.16,0.6,1.5,9.09,9,10,1020,1020,1020,4.22,3.2,5,1,0.2,204,0,0,0,0,0,0,*
H,3,8,12,3,0.65,0.4,1,15.99,10,20,1019.93,1019,1020,4.2,3,5.4,4,0.15,204,0,0,0,0,0,0,*
H,4,8,12,3,0.47,0.2,0.8,19.9,19,21,1019,1019,1019,4.15,3,5,28,0.27,204,0,0,0,0,0,0,*
H,5,8,12,3,-0.06,-0.5,0.3,23.84,20,32,1018.44,1018,1019,4.16,3.2,5.2,25,0.23,204,0,0,0,0,0,0,*
H,6,8,12,3,-0.83,-1.4,-0.4,41.81,32,49,1018,1018,1018,4.21,3.2,5.5,23,0.45,203,0,0,0,0,0,0,*
H,7,8,12,3,-1.53,-1.9,-1,56.11,50,68,1017.67,1017,1018,4.26,3.2,5.5,11,0.2,204,0,0,0,0,0,0,*
H,8,8,12,3,-2.1,-2.3,-1.9,68.52,68,69,1017.99,1017,1018,4.74,0.1,23,7,0.12,204,0,0,0,0,0,0,*
H,9,8,12,3,-0.94,-1.9,0,60.05,51,68,1018,1018,1018,80.74,22.6,144.4,356,0.12,203,0,0,0,0,0,0,*
H,10,8,12,3,0.94,0.1,1.7,32.95,20,50,1018,1018,1018,205.24,145.3,261.9,19,0.32,203,0,0,0,0,0,0,*
H,11,8,12,3,2.18,1.6,2.7,12.9,9,24,1018,1018,1018,302.98,261.6,335.5,24,0.38,203,0,0,0,0,0,0,*
H,12,8,12,3,3,2.5,3.6,19.39,14,31,1017.1,1016,1018,351.8,335.1,362.1,20,0.37,204,0,0,0,0,0,0,*
H,13,8,12,3,3.68,3.3,4,38.54,29,46,1016.19,1016,1017,353.31,342,361.5,46,0.42,203,0,0,0,0,0,0,*
H,14,8,12,3,4.27,3.8,4.7,48.63,44,51,1015.25,1015,1016,303.59,231.8,361.1,31,0.4,203,0,0,0,0,0,0,*
H,15,8,12,3,4.81,4.4,5.6,53.13,50,56,1015,1015,1015,212.06,152.5,265.7,6,0.53,203,0,0,0,0,0,0,*
H,16,8,12,3,5.22,4.8,5.8,56.61,55,58,1014.86,1014,1015,90.05,31,151.1,204,0.87,203,0,0,0,0,0,0,*
H,17,8,12,3,3.94,3.1,5.2,50.12,44,56,1014.96,1014,1015,7.32,0,30.9,269,0.72,204,0,0,0,0,0,0,*
H,18,8,12,3,2.59,2.1,3.2,32.52,24,44,1015,1015,1015,3.49,2.3,5,281,0.81,203,0,0,0,0,0,0,*
H,19,8,12,3,2.26,1.9,2.5,17.25,12,24,1015,1015,1015,3.79,2.6,5,347,0.39,203,0,0,0,0,0,0,*
H,20,8,12,3,1.39,0.7,2.2,14.55,9,24,1015,1015,1015,3.96,3,5,316,0.73,204,0,0,0,0,0,0,*
H,21,8,12,3,0.32,-0.1,0.7,33.53,24,43,1014.77,1014,1015,3.99,3,5,330,0.82,203,0,0,0,0,0,0,*
H,22,8,12,3,-0.15,-0.5,0.1,50.47,44,56,1014.63,1014,1015,4.1,3.2,5.4,278,1.15,204,0,0,0,0,0,0,*
H,23,8,12,3,-0.79,-1.1,-0.5,62.06,56,66,1014.91,1014,1015,4.13,3.3,5,346,1.01,203,0,0,0,0,0,0,*
H,0,9,12,3,-0.81,-1.3,0,58.66,53,62,1014.99,1014,1015,4.21,2.8,5.4,285,1.23,203,0,0,0,0,0,0,-2.3,5.8,9,69,1014,1020,*
H,1,9,12,3,-1.54,-1.8,-1.1,66.11,63,69,1014.32,1014,1015,4.18,2.6,5.4,298,0.93,203,0,0,0,0,0,0,*
H,2,9,12,3,-1.75,-2,-1.4,70.24,67,75,1014,1014,1014,4.33,3.2,5.4,303,0.68,203,0,0,0,0,0,0,*
H,3,9,12,3,-1.59,-1.9,-1.2,68.24,59,75,1014,1014,1014,4.32,3.2,5.4,335,0.3,203,0,0,0,0,0,0,*
H,4,9,12,3,-1.34,-2,-0.7,53.52,49,59,1013.88,1013,1014,4.41,3.4,5.4,355,0.2,203,0,0,0,0,0,0,*
H,5,9,12,3,-0.31,-1.2,0.5,29.81,17,55,1013,1013,1013,4.29,3.2,5.4,2,0.11,204,0,0,0,0,0,0,*
H,6,9,12,3,-1.37,-1.8,-0.8,47.69,39,53,1013,1013,1013,4.33,3.4,5.4,1,0.63,204,0,0,0,0,0,0,*
H,7,9,12,3,-1.54,-2,-0.7,46.91,37,52,1012.75,1012,1013,4.31,2.8,5.4,320,0.59,203,0,0,0,0,0,0,*
H,8,9,12,3,-1.4,-1.9,-0.8,42.64,37,50,1012.55,1012,1013,4.55,0,20.4,323,0.75,204,0,0,0,0,0,0,*
H,9,9,12,3,-0.02,-1.8,1.4,34.48,12,51,1012.72,1012,1013,76.96,21.6,136.5,338,0.38,203,0,0,0,0,0,0,*
H,10,9,12,3,2.38,1.1,3.7,15.1,9,24,1013,1013,1013,197.5,137.6,250.3,348,0.69,204,0,0,0,0,0,0,*
H,11,9,12,3,5.2,3.5,7,23.89,9,53,1012.35,1012,1013,293.18,250.3,325.2,10,0.23,205,0,0,0,0,0,0,*
H,12,9,12,3,7.42,6.8,8,59.83,52,66,1011.78,1011,1012,339.53,324.2,350.2,20,0.37,204,0,0,0,0,0,0,*
H,13,9,12,3,8.37,7.9,8.9,65.54,63,69,1010.52,1010,1011,336.4,317.3,348.1,28,0.38,205,0,0,0,0,0,0,*
H,14,9,12,3,8.76,8.4,9.2,67.17,65,69,1009.96,1009,1010,288.39,252,318,33,0.42,203,0,0,0,0,0,0,*
H,15,9,12,3,9.48,9.1,9.9,64.91,63,67,1009,1009,1009,202.2,147.9,251,46,0.33,204,0,0,0,0,0,0,*
H,16,9,12,3,9.47,8.8,9.9,67.54,65,69,1009,1009,1009,88.04,29.8,147.5,68,0.33,203,0,0,0,0,0,0,*
H,17,9,12,3,8.21,7.5,8.9,68.31,67,70,1009.49,1009,1010,8.66,0,33.4,82,0.36,204,0,0,0,0,0,0,*
H,18,9,12,3,6.99,6.6,7.5,66.98,66,68,1010.02,1010,1011,3.29,2.3,4.7,71,0.48,203,0,0,0,0,0,0,*
H,19,9,12,3,6.32,5.5,6.7,69.87,66,73,1010.83,1010,1011,3.46,2.3,4.4,43,0.33,204,0,0,0,0,0,0,*
H,20,9,12,3,5.35,4.8,5.9,71.27,70,72,1010.57,1010,1011,3.44,2.3,4.7,44,0.26,204,0,0,0,0,0,0,*
H,21,9,12,3,4.06,3.8,4.8,66.48,64,71,1011,1011,1011,3.54,2.6,4.7,34,0.33,204,0,0,0,0,0,0,*
H,22,9,12,3,4.23,4.1,4.5,65.75,64,67,1011,1011,1012,3.56,2.6,4.4,55,0.37,203,0,0,0,0,0,0,*
H,23,9,12,3,4.51,4.4,4.7,63.27,61,65,1011.54,1011,1012,3.62,2.3,4.7,48,0.39,204,0,0,0,0,0,0,*
H,0,10,12,3,4.22,4.1,4.5,61.96,61,64,1011.95,1011,1012,3.64,2.6,4.7,29,0.31,204,0,0,0,0,0,0,-2,9.9,9,75,1008,1015,*
H,1,10,12,3,4.46,4.3,4.7,63.76,62,65,1011.17,1011,1012,3.57,2.6,4.4,40,0.26,203,0,0,0,0,0,0,*
H,2,10,12,3,4.37,4.3,4.5,61.68,58,64,1011,1011,1011,3.66,2.6,4.7,38,0.33,203,0,0,0,0,0,0,*
H,3,10,12,3,4.6,4.3,4.9,56.21,54,58,1011.21,1011,1012,3.61,3,4.4,62,0.44,203,0,0,0,0,0,0,*
H,4,10,12,3,4.51,3.5,4.9,43.58,9,58,1011.89,1011,1012,3.72,2.6,4.7,71,0.35,204,0,0,0,0,0,0,*
H,5,10,12,3,2.87,2.6,3.4,47.44,15,58,1012,1012,1012,3.76,3,5,39,0.41,204,0,0,0,0,0,0,*
H,6,10,12,3,2.76,2.7,2.9,61.61,56,68,1012,1012,1012,3.83,2.6,5,38,0.32,203,0,0,0,0,0,0,*
H,6.29,10,12,3,3.06,2.8,3.2,72.56,68,76,1012,1012,1012,3.77,3,4.7,56,0.33,98,0,0,0,0,0,0,*
H,7,10,12,3,2.49,2.1,3,82.92,76,91,1012.62,1012,1013,4.06,3,5,58,0.29,105,0,0,0,1.2,0,1.2,*
H,8,10,12,3,2.3,2,2.6,94.94,91,97,1012.64,1012,1013,3.5,1.3,4.7,41,0.33,203,0,0,0,1.4,0,1.4,*
H,9,10,12,3,2.32,2,2.8,98.7,97,99,1013.15,1013,1014,1.21,0,4.4,34,0.31,204,0,0,0,0,0,0,*
H,10,10,12,3,3.03,2.8,3.5,99,99,99,1013.93,1013,1014,29.77,0.9,64.9,30,0.3,204,0,0,0,0.4,0,0.4,*
H,11,10,12,3,4.09,3.4,4.7,97.83,95,99,1014,1014,1014,61.55,38.9,88.8,31,0.3,203,0,0,0,0,0,0,*
H,12,10,12,3,5.36,4.7,6.1,90.67,87,94,1014,1014,1014,146.92,61.8,364.6,28,0.37,204,0,0,0,0,0,0,*
H,13,10,12,3,6.47,6.1,6.7,83.97,82,87,1013.77,1013,1014,175.51,95.7,503.1,38,0.31,203,0,0,0,0,0,0,*
H,14,10,12,3,6.87,6.7,7,82.47,82,83,1013.02,1013,1014,134.12,98.1,200,40,0.32,203,0,0,0,0,0,0,*
H,15,10,12,3,6.98,6.9,7.1,83,82,84,1013.41,1013,1014,67.68,36.8,119.3,42,0.3,204,0,0,0,0,0,0,*
H,16,10,12,3,7,6.9,7.1,85.13,84,86,1013.45,1013,1014,23.49,3.7,41.9,42,0.25,204,0,0,0,0,0,0,*
H,17,10,12,3,6.8,6.5,7,88.25,86,91,1013.43,1013,1014,2.87,0,6.7,37,0.29,203,0,0,0,0,0,0,*
H,18,10,12,3,5.73,5.1,6.5,94.88,91,97,1013.87,1013,1014,3.61,2.6,5,54,0.38,204,0,0,0,0.4,0,0.4,*
H,19,10,12,3,5.21,5,5.5,98.51,97,99,1013.7,1013,1014,3.55,2.6,4.4,7,0.29,203,0,0,0,0.4,0,0.4,*
H,20,10,12,3,5.52,5.4,5.7,99,99,99,1013,1013,1014,3.62,2.3,4.7,35,0.67,204,0,0,0,0.2,0,0.2,*
H,21,10,12,3,5.08,4.9,5.4,99,99,99,1013.16,1013,1014,3.65,2.6,4.7,70,0.69,203,0,0,0,0,0,0,*
H,22,10,12,3,5.52,4.9,6.5,99,99,99,1013.62,1013,1014,3.53,2.6,4.7,163,1.48,204,0,0,0,0,0,0,*
H,23,10,12,3,5.5,5.3,6,99,99,99,1013.61,1013,1014,3.61,2.3,4.7,203,1.2,203,0,0,0,0,0,0,*
H,0,11,12,3,5.3,5.2,5.4,99,99,99,1013.93,1013,1014,3.52,2.3,4.4,175,0.58,204,0,0,0,0,0,0,2,7.1,76,99,1012,1014,*
H,1,11,12,3,5.43,5.2,5.6,99,99,99,1013.09,1013,1014,3.57,2.6,4.4,342,0.74,203,0,0,0,0,0,0,*
H,2,11,12,3,5.82,5.6,6,99,99,99,1013.06,1013,1014,3.56,2.6,4.7,7,0.24,203,0,0,0,0.2,0,0.2,*
H,3,11,12,3,5.87,5.8,6,99,99,99,1014,1014,1014,3.55,2.6,4.7,12,0.28,204,0,0,0,0.4,0,0.4,*
H,4,11,12,3,5.94,5.9,6,99,99,99,1013.82,1013,1014,3.56,2.3,4.4,22,0.28,203,0,0,0,0,0,0,*
H,5,11,12,3,6.04,5.9,6.1,99,99,99,1013.14,1013,1014,3.49,2.6,4.7,19,0.68,204,0,0,0,0,0,0,*
H,6,11,12,3,6.26,6.1,6.5,99,99,99,1013,1013,1013,3.5,2.6,5,6,0.19,203,0,0,0,0.2,0,0.2,*
H,7,11,12,3,6.5,6.4,6.6,99,99,99,1013,1013,1013,3.51,2.3,4.7,17,0.31,204,0,0,0,0,0,0,*
H,8,11,12,3,6.6,6.5,6.7,99,99,99,1013.08,1013,1014,2.98,1.3,4.4,18,0.29,203,0,0,0,0,0,0,*
H,9,11,12,3,6.72,6.6,6.9,99,99,99,1014,1014,1014,4.04,0,10.5,14,0.26,203,0,0,0,0,0,0,*
H,10,11,12,3,6.72,6.6,6.9,99,99,99,1014.38,1014,1015,8.72,3,26.3,349,0.41,204,0,0,0,1,0,1,*
H,11,11,12,3,6.97,6.8,7.3,99,99,99,1014.21,1014,1015,59.53,27.6,94,356,0.42,203,0,0,0,0.2,0,0.2,*
H,12,11,12,3,7.79,7.2,8.3,99,99,99,1014,1014,1014,96.06,44.7,148.7,340,0.24,203,0,0,0,0,0,0,*
H,13,11,12,3,8.74,8.3,9.1,99,99,99,1013.19,1013,1014,47.86,22.8,86.4,13,0.35,203,0,0,0,0,0,0,*
H,14,11,12,3,8.98,8.9,9.2,99,99,99,1013,1013,1013,43.98,21.1,58,53,0.33,203,0,0,0,0,0,0,*
H,15,11,12,3,8.91,8.8,9.1,99,99,99,1012.97,1012,1013,31.68,20.8,60.1,19,0.51,203,0,0,0,0,0,0,*
H,16,11,12,3,9.07,9,9.2,99,99,99,1013,1013,1013,28.68,10.9,64.6,16,0.3,204,0,0,0,0,0,0,*
H,17,11,12,3,9.23,9.1,9.9,99,99,99,1013,1013,1013,3.5,0,11.8,5,0.38,203,0,0,0,0,0,0,*
H,18,11,12,3,9.32,8.9,9.8,99,99,99,1013,1013,1013,3.37,2.6,4.4,266,0.79,203,0,0,0,0,0,0,*
H,19,11,12,3,8.69,8.5,9.3,99,99,99,1013,1013,1013,3.33,2.3,4.4,255,0.28,203,0,0,0,0,0,0,*
H,20,11,12,3,8.56,8.4,8.7,99,99,99,1013,1013,1013,3.34,2.3,4,263,0.41,203,0,0,0,0,0,0,*
H,21,11,12,3,8.42,8.1,9,99,99,99,1013,1013,1013,3.47,2.3,4.4,278,0.55,203,0,0,0,0,0,0,*
H,22,11,12,3,8.04,7.9,8.2,99,99,99,1013,1013,1013,3.42,2.3,4.7,253,0.71,203,0,0,0,0,0,0,*
H,23,11,12,3,7.81,7.7,7.9,99,99,99,1013,1013,1013,3.43,2.6,4.4,211,0.21,204,0,0,0,0,0,0,*
H,0,12,12,3,7.52,7.2,7.8,99,99,99,1012.95,1012,1013,3.42,2.3,4.4,232,0.24,203,0,0,0,0,0,0,5.2,9.9,99,99,1012,1015,*
H,1,12,12,3,7.13,7,7.3,99,99,99,1012.02,1012,1013,3.43,2.3,4.4,238,0.3,203,0,0,0,0,0,0,*
H,2,12,12,3,6.88,6.5,7.2,99,99,99,1011.89,1011,1012,3.47,2.3,5,218,0.41,203,0,0,0,0,0,0,*
H,3,12,12,3,6.17,6,6.4,99,99,99,1012,1012,1012,3.45,1.9,4.7,251,0.74,203,0,0,0,0,0,0,*
H,4,12,12,3,5.5,5.1,6.1,99,99,99,1011.46,1011,1012,3.52,2.6,4.7,283,0.41,204,0,0,0,0,0,0,*
H,5,12,12,3,4.91,4.4,5.2,99,99,99,1011,1011,1011,3.54,2.6,4.7,334,0.53,203,0,0,0,0,0,0,*
H,6,12,12,3,4.3,4,4.7,99,99,99,1011,1011,1011,3.63,2.3,4.4,294,1,204,0,0,0,0,0,0,*
H,7,12,12,3,3.62,3.2,4.2,99,99,99,1011,1011,1011,3.68,2.6,4.4,243,0.47,203,0,0,0,0,0,0,*
H,8,12,12,3,3.25,2.6,3.7,99,99,99,1011.76,1011,1012,2.56,0.2,4.4,341,1.12,203,0,0,0,0.2,0,0.2,*
H,9,12,12,3,3.31,3.1,3.6,99,99,99,1012,1012,1012,33.8,2.6,78.2,10,0.41,203,0,0,0,0,0,0,*
H,10,12,12,3,4.01,3.4,4.6,99,99,99,1012.68,1012,1013,93.92,69,131.9,10,0.44,204,0,0,0,0,0,0,*
H,11,12,12,3,4.87,4.3,5.4,99,99,99,1013,1013,1013,140.18,114.1,164.4,24,0.39,203,0,0,0,0,0,0,*
H,12,12,12,3,5.37,5,6,99,99,99,1013,1013,1013,148.78,118.2,192.8,62,0.52,203,0,0,0,0,0,0,*
H,13,12,12,3,5.93,5.7,6.7,99,99,99,1012.56,1012,1013,162.33,122.4,257.8,96,0.62,203,0,0,0,0,0,0,*
H,14,12,12,3,6.22,5.9,6.7,99,99,99,1012.01,1012,1013,128.78,93.6,175.7,122,1.13,203,0,0,0,0,0,0,*
H,15,12,12,3,6.38,6.2,6.6,99,99,99,1012.18,1012,1013,96.44,50.6,188,63,0.58,203,0,0,0,0,0,0,*
H,16,12,12,3,6.15,5.9,6.5,99,99,99,1013,1013,1013,35.15,11.6,71,52,0.44,203,0,0,0,0,0,0,*
H,17,12,12,3,5.77,5.3,6.2,99,99,99,1013.75,1013,1014,3.12,0,10.2,16,0.34,204,0,0,0,0,0,0,*
H,18,12,12,3,5.34,5.1,5.6,99,99,99,1014,1014,1014,3.46,1.9,4.7,5,0.3,203,0,0,0,0,0,0,*
H,19,12,12,3,4.9,4.6,5.2,99,99,99,1014.64,1014,1015,3.53,2.3,5,338,0.32,203,0,0,0,0,0,0,*
H,20,12,12,3,4.3,3.9,5.1,99,99,99,1015,1015,1015,3.66,2.6,4.7,346,0.61,203,0,0,0,0,0,0,*
H,21,12,12,3,3.67,2.7,4.4,99,99,99,1015.03,1015,1016,3.67,2.3,4.7,331,0.47,203,0,0,0,0,0,0,*
H,22,12,12,3,3.38,2.7,3.8,99,99,99,1015.72,1015,1016,3.78,3,4.7,322,0.73,204,0,0,0,0,0,0,*
H,23,12,12,3,3.66,3.2,4.4,99,99,99,1016,1016,1016,3.81,2.6,5,337,0.46,203,0,0,0,0,0,0,*
H,0,13,12,3,3.39,3,4.2,99,99,99,1016.42,1016,1017,3.85,3,4.7,290,0.55,203,0,0,0,0.2,0,0.2,2.6,7.3,99,99,1011,1017,*
H,1,13,12,3,3.26,3,4.5,99,99,99,1017,1017,1017,3.82,2.6,5,322,0.38,203,0,0,0,0,0,0,*
H,2,13,12,3,4.66,4.3,5,99,99,99,1017,1017,1017,3.83,2.6,4.7,4,0.22,204,0,0,0,0,0,0,*
H,3,13,12,3,5.56,5,6,99,99,99,1017,1017,1017,3.82,3,4.7,12,0.14,204,0,0,0,0,0,0,*
H,4,13,12,3,5.66,5.4,6,98.08,97,99,1017,1017,1017,3.81,3,4.7,11,0.14,204,0,0,0,0,0,0,*
H,5,13,12,3,5.3,5.1,5.5,96.4,96,97,1017,1017,1017,3.79,3,4.7,13,0.18,204,0,0,0,0,0,0,*
H,6,13,12,3,4.99,4.6,5.3,93.73,93,95,1017,1017,1017,3.8,2.6,4.7,7,0.15,204,0,0,0,0,0,0,*
H,7,13,12,3,4.54,4.4,4.7,93.45,93,94,1017,1017,1017,3.84,3,5,4,0.18,203,0,0,0,0,0,0,*
H,8,13,12,3,4.31,4,4.6,93.07,93,94,1017,1017,1017,4.52,0,19.1,357,0.13,204,0,0,0,0,0,0,*
H,9,13,12,3,4.92,4,6,92.03,88,94,1017,1017,1017,64.53,18.7,120.3,357,0.15,204,0,0,0,0,0,0,*
H,10,13,12,3,6.9,6,7.8,85.26,83,88,1017,1017,1017,169.86,120.6,222.3,359,0.28,203,0,0,0,0,0,0,*
H,11,13,12,3,9.1,7.7,10.3,78.12,71,85,1016.75,1016,1017,272.09,191.1,308.1,6,1.09,203,0,0,0,0,0,0,*
H,12,13,12,3,10.06,9.4,10.7,51.37,42,72,1015.8,1015,1016,320.48,275,334.7,305,1.06,203,0,0,0,0,0,0,*
H,13,13,12,3,10.57,10.1,11.1,37.34,34,45,1014.73,1014,1015,328.05,274.6,368.8,232,0.43,203,0,0,0,0,0,0,*
H,14,13,12,3,10.77,10.4,11.5,32.83,28,37,1013.75,1013,1014,251.12,116.2,350.6,224,0.31,203,0,0,0,0,0,0,*
H,15,13,12,3,10.44,10.3,10.8,36.7,33,40,1013,1013,1013,149.98,108.4,217.7,227,0.32,203,0,0,0,0,0,0,*
H,16,13,12,3,9.98,9.3,10.4,38.29,32,44,1012.35,1012,1013,56.76,19.3,127.5,226,0.22,203,0,0,0,0,0,0,*
H,17,13,12,3,8.61,7.8,9.3,54.85,44,64,1012,1012,1012,5.26,0.2,18.7,219,0.15,203,0,0,0,0,0,0,*
H,18,13,12,3,7.4,6.7,8,71.25,65,79,1011.85,1011,1012,3.38,2.3,4.7,226,0.1,204,0,0,0,0,0,0,*
H,19,13,12,3,5.98,5.4,6.9,85.72,79,91,1011,1011,1011,3.51,2.3,4.7,257,0.52,203,0,0,0,0,0,0,*
H,20,13,12,3,5.09,4.7,5.4,94.27,91,96,1010.89,1010,1011,3.59,2.3,5,320,0.51,203,0,0,0,0,0,0,*
H,21,13,12,3,4.46,4,4.9,97.84,96,99,1010,1010,1010,3.54,2.3,4.7,233,1.33,204,0,0,0,0,0,0,*
H,22,13,12,3,3.97,3.8,4.2,99,99,99,1009.96,1009,1010,3.65,2.3,4.7,294,0.04,203,0,0,0,0,0,0,*
H,23,13,12,3,3.48,3.2,3.9,99,99,99,1009,1009,1009,3.66,2.6,4.7,291,0.19,203,0,0,0,0,0,0,*
H,0,14,12,3,3.04,2.6,3.6,99,99,99,1008.62,1008,1009,3.7,3,4.7,287,0.55,203,0,0,0,0,0,0,2.6,11.5,28,99,1008,1017,*
H,1,14,12,3,3.08,2.8,3.4,99,99,99,1007.7,1007,1008,3.69,2.6,4.7,288,0.31,203,0,0,0,0,0,0,*
H,2,14,12,3,2.79,2.7,3,99,99,99,1006.42,1006,1007,3.7,3,4.7,329,0.61,203,0,0,0,0,0,0,*
H,3,14,12,3,2.75,2.5,2.9,99,99,99,1005.59,1005,1006,3.69,2.6,4.7,29,0.95,204,0,0,0,0,0,0,*
H,4,14,12,3,2.74,2.6,3,99,99,99,1004.57,1004,1005,3.78,3,5,316,0.7,203,0,0,0,0,0,0,*
H,5,14,12,3,2.95,2.7,3.4,99,99,99,1004,1004,1004,3.71,2.6,4.7,4,0.31,203,0,0,0,0,0,0,*
H,6,14,12,3,3.27,3.1,3.4,99,99,99,1003.11,1003,1004,3.77,3,4.7,13,0.24,204,0,0,0,0,0,0,*
H,7,14,12,3,3.28,3.1,3.5,99,99,99,1002.28,1002,1003,3.78,2.6,4.7,31,0.3,203,0,0,0,0,0,0,*
H,8,14,12,3,2.66,2.2,3.1,99,99,99,1002,1002,1002,2.65,0.2,4.4,38,0.38,204,0,0,0,0,0,0,*
H,9,14,12,3,3.05,2.6,3.4,99,99,99,1001.26,1001,1002,22.57,0,86.8,355,0.36,203,0,0,0,0,0,0,*
H,10,14,12,3,3.91,3.1,5,98.87,96,99,1001,1001,1001,142.88,85.8,195.2,1,0.23,203,0,0,0,0,0,0,*
H,11,14,12,3,5.7,5,6.4,93.13,91,96,1000.61,1000,1001,231.95,192.2,295.1,93,0.79,203,0,0,0,0,0,0,*
H,12,14,12,3,6.5,5.9,7,90.44,89,92,999.41,999,1000,283.44,238,301.9,127,0.48,203,0,0,0,0,0,0,*
H,13,14,12,3,6.8,6.5,7.2,89.66,87,93,998.15,997,999,265.7,230.4,305,127,0.45,204,0,0,0,0,0,0,*
H,14,14,12,3,6.77,6.2,7.2,94.59,93,96,996.73,996,997,218.01,180.9,244.7,149,0.55,203,0,0,0,0,0,0,*
H,15,14,12,3,7.04,6.8,7.3,93.61,93,95,996,996,996,123.25,58.7,195.7,139,0.91,203,0,0,0,0,0,0,*
H,16,14,12,3,6.85,6.8,7.1,94.44,93,97,996,996,996,45.75,11.6,64.2,26,0.32,204,0,0,0,0,0,0,*
H,17,14,12,3,6.36,5.8,6.8,98.38,97,99,996.64,996,997,3.19,0,12.5,67,0.96,203,0,0,0,0,0,0,*
H,18,14,12,3,5.21,4.6,5.8,99,99,99,997.25,997,998,3.35,1.9,4.4,208,1.07,203,0,0,0,0,0,0,*
H,19,14,12,3,4.63,4.2,5,99,99,99,998,998,998,3.51,2.3,4.7,318,0.43,204,0,0,0,0,0,0,*
H,20,14,12,3,5.15,4.4,5.7,99,99,99,998.58,998,999,3.63,2.6,4.7,353,0.43,203,0,0,0,0,0,0,*
H,21,14,12,3,5.04,4.1,5.7,99,99,99,999.1,999,1000,3.68,2.3,4.7,327,0.75,204,0,0,0,0,0,0,*
H,22,14,12,3,4.11,3.8,4.4,99,99,99,1000,1000,1000,3.58,2.6,4.7,258,0.47,203,0,0,0,0,0,0,*
H,23,14,12,3,3.66,3.4,4,99,99,99,1000,1000,1000,3.71,2.6,5,278,0.48,203,0,0,0,0,0,0,*
H,0,15,12,3,3.47,3.1,3.7,99,99,99,1000,1000,1000,3.73,2.6,4.7,281,0.34,204,0,0,0,0,0,0,2.2,7.3,87,99,996,1008,*
H,1,15,12,3,3.97,3.6,4.4,98.73,97,99,1000,1000,1000,3.77,3,5,286,0.32,202,0,0,0,0,0,0,*
H,2,15,12,3,4.35,3.9,4.7,97.04,96,98,999.44,999,1000,3.74,2.6,4.7,288,0.31,204,0,0,0,0,0,0,*
H,3,15,12,3,4.98,4.2,5.6,96.23,95,97,999.6,999,1000,3.7,2.6,4.7,293,0.33,203,0,0,0,0,0,0,*
H,4,15,12,3,3.49,2.2,5.2,95.45,93,99,999,999,999,3.75,2.3,5,229,0.7,204,0,0,0,0,0,0,*
H,5,15,12,3,2.14,1.2,3,99,99,99,999,999,999,3.59,2.3,4.7,205,1,203,0,0,0,0,0,0,*
H,6,15,12,3,1.86,1.1,2.6,98.99,98,99,999,999,999,3.94,3,5,260,0.71,204,0,0,0,0,0,0,*
H,7,15,12,3,0.59,0,1.4,99,99,99,999,999,999,3.88,3,5,235,1.44,203,0,0,0,0,0,0,*
H,8,15,12,3,-0.12,-0.7,0.8,99,99,99,999,999,999,3.4,0,9.8,156,1.42,204,0,0,0,0,0,0,*
H,9,15,12,3,0.19,-0.4,1.1,99,99,99,999,999,999,60.86,10.2,121,3,1.22,203,0,0,0,0,0,0,*
H,10,15,12,3,1.99,0.9,3.2,98.39,95,99,999,999,999,184.44,122.7,239,27,0.53,204,0,0,0,0,0,0,*
H,11,15,12,3,4.63,3.3,5.5,85.8,80,95,999,999,1000,278.04,238,309.8,99,0.75,203,0,0,0,0,0,0,*
H,12,15,12,3,5.93,5.5,6.5,77.15,75,81,998.41,998,999,327.65,309.5,338.9,98,0.92,203,0,0,0,0.2,0,0.2,*
H,13,15,12,3,6.51,5.8,7.4,71.75,59,77,998,998,998,326.89,273.9,337.5,61,0.4,203,0,0,0,0,0,0,*
H,14,15,12,3,8.04,7.3,8.8,46.09,40,59,998,998,998,287.7,95.4,322.8,36,0.46,203,0,0,0,0,0,0,*
H,15,15,12,3,9.2,8.7,9.6,37.32,33,41,998,998,998,207.15,143.2,257,7,0.31,204,0,0,0,0,0,0,*
H,16,15,12,3,9.38,8.7,10.1,29.31,9,41,998.81,998,999,84.68,31.6,141.9,26,0.67,203,0,0,0,0,0,0,*
H,17,15,12,3,8.62,8.1,9.8,46.09,9,77,999.85,999,1000,7.13,0,31,340,0.78,203,0,0,0,0,0,0,*
H,18,15,12,3,7.72,7.2,8.3,76.93,76,78,1000.92,1000,1001,3.49,2.6,4.4,350,0.28,203,0,0,0,0,0,0,*
H,19,15,12,3,7.49,7.1,8,78.36,77,80,1001.82,1001,1003,3.48,2.3,5,1,0.32,204,0,0,0,0,0,0,*
H,20,15,12,3,6.09,5.3,7.8,75.54,73,79,1003,1003,1003,3.7,2.3,5,337,0.42,203,0,0,0,0,0,0,*
H,21,15,12,3,4.66,3.6,5.8,72.45,69,75,1003,1003,1003,3.66,2.3,4.7,320,0.49,203,0,0,0,0,0,0,*
H,22,15,12,3,3.4,1.8,4.4,67.35,61,71,1003.76,1003,1004,3.53,2.3,5.4,250,0.31,204,0,0,0,0,0,0,*
H,23,15,12,3,2.51,1.7,3.6,59.87,57,63,1004,1004,1004,3.7,3,4.7,263,0.46,203,0,0,0,0,0,0,*
H,0,16,12,3,3.92,3,4.6,64.73,62,67,1004,1004,1004,3.7,3,4.7,237,0.42,203,0,0,0,0,0,0,-0.7,10.1,9,99,998,1004,*
H,1,16,12,3,4.33,3.5,4.8,63.85,60,66,1003.1,1003,1004,3.74,2.6,4.7,263,0.38,203,0,0,0,0,0,0,*
H,2,16,12,3,4.28,3.4,4.7,61.45,59,63,1003.68,1003,1004,3.69,2.6,4.7,281,0.38,203,0,0,0,0,0,0,*
H,3,16,12,3,4.72,4.4,5.2,62.33,62,64,1004.79,1004,1005,3.75,3,5,315,0.44,204,0,0,0,0,0,0,*
H,4,16,12,3,4.17,3.1,5.3,60.89,57,64,1005.22,1005,1006,3.82,2.3,5,328,0.83,203,0,0,0,0,0,0,*
H,5,16,12,3,2.46,1.3,3.6,53.76,49,57,1006,1006,1006,3.7,2.6,5,289,1.4,203,0,0,0,0,0,0,*
H,6,16,12,3,1.3,0.8,1.9,47.39,43,50,1006.37,1006,1007,3.6,2.6,4.7,197,0.78,204,0,0,0,0,0,0,*
H,7,16,12,3,2.46,0.8,3.7,50.97,42,57,1007.4,1007,1008,3.84,3,4.7,309,0.61,203,0,0,0,0,0,0,*
H,8,16,12,3,2.93,1.5,4.4,58.82,53,66,1008.33,1008,1009,3.12,0,6.7,330,0.3,203,0,0,0,0,0,0,*
H,9,16,12,3,4.75,4,5.4,68.26,66,70,1009.43,1009,1010,69.66,7.4,136,312,0.38,204,0,0,0,0,0,0,*
H,10,16,12,3,6.3,5.4,7.1,68.67,68,70,1010,1010,1010,197.8,137.4,251,303,0.53,203,0,0,0,0,0,0,*
H,11,16,12,3,7.64,7,8.3,70.71,69,72,1010,1010,1010,294.75,252.4,330,294,0.6,203,0,0,0,0,0,0,*
H,12,16,12,3,8.62,8.2,9.1,73.57,72,75,1010.02,1010,1011,347.95,329.4,357.7,292,0.6,203,0,0,0,0,0,0,*
H,13,16,12,3,9.31,9.1,9.7,75.33,74,77,1010,1010,1010,349.32,334,357.7,300,0.53,203,0,0,0,0,0,0,*
H,14,16,12,3,9.77,9.6,10,77.64,76,79,1010,1010,1011,304.8,266.3,333.8,320,0.42,203,0,0,0,0,0,0,*
H,15,16,12,3,9.84,9.7,10.1,79.12,78,80,1010.86,1010,1011,214.92,157.3,265.9,322,0.43,203,0,0,0,0,0,0,*
H,16,16,12,3,9.61,9.3,9.9,79.57,78,81,1011,1011,1011,93.58,34.8,156.7,322,0.37,202,0,0,0,0,0,0,*
H,17,16,12,3,8.45,6.6,9.6,77.34,74,79,1011,1011,1011,7.78,0,33.8,250,0.54,204,0,0,0,0,0,0,*
H,18,16,12,3,6.73,6.3,7.2,72.26,71,73,1011.45,1011,1012,3.1,1.9,4,203,0.15,203,0,0,0,0,0,0,*
H,19,16,12,3,5.48,4.7,6.4,58.86,47,71,1012,1012,1012,3.36,2.3,4.4,217,0.25,203,0,0,0,0,0,0,*
H,20,16,12,3,3.64,3.1,4.7,35.9,26,47,1012.8,1012,1013,3.58,2.3,4.7,260,0.31,203,0,0,0,0,0,0,*
H,21,16,12,3,2.1,1,3.2,15.09,9,25,1012.93,1012,1013,3.64,2.6,4.7,246,0.83,203,0,0,0,0,0,0,*
H,22,16,12,3,1.07,0.3,2.6,29.48,21,40,1013,1013,1013,3.87,2.6,5,341,0.88,204,0,0,0,0,0,0,*
H,23,16,12,3,0.63,0.1,1.1,32.62,22,40,1013.04,1013,1015,4.06,3,5,349,0.27,203,0,0,0,0,0,0,*
H,0,17,12,3,-0.47,-0.9,0.4,42.19,26,54,1014,1014,1014,4.18,3.3,5,355,0.63,203,0,0,0,0,0,0,-0.9,10.2,9,81,1003,1015,*
H,1,17,12,3,-0.62,-1.2,-0.2,44.82,27,58,1014,1014,1014,4.22,3.3,5.4,355,0.49,203,0,0,0,0,0,0,*
H,2,17,12,3,-0.61,-1.1,-0.1,27.61,21,35,1014,1014,1014,4.25,3,5.4,22,0.23,203,0,0,0,0,0,0,*
H,3,17,12,3,-0.26,-0.9,0,14.24,10,25,1014.8,1014,1015,4.29,3,5.4,20,0.34,204,0,0,0,0,0,0,*
H,4,17,12,3,-0.48,-0.9,-0.2,10.76,10,14,1015,1015,1015,4.36,3,5.7,14,0.19,203,0,0,0,0,0,0,*
H,5,17,12,3,-0.4,-0.7,0,11.67,9,16,1015.59,1015,1016,4.38,3.3,5.4,352,0.41,204,0,0,0,0,0,0,*
H,6,17,12,3,-0.26,-0.7,0,11.41,10,13,1016,1016,1016,4.34,3,5.4,5,0.23,203,0,0,0,0,0,0,*
H,7,17,12,3,-0.21,-0.5,0,11.39,9,13,1016.77,1016,1017,4.37,3.3,5.7,14,0.12,204,0,0,0,0,0,0,*
H,8,17,12,3,-0.2,-0.6,0.2,15.48,9,23,1017.41,1017,1018,4.08,0,11.8,24,0.21,204,0,0,0,0,0,0,*
H,9,17,12,3,0.73,0.2,1.4,27.34,22,33,1018.32,1018,1019,34.14,12.9,50.6,25,0.31,203,0,0,0,0,0,0,*
H,10,17,12,3,2,1.1,2.8,33.46,30,39,1019.36,1019,1020,113.04,52.6,181.9,18,0.27,204,0,0,0,0,0,0,*
H,11,17,12,3,4.18,2.8,4.8,44.62,38,50,1020,1020,1020,177.62,135,227.4,33,0.25,203,0,0,0,0,0,0,*
H,12,17,12,3,5.15,4.8,5.9,48.54,46,52,1020,1020,1020,207.93,149,286.5,20,0.33,203,0,0,0,0,0,0,*
H,13,17,12,3,6.31,5.8,6.7,48.3,46,51,1019.55,1019,1020,227.3,189.4,273.9,24,0.33,203,0,0,0,0,0,0,*
H,14,17,12,3,7.14,6.7,7.5,44.94,39,48,1019,1019,1019,231.03,188,277,28,0.36,203,0,0,0,0,0,0,*
H,15,17,12,3,7.28,7.1,7.6,29.18,19,39,1018.71,1018,1019,118.55,80,188,29,0.37,203,0,0,0,0,0,0,*
H,16,17,12,3,6.85,6.6,7.2,15.87,10,21,1018.87,1018,1019,54.5,24.5,79.3,40,0.21,203,0,0,0,0,0,0,*
H,17,17,12,3,6.16,5.7,6.6,9.71,9,11,1019,1019,1019,5.94,0,23.9,18,0.44,204,0,0,0,0,0,0,*
H,18,17,12,3,5.13,4.8,5.7,15.13,11,19,1019,1019,1019,3.45,2.3,4.7,70,0.24,203,0,0,0,0,0,0,*
H,19,17,12,3,4.55,4.2,4.8,9.64,9,11,1019.4,1019,1020,3.47,2.3,4.4,38,0.26,204,0,0,0,0,0,0,*
H,20,17,12,3,4.09,3.9,4.3,13.36,9,16,1020,1020,1020,3.62,2.6,4.7,12,0.17,203,0,0,0,0,0,0,*
H,21,17,12,3,3.69,3.5,4,19.86,14,22,1020,1020,1020,3.72,3,4.7,11,0.2,204,0,0,0,0,0,0,*
H,22,17,12,3,3.33,3.1,3.5,12.43,9,19,1020,1020,1020,3.78,3,4.7,9,0.17,203,0,0,0,0,0,0,*
H,23,17,12,3,3.47,3.3,3.6,9.73,9,10,1020,1020,1020,3.79,3,4.7,4,0.12,204,0,0,0,0,0,0,*
H,0,18,12,3,3.66,3.5,3.9,17.04,10,32,1020,1020,1020,3.8,2.6,4.7,2,0.15,203,0,0,0,0,0,0,-1.2,7.6,9,58,1014,1020,*
H,1,18,12,3,3.29,2.9,3.6,44.04,32,51,1019.76,1019,1020,3.89,3,5,356,0.15,204,0,0,0,0,0,0,*
H,2,18,12,3,2.6,2,3.2,53.64,51,60,1019,1019,1019,3.9,2.6,5,14,0.26,203,0,0,0,0,0,0,*
H,3,18,12,3,1.76,1.4,2.1,67.73,60,75,1019.25,1019,1020,3.85,3,4.7,19,0.18,204,0,0,0,0,0,0,*
H,4,18,12,3,1.21,1,1.5,79.64,75,83,1019,1019,1019,4.08,2.6,5.4,6,0.11,203,0,0,0,0,0,0,*
H,5,18,12,3,0.51,0,1.1,85.03,83,89,1019,1019,1019,3.96,3,5,252,1.17,204,0,0,0,0,0,0,*
H,6,18,12,3,0.15,0,0.5,89.09,88,90,1019,1019,1019,4.16,3,5,315,0.49,204,0,0,0,0,0,0,*
H,7,18,12,3,0.11,0,0.3,90.26,90,91,1019,1019,1019,4.22,3.3,5.4,336,0.26,203,0,0,0,0,0,0,*
H,8,18,12,3,0.14,0,0.4,88.99,88,90,1019.4,1019,1020,3.34,0,7.1,3,0.11,204,0,0,0,0,0,0,*
H,9,18,12,3,0.29,0,0.8,88.04,87,89,1020,1020,1020,32.29,6.7,59.1,355,0.57,204,0,0,0,0,0,0,*
H,10,18,12,3,1.06,0.4,1.9,85.16,83,88,1020,1020,1020,63.02,38.2,118.2,342,0.49,203,0,0,0,0,0,0,*
H,11,18,12,3,3.52,1.9,5.7,76.48,62,83,1020,1020,1020,218.5,95.7,303,338,0.3,203,0,0,0,0,0,0,*
H,12,18,12,3,6.39,5.7,7,29.5,20,61,1020,1020,1020,302.21,210.3,310.9,2,0.36,204,0,0,0,0,0,0,*
H,13,18,12,3,7.51,6.8,8.2,19.14,17,21,1019.9,1019,1020,303.62,290.2,310.5,314,0.81,203,0,0,0,0,0,0,*
H,14,18,12,3,8.3,7.7,9.2,18.35,13,21,1019,1019,1019,263.03,226.8,289.3,295,0.83,203,0,0,0,0,0,0,*
H,15,18,12,3,8.45,8.1,8.8,16.14,13,19,1019,1019,1019,179.75,123.8,226.4,318,0.52,203,0,0,0,0,0,0,*
H,16,18,12,3,8.45,7.9,9,17.03,12,24,1019,1019,1019,65.4,14.1,125.5,249,0.57,203,0,0,0,0,0,0,*
H,17,18,12,3,6.93,5.8,7.9,34.43,24,47,1019,1019,1019,4.39,0,18.7,255,0.41,204,0,0,0,0,0,0,*
H,18,18,12,3,5.58,5,6,59.55,48,66,1019,1019,1019,3.27,2.3,4.7,251,0.29,203,0,0,0,0,0,0,*
H,19,18,12,3,4.44,4,5,73.49,66,78,1019,1019,1019,3.5,1.9,4.7,263,0.18,203,0,0,0,0,0,0,*
H,20,18,12,3,3.54,3,4.2,80.5,78,84,1019,1019,1019,3.57,2.6,4.7,259,0.13,204,0,0,0,0,0,0,*
H,21,18,12,3,2.74,2.4,3.2,86.69,84,89,1019,1019,1019,3.67,2.6,4.4,275,0.13,203,0,0,0,0,0,0,*
H,22,18,12,3,2.1,1.7,2.4,90.27,89,93,1019,1019,1019,3.74,3,4.7,268,0.15,204,0,0,0,0,0,0,*
H,23,18,12,3,1.42,1.1,2.1,93.05,92,94,1019,1019,1019,3.88,3,5.4,287,0.27,203,0,0,0,0,0,0,*
H,0,19,12,3,1.06,0.7,1.4,94.53,94,95,1019,1019,1019,4,3,5,323,0.07,203,0,0,0,0,0,0,0,9.2,12,95,1019,1023,*
H,1,19,12,3,0.43,0.3,0.8,94.76,94,96,1018.33,1018,1019,3.9,3,5,326,0,203,0,0,0,0,0,0,*
H,2,19,12,3,0.65,0.3,1.1,94.41,92,96,1018.1,1018,1019,3.86,2.6,5,337,0.27,204,0,0,0,0,0,0,*
H,3,19,12,3,1.09,0.9,1.3,89.53,88,92,1018.77,1018,1019,3.93,2.6,4.7,18,0.3,203,0,0,0,0,0,0,*
H,4,19,12,3,1.45,1.3,1.7,87.55,87,89,1018,1018,1018,3.97,3,4.7,12,0.25,204,0,0,0,0,0,0,*
H,5,19,12,3,1.53,1.4,1.8,89.11,88,90,1018,1018,1018,4.02,3,5,14,0.08,204,0,0,0,0,0,0,*
H,6,19,12,3,0.97,0.7,1.5,91.44,90,93,1018,1018,1018,4.06,3,5,12,0.09,203,0,0,0,0,0,0,*
H,7,19,12,3,0.47,0.1,0.7,92.53,92,93,1018,1018,1018,4.11,3,5,1,0.07,204,0,0,0,0,0,0,*
H,8,19,12,3,0.44,0.1,0.7,92.42,92,93,1018,1018,1018,2.86,0,4.7,4,0.68,204,0,0,0,0,0,0,*
H,9,19,12,3,0.72,0.4,1.4,89.53,85,92,1018,1018,1018,39.23,3.3,103.9,358,0.09,203,0,0,0,0,0,0,*
H,10,19,12,3,2.86,1.4,4.1,79.15,75,85,1018.75,1018,1019,161.13,104.2,206.2,355,0.23,203,0,0,0,0,0,0,*
H,11,19,12,3,4.41,4,5,71.88,68,76,1019,1019,1019,206.29,125.1,258.5,15,0.4,204,0,0,0,0,0,0,*
H,12,19,12,3,5.59,4.9,6.5,63.27,51,69,1018.14,1018,1019,263.81,132.6,315,50,0.53,203,0,0,0,0,0,0,*
H,13,19,12,3,6.28,6,6.9,41.88,38,51,1017.55,1017,1018,234.27,137.8,286.9,68,0.47,203,0,0,0,0,0,0,*
H,14,19,12,3,7.04,6.3,8.2,37.1,32,41,1017,1017,1017,233.76,161.7,273.8,107,0.44,203,0,0,0,0,0,0,*
H,15,19,12,3,7.26,6.9,7.6,32,29,35,1017,1017,1017,180.83,57.7,260.4,119,0.61,203,0,0,0,0,0,0,*
H,16,19,12,3,6.79,6.4,7.2,36.82,30,43,1017,1017,1017,43.46,20.1,89.2,111,0.27,203,0,0,0,0,0,0,*
H,17,19,12,3,5.67,4.9,6.4,48.5,42,58,1017,1017,1017,6.51,0,20.4,119,0,203,0,0,0,0,0,0,*
H,18,19,12,3,4.51,3.9,4.9,67.23,58,77,1017,1017,1017,3.48,1.9,4.7,69,0.9,204,0,0,0,0,0,0,*
H,19,19,12,3,3.82,3.5,4.4,80.08,77,83,1017.24,1017,1018,3.62,2.6,5,358,0.22,203,0,0,0,0,0,0,*
H,20,19,12,3,3.15,2.8,3.4,85.64,83,88,1018,1018,1018,3.71,2.6,5,356,0.12,203,0,0,0,0,0,0,*
H,21,19,12,3,2.34,2,3.1,88.68,87,91,1018,1018,1018,3.85,3,4.7,329,0.18,203,0,0,0,0,0,0,*
H,22,19,12,3,1.87,1.7,2.1,91,91,91,1018,1018,1018,3.79,2.3,4.7,317,0.11,204,0,0,0,0,0,0,*
H,23,19,12,3,1.7,1.5,1.9,91.68,91,92,1018,1018,1018,3.9,3,4.7,330,0.11,203,0,0,0,0,0,0,*
H,0,20,12,3,1.96,1.7,2.1,90.69,89,92,1018,1018,1018,3.93,3,4.7,351,0.2,203,0,0,0,0,0,0,0.1,8.2,29,96,1017,1019,*
H,1,20,12,3,1.48,1,2,89.55,89,91,1018,1018,1018,4.03,3,4.7,352,0.08,203,0,0,0,0,0,0,*
H,2,20,12,3,0.53,0.2,0.9,93.32,91,95,1018,1018,1018,3.94,3,5,342,0.12,204,0,0,0,0,0,0,*
H,3,20,12,3,0.31,0.1,0.6,93.37,92,94,1018,1018,1018,4.09,3.3,5,349,0.18,203,0,0,0,0,0,0,*
H,4,20,12,3,0.26,0,0.6,91.93,91,92,1018,1018,1018,4.15,3,5.4,333,0.26,204,0,0,0,0,0,0,*
H,5,20,12,3,0.06,-0.1,0.3,90.54,90,91,1018,1018,1018,4.13,3,5,315,0.1,203,0,0,0,0,0,0,*
H,6,20,12,3,0.04,-0.1,0.2,89.74,89,90,1018,1018,1018,4.18,3,5.4,315,0.13,204,0,0,0,0,0,0,*
H,7,20,12,3,0.07,-0.1,0.3,88.37,88,89,1018.28,1018,1019,4.29,3,5.4,316,0.13,203,0,0,0,0,0,0,*
H,8,20,12,3,-0.23,-0.5,0.2,89.75,89,90,1019,1019,1019,3.17,0,5,321,0.14,204,0,0,0,0,0,0,*
H,9,20,12,3,0.2,-0.2,1,89.86,89,91,1019,1019,1019,46.21,4,96.1,319,0.22,203,0,0,0,0,0,0,*
H,10,20,12,3,2.61,1.1,4.1,81.18,75,89,1019.54,1019,1020,147.67,97.1,203.8,318,0.29,203,0,0,0,0,0,0,*
H,11,20,12,3,4.95,3.9,5.9,69.38,64,75,1020,1020,1020,242.23,203.1,275.6,8,0.43,203,0,0,0,0,0,0,*
H,12,20,12,3,6.63,5.8,7.5,43.77,31,64,1019.26,1019,1020,290.19,275.2,298.6,74,0.73,203,0,0,0,0,0,0,*
H,13,20,12,3,7.62,7.3,8.1,30.33,26,33,1018.43,1018,1019,290.92,273.3,301.1,140,0.45,203,0,0,0,0,0,0,*
H,14,20,12,3,7.94,7.6,8.5,27.85,23,32,1018,1018,1018,243.33,207.9,273.6,116,0.58,203,0,0,0,0,0,0,*
H,15,20,12,3,8.14,7.8,8.5,25.34,21,28,1017.92,1017,1018,162.03,119.5,206.2,164,0.66,203,0,0,0,0,0,0,*
H,16,20,12,3,7.64,7.3,8.1,30.23,26,33,1017.03,1017,1018,67.32,22.8,118.6,163,0.49,203,0,0,0,0,0,0,*
H,17,20,12,3,6.46,5.7,7.2,38.69,31,49,1017,1017,1017,5.88,0,22.1,216,0,203,0,0,0,0,0,0,*
H,18,20,12,3,4.48,4,5.7,63.33,49,75,1017,1017,1017,3.34,2.3,4.7,221,0.63,203,0,0,0,0,0,0,*
H,19,20,12,3,3.69,3.2,4,79.95,75,86,1017,1017,1017,3.55,2.3,5,358,0.07,204,0,0,0,0,0,0,*
H,20,20,12,3,2.93,2.1,3.6,85.84,85,87,1017,1017,1017,3.66,2.6,4.7,322,0.28,203,0,0,0,0,0,0,*
H,21,20,12,3,1.76,1.4,2.1,90.4,87,93,1016.93,1016,1017,3.84,3,4.7,315,0.28,203,0,0,0,0,0,0,*
H,22,20,12,3,1.39,1,2,93.93,93,94,1016.21,1016,1017,3.88,3,5,327,0,203,0,0,0,0,0,0,*
H,23,20,12,3,0.84,0.6,1.1,94.95,94,96,1016,1016,1016,3.97,3.3,5,328,0.04,203,0,0,0,0,0,0,*
H,0,21,12,3,0.65,0.4,0.9,96.37,96,97,1015.05,1015,1016,4.01,3.3,5,344,0,203,0,0,0,0,0,0,-0.5,8.5,21,97,1015,1020,*
H,1,21,12,3,0.31,0.2,0.6,96.58,96,97,1014.66,1014,1015,4.1,3.3,5,344,0,203,0,0,0,0,0,0,*
H,2,21,12,3,0.54,0.3,0.9,97,97,98,1013.95,1013,1014,3.99,3,5,3,0.18,204,0,0,0,0,0,0,*
H,3,21,12,3,0.95,0.5,1.3,96.67,96,97,1013,1013,1013,4.03,3,4.7,6,0.26,203,0,0,0,0,0,0,*
H,4,21,12,3,1.38,1.2,1.6,95.33,95,96,1012.5,1012,1013,3.93,3,5,47,1.17,204,0,0,0,0,0,0,*
H,5,21,12,3,1.76,1.3,2.2,96.23,96,97,1011.82,1011,1012,3.89,2.6,5.4,348,0.32,203,0,0,0,0,0,0,*
H,6,21,12,3,2.24,2.1,2.3,95.95,95,96,1010.7,1010,1011,3.9,3,5,9,0.23,204,0,0,0,0,0,0,*
H,7,21,12,3,2.48,2.3,2.7,96.8,96,98,1010,1010,1010,3.85,3,4.7,9,0.13,203,0,0,0,0,0,0,*
H,8,21,12,3,2.64,2.5,2.8,97.61,97,98,1009.08,1009,1010,3.76,2.6,4.7,21,0.5,204,0,0,0,0,0,0,*
H,9,21,12,3,2.86,2.8,3.1,98.8,98,99,1008.98,1008,1009,1.76,0,4.7,16,0.57,204,0,0,0,0.2,0,0.2,*
H,10,21,12,3,2.95,2.9,3.1,99,99,99,1008,1008,1008,6.54,3,11.1,1,0.18,203,0,0,0,0,0,0,*
H,11,21,12,3,3.3,3.1,3.5,99,99,99,1007.53,1007,1008,18.49,7.4,48.8,14,0.29,203,0,0,0,0.4,0,0.4,*
H,12,21,12,3,3.67,3.4,3.9,99,99,99,1006.18,1006,1007,33.39,16,59.7,30,0.87,203,0,0,0,0.4,0,0.4,*
H,13,21,12,3,4.03,3.8,4.2,99,99,99,1004.38,1003,1006,53.83,15.3,143.9,0,0.58,204,0,0,0,0.6,0,0.6,*
H,14,21,12,3,4.11,4,4.2,99,99,99,1002.43,1002,1003,29.5,9.5,58,44,0.46,203,0,0,0,1.2,0,1.2,*
H,15,21,12,3,4.16,4.1,4.3,99,99,99,1001.84,1001,1002,19.27,10.2,31.7,6,0.27,203,0,0,0,1.6,0,1.6,*
H,16,21,12,3,4.19,4.1,4.3,99,99,99,1001,1001,1001,10.38,3.3,25.2,1,0.34,203,0,0,0,1.2,0,1.2,*
H,17,21,12,3,4.07,4,4.2,99,99,99,1000.06,1000,1001,2.92,0,4.4,1,0.15,204,0,0,0,1.2,0,1.2,*
H,18,21,12,3,4,4,4.1,99,99,99,999.46,999,1000,3.73,2.6,4.7,354,0.18,203,0,0,0,1.2,0,1.2,*
H,19,21,12,3,4.08,4,4.3,99,99,99,999,999,999,3.69,2.6,5,337,0.41,204,0,0,0,1.8,0,1.8,*
H,20,21,12,3,4.2,4.1,4.5,99,99,99,998.95,998,999,3.68,2.6,4.7,320,0.6,203,0,0,0,1.2,0,1.2,*
H,21,21,12,3,4.35,4.2,4.6,99,99,99,998.04,998,999,3.66,2.6,4.7,300,0.69,203,0,0,0,1,0,1,*
H,22,21,12,3,4.31,4.2,4.5,99,99,99,998,998,998,3.64,2.6,4.4,248,0.4,203,0,0,0,0,0,0,*
H,23,21,12,3,4.22,4.1,4.4,99,99,99,998,998,998,3.7,2.6,4.7,267,0.59,204,0,0,0,0,0,0,*
H,0,22,12,3,4.13,4,4.2,99,99,99,997.47,997,998,3.66,2.6,4.7,265,0.55,203,0,0,0,0.2,0,0.2,0.2,4.6,95,99,997,1015,*
H,1,22,12,3,4.05,3.8,4.3,99,99,99,997,997,997,3.78,2.6,4.7,255,0.46,203,0,0,0,0,0,0,*
H,2,22,12,3,3.9,3.8,4,99,99,99,997,997,997,3.69,2.6,4.7,246,0.41,204,0,0,0,0,0,0,*
H,3,22,12,3,3.77,3.6,4,99,99,99,997,997,997,3.74,2.6,4.7,265,0.36,203,0,0,0,0,0,0,*
H,4,22,12,3,3.35,3.2,3.6,99,99,99,996.58,996,997,3.73,2.6,4.7,236,0.48,204,0,0,0,0,0,0,*
H,5,22,12,3,3.38,3.2,3.6,99,99,99,996.73,996,997,3.78,3,4.7,247,0.88,204,0,0,0,0,0,0,*
H,6,22,12,3,3.44,3.4,3.6,99,99,99,997,997,997,3.77,2.6,4.7,65,0.71,203,0,0,0,0,0,0,*
H,7,22,12,3,3.38,3.2,3.6,99,99,99,997,997,997,3.83,3,4.7,57,0.81,204,0,0,0,0,0,0,*
H,8,22,12,3,3.18,3.1,3.3,99,99,99,997.66,997,998,2.94,0.2,4.7,348,0.17,203,0,0,0,0,0,0,*
H,9,22,12,3,3.65,3.2,4.1,99,99,99,998.05,998,999,41.13,1.3,116.2,347,0.23,204,0,0,0,0,0,0,*
H,10,22,12,3,4.65,4,5.6,99,99,99,999,999,999,157.99,41,271.2,27,0.43,203,0,0,0,0,0,0,*
H,11,22,12,3,6.62,5.5,7.5,93.72,84,99,999.53,999,1000,273.62,99.4,439.8,65,0.4,204,0,0,0,0,0,0,*
H,12,22,12,3,7.34,7,7.9,78.78,74,85,999.57,999,1000,334.05,119.3,493.5,52,0.4,203,0,0,0,0,0,0,*
H,13,22,12,3,7.4,7.1,7.9,71.41,68,79,999,999,1000,294.33,72.7,478.4,49,0.48,203,0,0,0,0,0,0,*
H,14,22,12,3,7.88,7.4,8.5,62.75,55,70,999,999,999,302.05,74.8,356,39,0.6,204,0,0,0,0,0,0,*
H,15,22,12,3,7.87,7.6,8.4,38.78,33,54,999,999,999,115.49,40.3,282.2,52,0.83,203,0,0,0,0,0,0,*
H,16,22,12,3,8.47,8.1,8.9,31.69,28,37,999,999,999,89.75,35.2,150.6,251,0.66,203,0,0,0,0,0,0,*
H,17,22,12,3,7.18,6.8,8,49.39,35,64,999.64,999,1000,8.46,0,34.1,303,0.27,203,0,0,0,0,0,0,*
H,18,22,12,3,6.41,5.9,6.8,76.96,64,83,1000.1,1000,1001,3.29,2.3,4.7,5,1.28,204,0,0,0,0,0,0,*
H,19,22,12,3,5.85,5.5,6.2,82.66,80,87,1000.71,1000,1001,3.34,1.9,4.7,252,0.93,203,0,0,0,0,0,0,*
H,20,22,12,3,4.86,4.4,5.5,91.6,87,95,1001,1001,1001,3.53,2.3,4.7,292,0.34,203,0,0,0,0,0,0,*
H,21,22,12,3,4.22,4,4.6,95.72,95,96,1001.51,1001,1002,3.67,2.6,4.7,294,0.3,204,0,0,0,0,0,0,*
H,22,22,12,3,4.03,3.5,4.4,90,75,95,1002,1002,1002,3.72,3,4.7,348,0.5,203,0,0,0,0,0,0,*
H,23,22,12,3,4.22,3.2,5.4,45.5,9,74,1002.71,1002,1003,3.7,2.6,4.7,7,0.39,204,0,0,0,0,0,0,*
H,0,23,12,3,4.36,3.5,4.7,56.44,51,60,1003.13,1003,1004,3.86,2.6,4.7,3,0.36,203,0,0,0,0,0,0,3.1,8.9,9,99,996,1004,*
H,1,23,12,3,4.49,3.6,5.2,62.87,56,69,1003.98,1003,1004,3.74,2.6,4.7,357,0.34,203,0,0,0,0,0,0,*
H,2,23,12,3,4.67,4.1,5.2,72.74,69,74,1004.27,1004,1005,3.91,2.3,4.7,347,0.28,204,0,0,0,0,0,0,*
H,3,23,12,3,3.74,3.2,4.2,74.32,73,75,1005,1005,1005,3.89,3,4.7,352,0.23,203,0,0,0,0,0,0,*
H,4,23,12,3,2.85,1.3,3.7,73.95,72,76,1005.41,1005,1006,3.94,2.6,5,5,0.23,204,0,0,0,0,0,0,*
H,5,23,12,3,1.77,1.1,2.2,71.86,70,74,1006,1006,1006,3.57,2.6,4.7,64,0.23,203,0,0,0,0,0,0,*
H,6,23,12,3,2.16,1,3,73.41,72,74,1006.5,1006,1007,3.97,2.6,5,17,0.35,204,0,0,0,0,0,0,*
H,7,23,12,3,1.47,0.8,1.9,71.38,70,73,1007.48,1007,1008,3.88,2.6,5.4,32,0.29,203,0,0,0,0,0,0,*
H,8,23,12,3,1.85,1.4,2.2,74.78,72,76,1008.52,1008,1009,2.95,0,4.7,34,0.19,204,0,0,0,0,0,0,*
H,9,23,12,3,1.93,1.5,2.5,74.38,73,75,1009.67,1009,1010,52.31,3.7,117.2,18,0.18,203,0,0,0,0,0,0,*
H,10,23,12,3,3.32,2.4,4.1,75.2,74,77,1010.47,1010,1011,180.44,119.3,237.7,22,0.29,203,0,0,0,0,0,0,*
H,11,23,12,3,4.19,3.8,4.7,77.8,76,79,1011,1011,1011,283.77,237.7,321.4,55,0.5,204,0,0,0,0,0,0,*
H,12,23,12,3,4.7,4.2,5.3,77.48,75,80,1010.82,1010,1011,342.14,320.1,355.7,93,0.34,203,0,0,0,0,0,0,*
H,13,23,12,3,5.21,4.9,5.5,80.87,80,82,1010,1010,1010,347.62,333.4,356.4,80,0.44,203,0,0,0,0,0,0,*
H,14,23,12,3,5.59,5.3,5.9,81.21,80,83,1010,1010,1010,305.63,269.1,333.8,62,0.48,203,0,0,0,0,0,0,*
H,15,23,12,3,5.65,5.4,6.1,79.86,79,81,1010,1010,1010,218.38,162.1,269.6,56,0.26,203,0,0,0,0,0,0,*
H,16,23,12,3,5.02,4.4,5.5,78.88,78,80,1010,1010,1010,98.64,38.9,161.4,50,0.33,203,0,0,0,0,0,0,*
H,17,23,12,3,3.58,2.8,4.6,77.11,75,79,1010.33,1010,1011,9.12,0,37.5,49,0.26,203,0,0,0,0,0,0,*
H,18,23,12,3,2.44,1.8,2.9,75.67,74,76,1011,1011,1011,3.61,2.6,4.7,37,0.26,204,0,0,0,0,0,0,*
H,19,23,12,3,1.66,1.1,2.1,74.38,73,76,1011.72,1011,1012,3.89,3,5,19,0.28,203,0,0,0,0,0,0,*
H,20,23,12,3,1.14,0.9,1.4,74.64,72,77,1012.3,1012,1013,3.82,2.6,4.7,32,0.24,204,0,0,0,0,0,0,*
H,21,23,12,3,0.87,0,1.4,76.81,74,78,1013,1013,1013,3.92,2.6,5,83,0.58,203,0,0,0,0,0,0,*
H,22,23,12,3,-0.24,-1,0.4,72.31,69,74,1013,1013,1013,4.08,3,5,291,0.54,203,0,0,0,0,0,0,*
H,23,23,12,3,-0.42,-1.4,0,73.55,71,74,1013.93,1013,1015,4.22,3.3,5,19,0.34,204,0,0,0,0,0,0,*
H,0,24,12,3,-1.84,-2.7,-1.3,70.28,65,73,1014.77,1014,1015,4.19,3,5.4,48,0.66,203,0,0,0,0,0,0,-2.8,6.1,56,83,1003,1015,*
H,1,24,12,3,-2.4,-3.4,-1.3,62.94,60,66,1015,1015,1015,4.23,3,5.4,44,1.28,202,0,0,0,0,0,0,*
H,2,24,12,3,-1.36,-2.4,-0.6,68.95,64,72,1015.06,1015,1016,4.39,2.5,5.7,12,0.28,204,0,0,0,0,0,0,*
H,3,24,12,3,-3.02,-4.1,-1.6,57.19,50,66,1015.93,1015,1016,4.51,3.2,5.5,350,0.43,203,0,0,0,0,0,0,*
H,4,24,12,3,-4.13,-4.9,-3.6,46.03,37,51,1016,1016,1016,4.53,3.4,5.4,321,0.35,202,0,0,0,0,0,0,*
H,5,24,12,3,-5.24,-5.9,-4.6,27.69,20,36,1016,1016,1016,4.27,3.2,5.4,217,1.3,204,0,0,0,0,0,0,*
H,6,24,12,3,-5.45,-5.7,-5.1,21.35,9,34,1016.59,1016,1017,4.42,3.2,5.5,141,0.83,202,0,0,0,0,0,0,*
H,7,24,12,3,-5.42,-5.8,-5.1,13.22,9,20,1017.14,1017,1018,4.63,3.4,6.2,318,0.2,204,0,0,0,0,0,0,*
H,8,24,12,3,-5.62,-6,-5.3,10.29,9,11,1018.06,1018,1019,3.61,0.1,6.2,338,0.27,203,0,0,0,0,0,0,*
H,9,24,12,3,-4.09,-5.4,-2.3,25.55,9,50,1019,1019,1019,56.91,2.8,121.1,0,0.43,203,0,0,0,0,0,0,*
H,10,24,12,3,-1.17,-2.8,0.4,53.89,47,63,1019.02,1019,1020,185.7,122.5,245.8,359,0.28,203,0,0,0,0,0,0,*
H,11,24,12,3,1.34,0.4,1.9,70.95,63,74,1019.95,1019,1020,293.09,246.5,328.9,12,0.34,204,0,0,0,0,0,0,*
H,12,24,12,3,2.2,1.4,2.9,77.6,72,81,1019.82,1019,1020,350.99,326.9,364.9,20,0.42,203,0,0,0,0,0,0,*
H,13,24,12,3,2.92,2.6,3.3,80.36,78,81,1018.85,1018,1019,355.94,342,365.2,8,0.42,203,0,0,0,0,0,0,*
H,14,24,12,3,3.38,2.9,3.8,80.94,79,82,1018,1018,1018,312.02,273.2,342.7,2,0.34,204,0,0,0,0,0,0,*
H,15,24,12,3,3.68,3.4,4.1,81.28,81,82,1018,1018,1018,225.82,169.3,272.6,13,0.38,203,0,0,0,0,0,0,*
H,16,24,12,3,3.49,3.1,3.8,79.97,77,81,1018.17,1018,1019,103.88,41,168.2,63,0.66,203,0,0,0,0,0,0,*
H,17,24,12,3,2.68,2,3.1,76.75,75,78,1018.99,1018,1019,10.03,0,40.6,28,0.62,204,0,0,0,0,0,0,*
H,18,24,12,3,1.42,0.9,2.2,73.84,72,78,1019.16,1019,1020,3.8,3,4.7,359,0.17,204,0,0,0,0,0,0,*
H,19,24,12,3,0.19,-0.6,0.9,67.91,65,71,1020,1020,1020,4.03,3.3,5.4,13,0.23,203,0,0,0,0,0,0,*
H,20,24,12,3,-0.48,-1.4,0,63.33,59,65,1020,1020,1020,4.25,3.3,5.4,6,0.22,204,0,0,0,0,0,0,*
H,21,24,12,3,-1.63,-2.4,-0.7,56.32,46,62,1020,1020,1020,4.35,3.3,5,338,0.73,203,0,0,0,0,0,0,*
H,22,24,12,3,-2.53,-2.8,-2.3,46.42,42,49,1020,1020,1020,4.48,3.3,5.7,333,0.37,204,0,0,0,0,0,0,*
H,23,24,12,3,-2.9,-3.3,-2.6,44.52,41,48,1020,1020,1020,4.44,3.4,5.5,335,0.31,203,0,0,0,0,0,0,*
H,0,25,12,3,-3.53,-3.9,-2.9,39.42,34,46,1020,1020,1020,4.57,3.4,5.5,319,0.31,203,0,0,0,0,0,0,-6,4.1,9,82,1015,1020,*
H,1,25,12,3,-4.2,-4.9,-3.3,34.92,27,44,1020,1020,1020,4.51,3.2,5.7,1,0.81,203,0,0,0,0,0,0,*
H,2,25,12,3,-3.9,-4.3,-3.4,34.82,32,38,1020,1020,1020,4.51,3.2,5.7,14,0.26,203,0,0,0,0,0,0,*
H,3,25,12,3,-3.92,-4.2,-3.7,37.53,35,41,1020,1020,1020,4.62,3.4,5.7,359,0.16,204,0,0,0,0,0,0,*
H,4,25,12,3,-4.09,-4.6,-3.6,38.98,33,42,1020,1020,1020,4.7,3.4,5.9,354,0.13,203,0,0,0,0,0,0,*
H,5,25,12,3,-5.01,-5.3,-4.4,17.7,11,33,1020,1020,1020,4.59,3.4,5.9,352,0.13,203,0,0,0,0,0,0,*
H,6,25,12,3,-5.39,-6.2,-4.9,16.85,9,23,1020,1020,1020,4.74,3.9,5.9,340,0.38,203,0,0,0,0,0,0,*
H,7,25,12,3,-5.73,-6,-5.4,10.84,9,16,1020,1020,1020,4.8,3.9,5.5,352,0.27,203,0,0,0,0,0,0,*
H,8,25,12,3,-5.73,-6.3,-5.3,9.47,9,10,1020.63,1020,1021,3.73,0.1,6.2,7,0.13,204,0,0,0,0,0,0,*
H,9,25,12,3,-5.05,-5.8,-4,11.62,9,18,1021.02,1021,1022,58.68,5.5,120.8,1,0.19,203,0,0,0,0,0,0,*
H,10,25,12,3,-2.66,-4,-1,30.22,18,45,1021,1021,1021,183.67,121.1,240.5,2,0.22,203,0,0,0,0,0,0,*
H,11,25,12,3,0.02,-1,0.9,60.06,45,70,1021,1021,1021,286.81,241.1,325.9,32,0.43,203,0,0,0,0,0,0,*
H,12,25,12,3,1.34,0.7,1.9,69.8,69,71,1020.17,1020,1021,344.94,325.6,358.8,48,0.51,203,0,0,0,0,0,0,*
H,13,25,12,3,2.64,2,3.1,74.64,70,77,1019.09,1019,1020,349.3,322.5,360.8,334,0.47,203,0,0,0,0,0,0,*
H,14,25,12,3,3.51,3,4.6,76.17,75,77,1018.31,1018,1019,304.11,268.5,334.5,321,0.42,203,0,0,0,0,0,0,*
H,15,25,12,3,4.56,3.9,5.1,76.55,76,77,1018,1018,1018,217.27,162.1,267.8,249,0.84,203,0,0,0,0,0,0,*
H,16,25,12,3,4,3.7,4.8,75.95,74,77,1018,1018,1018,97.94,38.4,161.1,120,0.43,203,0,0,0,0,0,0,*
H,17,25,12,3,2.69,1.5,3.7,72.19,70,74,1018,1018,1018,9.44,0,38.4,132,0.09,204,0,0,0,0,0,0,*
H,18,25,12,3,1.14,0.4,1.7,65.34,59,70,1018,1018,1018,3.41,1.9,4.4,103,1.11,203,0,0,0,0,0,0,*
H,19,25,12,3,0.34,-0.1,1,57.35,54,61,1018,1018,1018,3.92,3,4.7,344,0.32,203,0,0,0,0,0,0,*
H,20,25,12,3,-0.29,-0.9,0.2,50.36,42,56,1017.9,1017,1018,4.18,3.3,5,349,0.35,204,0,0,0,0,0,0,*
H,21,25,12,3,-0.94,-1.3,-0.6,41.93,39,44,1017.25,1017,1018,4.28,3.3,5.4,329,0.17,203,0,0,0,0,0,0,*
H,21.26,25,12,3,-1.1,-1.3,-1,40.24,39,41,1017,1017,1017,4.32,3.3,5,324,0.23,87,0,0,0,0,0,0,*
H,22,25,12,3,-0.83,-1.1,-0.6,42.66,41,44,1017,1017,1017,4.34,3.3,5.7,357,0.11,115,0,0,0,0,0,0,*
H,23,25,12,3,-1.1,-1.3,-0.8,40.64,38,44,1017,1017,1017,4.42,3,5.7,355,0.21,203,0,0,0,0,0,0,*
H,0,26,12,3,-1.2,-1.6,-0.8,40.33,37,43,1016.24,1016,1017,4.48,3.3,5.4,336,0.25,202,0,0,0,0,0,0,-1.6,-0.6,37,44,1016,1017,*
H,1,26,12,3,-1.18,-1.5,-0.9,42.34,40,44,1016,1016,1016,4.43,3.3,5.4,343,0.2,203,0,0,0,0,0,0,*
H,2,26,12,3,-1.44,-2.1,-1,41.64,38,44,1016,1016,1016,4.4,3.3,5.4,312,0.17,203,0,0,0,0,0,0,*
H,3,26,12,3,-1.63,-2.1,-0.9,42.82,38,48,1015.82,1015,1016,4.47,3.3,5.4,324,0.16,203,0,0,0,0,0,0,*
H,4,26,12,3,-1.4,-2.1,-0.8,44.85,37,49,1015,1015,1015,4.53,3.3,6,345,0.2,203,0,0,0,0,0,0,*
H,5,26,12,3,-1.2,-1.9,-0.5,41.69,36,47,1014.37,1014,1015,4.46,3.3,5.4,326,0.17,203,0,0,0,0,0,0,*
H,6,26,12,3,-1.64,-2.4,-0.5,39.46,34,47,1014,1014,1014,4.38,3.3,5.7,305,0.29,203,0,0,0,0,0,0,*
H,7,26,12,3,-1.88,-2.3,-1.3,37.67,35,40,1014,1014,1014,4.43,3.4,5.7,294,0.17,203,0,0,0,0,0,0,*
H,8,26,12,3,-1.38,-1.9,-0.9,39.48,37,41,1014,1014,1014,3.66,0,8.1,311,0.17,203,0,0,0,0,0,0,*
H,9,26,12,3,-0.12,-1.2,1,40.57,37,43,1014.83,1014,1015,79.29,8.5,158.3,311,0.72,203,0,0,0,0,0,0,*
H,10,26,12,3,1.44,1,2,36.9,31,43,1015,1015,1015,146.35,100.1,242.1,105,0.69,203,0,0,0,0,0,0,*
H,11,26,12,3,2.75,1.9,3.1,39.65,36,44,1014.36,1014,1015,152.51,116.2,233.5,218,0.43,203,0,0,0,0,0,0,*
H,12,26,12,3,4.93,3,6.9,37.12,33,41,1013.74,1013,1014,330.29,118.9,453.2,226,0.35,203,0,0,0,0,0,0,*
H,13,26,12,3,7.14,6.6,7.6,51.47,41,55,1012.73,1012,1013,258.04,190.8,354.3,225,0.29,203,0,0,0,0,0,0,*
H,14,26,12,3,7.74,7.3,8.5,58.86,55,62,1012,1012,1012,258.39,177,331.7,239,0.3,203,0,0,0,0,0,0,*
H,15,26,12,3,8.68,8.4,9,66.74,62,69,1012,1012,1012,211.95,156.6,260.9,241,0.34,202,0,0,0,0,0,0,*
H,16,26,12,3,8.24,7.7,8.7,67.33,67,68,1011.99,1011,1012,95.7,40.3,155.6,250,0.27,204,0,0,0,0,0,0,*
H,17,26,12,3,6.89,6.2,7.8,68.07,67,69,1011.18,1011,1012,10.73,0,39.8,243,0.16,203,0,0,0,0,0,0,*
H,18,26,12,3,5.64,5,6.3,67.13,66,69,1011,1011,1011,3.34,2.3,4.7,247,0.15,203,0,0,0,0,0,0,*
H,19,26,12,3,4.39,3.8,5,64.44,62,67,1011,1011,1011,3.53,1.9,4.4,249,0.14,203,0,0,0,0,0,0,*
H,20,26,12,3,3.16,2.6,3.9,56.78,50,62,1010.98,1010,1011,3.61,2.6,4.7,243,0.15,204,0,0,0,0,0,0,*
H,21,26,12,3,1.59,1,2.6,41.84,34,50,1010.24,1010,1011,3.81,3,4.7,269,0.24,203,0,0,0,0,0,0,*
H,22,26,12,3,0.22,-0.6,1,31.23,19,42,1010,1010,1010,4.03,3,5,279,0.01,204,0,0,0,0,0,0,*
H,23,26,12,3,-0.4,-0.8,0,10.64,9,18,1010,1010,1010,4,3,5.4,8,0.59,203,0,0,0,0,0,0,*
H,0,27,12,3,-0.52,-1.1,0,10.89,9,18,1010,1010,1010,4.25,3.3,5,19,0.11,204,0,0,0,0,0,0,-2.4,9,9,69,1010,1016,*
H,1,27,12,3,-0.58,-1.2,0,20.85,18,25,1010,1010,1010,4.24,3.3,5.4,11,0.19,203,0,0,0,0,0,0,*
H,2,27,12,3,-0.68,-1,-0.2,20,18,23,1010,1010,1010,4.32,3,5.4,7,0.12,203,0,0,0,0,0,0,*
H,3,27,12,3,-0.34,-0.9,0.1,20.74,17,24,1010,1010,1010,4.36,3,5.4,12,0.09,204,0,0,0,0,0,0,*
H,4,27,12,3,-0.15,-0.5,0.2,14.4,11,19,1010,1010,1010,4.31,3.3,5.7,25,0.14,204,0,0,0,0,0,0,*
H,5,27,12,3,-0.3,-0.6,0,18.07,13,23,1009.17,1009,1010,4.37,3,5.4,15,0.07,203,0,0,0,0,0,0,*
H,6,27,12,3,-1.06,-1.6,-0.6,27.89,20,39,1009,1009,1009,4.44,3.3,5.4,24,0.24,203,0,0,0,0,0,0,*
H,6.44,27,12,3,-1.25,-1.4,-0.9,39.86,38,42,1009.16,1009,1010,4.31,3,5.4,3,0.06,149,0,0,0,0,0,0,*
H,7,27,12,3,-1.21,-1.3,-1,39.58,39,40,1009.43,1009,1010,4.4,3.4,5.4,4,0.07,53,0,0,0,0,0,0,*
H,8,27,12,3,-1.22,-1.4,-1,39.44,38,42,1009.04,1009,1010,3.59,0,8.1,12,0.12,204,0,0,0,0,0,0,*
H,9,27,12,3,-0.61,-1.1,0,38.53,30,47,1009.74,1009,1010,44.13,8.1,98.4,7,0.12,203,0,0,0,0,0,0,*
H,10,27,12,3,1.36,0,2.7,22.11,9,30,1010,1010,1010,184,102.8,263.3,23,0.24,203,0,0,0,0,0,0,*
H,11,27,12,3,2.92,2.7,3.2,14.29,11,19,1010,1010,1010,154.61,125.1,191.8,60,0.33,204,0,0,0,0,0,0,*
H,12,27,12,3,3.15,2.8,3.4,11.16,9,12,1009.22,1009,1010,149.1,138.1,159.6,27,0.39,203,0,0,0,0,0,0,*
H,13,27,12,3,3.79,3.4,4,11.43,9,13,1008.48,1008,1009,161.27,151.1,196.9,12,0.41,203,0,0,0,0,0,0,*
H,14,27,12,3,4.34,3.9,4.7,9.68,9,11,1008,1008,1008,152.18,123.1,179.1,29,0.34,203,0,0,0,0,0,0,*
H,15,27,12,3,4.81,4.6,5,14.54,10,22,1008,1008,1008,124.52,74.8,239.3,27,0.32,204,0,0,0,0,0,0,*
H,16,27,12,3,4.7,4.4,4.9,30.54,23,39,1008,1008,1008,47.7,18.4,74.1,3,0.18,203,0,0,0,0,0,0,*
H,17,27,12,3,3.99,3.3,4.5,44.5,39,51,1008.47,1008,1009,4.59,0,18.4,78,1.14,204,0,0,0,0,0,0,*
H,18,27,12,3,3.22,3,3.5,57.34,51,61,1009,1009,1009,3.49,2.6,4.7,109,0.23,203,0,0,0,0,0,0,*
H,19,27,12,3,3.02,2.9,3.2,56.68,54,61,1009,1009,1009,3.62,2.6,4.7,61,0.92,204,0,0,0,0,0,0,*
H,20,27,12,3,2.85,2.7,3,56.61,54,60,1008.97,1008,1009,3.71,2.6,4.7,5,0.22,204,0,0,0,0,0,0,*
H,21,27,12,3,2.97,2.8,3.1,55.1,53,61,1008,1008,1008,3.8,3,4.7,359,0.17,203,0,0,0,0,0,0,*
H,22,27,12,3,3.19,3,3.5,66.77,61,74,1007.92,1007,1008,3.81,2.6,5,10,0.16,204,0,0,0,0,0,0,*
H,23,27,12,3,3.46,3.3,3.7,76.88,74,79,1007.07,1007,1008,3.74,2.6,5,13,0.19,204,0,0,0,0,0,0,*
H,0,28,12,3,3.72,3.5,3.9,78.17,78,79,1007,1007,1007,3.77,2.6,4.7,24,0.29,203,0,0,0,0,0,0,-1.4,5,9,79,1007,1010,*
H,1,28,12,3,3.8,3.6,4,77.49,76,78,1006.91,1006,1007,3.66,2.6,4.7,10,0.2,204,0,0,0,0,0,0,*
H,2,28,12,3,4.15,4,4.3,71.9,66,76,1006,1006,1006,3.66,2.6,4.4,13,0.17,203,0,0,0,0,0,0,*
H,3,28,12,3,4.47,4.2,4.7,59,48,66,1006,1006,1006,3.66,2.6,5,13,0.29,204,0,0,0,0,0,0,*
H,4,28,12,3,4.75,4.6,4.9,38.4,33,48,1005.31,1005,1006,3.68,2.6,4.7,5,0.14,203,0,0,0,0,0,0,*
H,5,28,12,3,4.73,4.6,4.9,33.43,32,36,1004.4,1004,1005,3.59,2.3,5,1,0.15,204,0,0,0,0,0,0,*
H,6,28,12,3,4.73,4.6,4.9,44.1,36,52,1003.81,1003,1004,3.65,2.6,4.7,2,0.13,203,0,0,0,0,0,0,*
H,7,28,12,3,4.42,4.2,4.8,56.69,52,62,1003,1003,1003,3.66,2.6,4.4,32,0.3,204,0,0,0,0,0,0,*
H,8,28,12,3,4.25,4.2,4.4,68.62,62,75,1003,1003,1003,3.33,1.3,4.7,7,0.22,203,0,0,0,0,0,0,*
H,9,28,12,3,4.62,4.4,4.8,82.47,76,90,1003,1003,1003,2.61,0,6.4,9,0.17,204,0,0,0,0,0,0,*
H,10,28,12,3,4.77,4.7,4.9,96.36,90,99,1003,1003,1003,12.74,4.4,27.9,12,0.24,203,0,0,0,0,0,0,*
H,11,28,12,3,5.22,4.9,5.4,99,99,99,1003,1003,1003,25.11,18.4,34.8,16,0.28,204,0,0,0,0.4,0,0.4,*
H,12,28,12,3,5.35,5.3,5.5,99,99,99,1002.73,1002,1003,25.4,18.7,36.8,20,0.34,203,0,0,0,0.2,0,0.2,*
H,13,28,12,3,5.64,5.4,5.8,99,99,99,1001.62,1001,1002,48.29,24.5,80,11,0.25,203,0,0,0,0,0,0,*
H,14,28,12,3,5.82,5.8,5.9,99,99,99,1001,1001,1001,46.25,23.9,70.4,15,0.3,203,0,0,0,0,0,0,*
H,15,28,12,3,5.97,5.9,6.1,99,99,99,1001,1001,1001,36,14.9,52.6,15,0.3,204,0,0,0,0,0,0,*
H,16,28,12,3,5.92,5.8,6,99,99,99,1001,1001,1001,8.09,2.3,15.3,20,0.25,203,0,0,0,0.6,0,0.6,*
H,17,28,12,3,5.92,5.8,6,99,99,99,1001,1001,1001,2.56,0,4.4,25,0.29,204,0,0,0,0.6,0,0.6,*
H,18,28,12,3,5.84,5.7,6,99,99,99,1001,1001,1001,3.6,2.6,4.7,13,0.21,203,0,0,0,1.2,0,1.2,*
H,19,28,12,3,5.77,5.7,5.8,99,99,99,1001,1001,1001,3.55,2.6,5,11,0.24,203,0,0,0,0.4,0,0.4,*
H,20,28,12,3,5.92,5.8,6,99,99,99,1000.75,1000,1001,3.57,2.6,4.7,11,0.23,204,0,0,0,1.2,0,1.2,*
H,21,28,12,3,5.95,5.8,6.1,99,99,99,1000.75,1000,1001,3.62,2.3,4.7,24,0.3,203,0,0,0,2,0,2,*
H,22,28,12,3,6.09,6,6.2,99,99,99,1000.55,1000,1001,3.52,2.6,4.4,22,0.25,204,0,0,0,1.6,0,1.6,*
H,23,28,12,3,6,6,6.1,99,99,99,1000.19,1000,1001,3.55,2.6,4.7,11,0.21,203,0,0,0,1.6,0,1.6,*
H,0,29,12,3,6.13,6,6.3,99,99,99,1000,1000,1000,3.53,2.3,4.4,13,0.29,203,0,0,0,2,0,2,3.6,6.3,32,99,1000,1007,*
H,1,29,12,3,6.4,6.3,6.6,99,99,99,1000,1000,1000,3.56,2.6,4.7,18,0.31,203,0,0,0,2.2,0,2.2,*
H,2,29,12,3,6.68,6.5,6.8,99,99,99,1000,1000,1000,3.53,2.6,4.7,38,0.22,204,0,0,0,3,0,3,*
H,3,29,12,3,6.6,6.4,6.8,99,99,99,1000,1000,1000,3.52,2.6,5,40,0.22,203,0,0,0,2.8,0,2.8,*
H,4,29,12,3,6.07,5.8,6.4,99,99,99,1000,1000,1000,3.53,2.3,4.4,37,0.24,204,0,0,0,2,0,2,*
H,5,29,12,3,5.66,5.6,5.8,99,99,99,999.56,999,1000,3.56,2.3,4.7,26,0.28,203,0,0,0,2.2,0,2.2,*
H,6,29,12,3,5.59,5.5,5.7,99,99,99,999.59,999,1000,3.56,2.6,4.7,26,0.31,204,0,0,0,3.2,0,3.2,*
H,7,29,12,3,5.84,5.6,6,99,99,99,1000,1000,1000,3.54,2.3,4.7,44,0.46,203,0,0,0,2.4,0,2.4,*
H,8,29,12,3,5.99,5.9,6.1,99,99,99,1000.11,1000,1001,3.46,2.3,4.4,48,0.94,204,0,0,0,4,0,4,*
H,9,29,12,3,6.3,6,6.5,99,99,99,1001,1001,1001,1.81,0,4,40,0.47,203,0,0,0,3.2,0,3.2,*
H,10,29,12,3,6.32,6.2,6.4,99,99,99,1001,1001,1001,6.87,2.6,13.2,32,0.29,203,0,0,0,2.8,0,2.8,*
H,11,29,12,3,6.59,6.4,6.7,99,99,99,1001,1001,1001,23.8,6,33.8,18,0.32,204,0,0,0,1.8,0,1.8,*
H,12,29,12,3,6.56,6.3,6.7,99,99,99,1000.57,1000,1001,23.88,16.3,33.8,7,0.28,203,0,0,0,1.6,0,1.6,*
H,13,29,12,3,6.46,6.2,6.6,99,99,99,1000,1000,1000,21.32,8.1,34.1,9,0.67,203,0,0,0,2.4,0,2.4,*
H,14,29,12,3,6.51,6.4,6.7,99,99,99,999.99,999,1000,22.43,10.2,37.5,24,0.37,203,0,0,0,1.8,0,1.8,*
H,15,29,12,3,6.37,6.3,6.4,99,99,99,999.81,999,1000,11.04,4.7,16.7,28,0.36,203,0,0,0,2.2,0,2.2,*
H,16,29,12,3,6.32,6.3,6.4,99,99,99,1000,1000,1000,2.22,0,9.8,33,0.35,204,0,0,0,3.6,0,3.6,*
H,17,29,12,3,6.52,6.3,6.7,99,99,99,1000.09,1000,1001,2.68,0.2,5,11,0.32,203,0,0,0,3.8,0,3.8,*
H,18,29,12,3,6.74,6.6,6.8,99,99,99,1000.02,1000,1001,3.49,2.3,4.4,2,0.36,203,0,0,0,3.2,0,3.2,*
H,19,29,12,3,6.67,6.4,6.8,99,99,99,1000,1000,1000,3.56,2.3,4.7,5,0.24,204,0,0,0,4.2,0,4.2,*
H,20,29,12,3,6.2,6.1,6.4,99,99,99,1000,1000,1000,3.52,2.3,4.4,5,0.29,203,0,0,0,2.4,0,2.4,*
H,21,29,12,3,6.14,6.1,6.2,99,99,99,1000,1000,1000,3.56,2.3,4.7,15,0.26,203,0,0,0,1,0,1,*
H,22,29,12,3,6.48,6.2,6.7,99,99,99,1000,1000,1000,3.46,2.6,4.7,12,0.4,204,0,0,0,1.6,0,1.6,*
H,23,29,12,3,7.04,6.6,7.2,99,99,99,999.31,999,1000,3.4,2.3,4.4,23,0.37,203,0,0,0,0.6,0,0.6,*
H,0,30,12,3,7.08,7,7.3,99,99,99,999.04,999,1000,3.48,1.9,4.4,21,0.34,204,0,0,0,0,0,0,5.5,7.3,99,99,999,1001,*
H,1,30,12,3,7.33,7.2,7.4,99,99,99,999,999,999,3.49,2.3,4.7,32,0.29,203,0,0,0,0.2,0,0.2,*
H,2,30,12,3,7.34,7.2,7.4,99,99,99,999,999,999,3.47,2.3,5,20,0.3,204,0,0,0,0,0,0,*
H,3,30,12,3,7.18,7.1,7.3,99,99,99,999,999,999,3.48,1.9,4.7,15,0.24,204,0,0,0,0,0,0,*
H,4,30,12,3,7.15,7.1,7.3,99,99,99,999,999,999,3.47,2.3,4.7,26,0.27,203,0,0,0,0,0,0,*
H,5,30,12,3,7.27,7.2,7.5,99,99,99,998.97,998,999,3.54,2.3,5,32,0.31,204,0,0,0,0,0,0,*
H,6,30,12,3,7.4,7.3,7.5,99,99,99,999,999,999,3.49,2.3,4.7,45,0.27,204,0,0,0,0,0,0,*
H,7,30,12,3,7.21,7.1,7.4,99,99,99,999,999,999,3.51,1.9,4.7,40,0.3,203,0,0,0,0.2,0,0.2,*
H,8,30,12,3,7.25,7,7.6,99,99,99,999.01,999,1000,3.24,1.6,4.7,37,0.29,204,0,0,0,0.4,0,0.4,*
H,9,30,12,3,7.41,7.2,7.6,99,99,99,999.93,999,1000,10.45,0,26.3,42,0.29,204,0,0,0,0.2,0,0.2,*
H,10,30,12,3,7.54,7.3,7.9,99,99,99,1000.9,1000,1001,48.63,27,73.1,37,0.3,203,0,0,0,0,0,0,*
H,11,30,12,3,8.08,7.8,8.2,99,99,99,1000.89,1000,1001,65.09,48.5,82.3,36,0.27,204,0,0,0,0,0,0,*
H,12,30,12,3,8.52,8.2,8.9,99,99,99,999.99,999,1000,147.49,81.7,202,36,0.3,203,0,0,0,0,0,0,*
H,13,30,12,3,9.07,8.9,9.2,97.14,96,99,999.3,999,1000,141.31,109,183.5,37,0.3,204,0,0,0,0,0,0,*
H,14,30,12,3,9.11,9,9.2,96.03,96,97,999.03,999,1000,88.35,69.7,107.3,39,0.28,203,0,0,0,0,0,0,*
H,15,30,12,3,9.32,9.1,9.6,94.03,91,96,999,999,999,81.43,56,93,39,0.31,204,0,0,0,0,0,0,*
H,16,30,12,3,9.32,9.1,9.6,91.15,90,93,999,999,1000,23.49,9.5,56,41,0.31,203,0,0,0,0,0,0,*
H,17,30,12,3,9.39,9.2,9.6,89.42,88,90,999,999,999,3.42,0,9.5,41,0.3,204,0,0,0,0,0,0,*
H,18,30,12,3,9.53,9.4,9.6,86.46,86,88,999,999,999,3.39,2.1,4.7,43,0.3,204,0,0,0,0,0,0,*
H,19,30,12,3,9.3,9.1,9.4,86.73,86,88,999,999,999,3.39,2.3,4.4,37,0.28,204,0,0,0,0,0,0,*
H,20,30,12,3,9.01,8.8,9.1,88.2,87,89,999.53,999,1000,3.37,2.6,4.4,35,0.24,203,0,0,0,0,0,0,*
H,21,30,12,3,8.69,8.2,9,89.61,88,94,1000,1000,1000,3.46,2.3,4.4,44,0.27,204,0,0,0,0.2,0,0.2,*
H,22,30,12,3,8.13,8,8.2,97.49,94,99,1000,1000,1000,3.34,2.3,4.7,37,0.28,204,0,0,0,0.2,0,0.2,*
H,23,30,12,3,8.08,7.9,8.3,99,99,99,1000,1000,1000,3.36,2.3,5,21,0.35,203,0,0,0,0.2,0,0.2,*
H,0,31,12,3,8.36,7.9,8.6,99,99,99,999.7,999,1000,3.58,1.9,5,47,0.3,204,0,0,0,0.4,0,0.4,7,9.6,86,99,998,1001,*
H,1,31,12,3,7.71,7.6,7.9,99,99,99,999.01,999,1000,3.49,1.9,4.7,42,0.32,203,0,0,0,1.2,0,1.2,*
H,2,31,12,3,7.67,7.6,7.7,99,99,99,999,999,999,3.5,2.3,4.4,40,0.3,204,0,0,0,2,0,2,*
H,3,31,12,3,7.64,7.6,7.7,99,99,99,999,999,999,3.48,2.3,5,37,0.32,203,0,0,0,5.4,0,5.4,*
H,4,31,12,3,7.61,7.6,7.7,99,99,99,998.99,998,999,3.55,2.3,4.7,33,0.38,204,0,0,0,0.6,0,0.6,*
H,4.25,31,12,3,7.68,7.6,7.7,99,99,99,998.94,998,999,3.52,2.3,5,30,0.29,84,0,0,0,0,0,0,*
H,5,31,12,3,7.66,7.6,7.7,99,99,99,998.97,998,999,3.41,2.3,4.7,40,0.25,118,0,0,0,1,0,1,*
H,6,31,12,3,7.6,7.5,7.7,99,99,99,999,999,999,3.51,2.3,4.7,44,0.31,204,0,0,0,1.6,0,1.6,*
H,7,31,12,3,7.48,7.4,7.6,99,99,99,999.09,999,1000,3.49,2.3,4.7,41,0.25,203,0,0,0,1,0,1,*
H,8,31,12,3,7.4,7.4,7.4,99,99,99,999.97,999,1000,3.34,1.6,4.7,37,0.28,204,0,0,0,1.4,0,1.4,*
H,9,31,12,3,7.58,7.4,7.7,99,99,99,1000.47,1000,1001,5.01,0,23.5,34,0.28,203,0,0,0,1.4,0,1.4,*
H,10,31,12,3,7.82,7.7,7.9,99,99,99,1001.47,1001,1002,33.91,13.2,61.1,42,0.28,204,0,0,0,1,0,1,*
H,11,31,12,3,7.73,7.7,7.9,99,99,99,1001.96,1001,1002,58.09,41.3,76.9,38,0.29,203,0,0,0,1,0,1,*
H,12,31,12,3,7.83,7.7,8,99,99,99,1001.6,1001,1002,74.51,55.3,114.1,32,0.31,203,0,0,0,0.2,0,0.2,*
H,13,31,12,3,8.2,7.9,8.4,99,99,99,1001,1001,1001,77.74,39.9,139.5,34,0.31,203,0,0,0,0.4,0,0.4,*
H,14,31,12,3,8.71,8.3,8.9,99,99,99,1001,1001,1001,85.94,32.7,144.9,25,0.36,203,0,0,0,0.6,0,0.6,*
H,15,31,12,3,8.89,8.8,9,99,99,99,1001,1001,1001,45.48,25.9,63.9,25,0.34,204,0,0,0,0.2,0,0.2,*
H,16,31,12,3,9.04,8.9,9.2,97.1,95,99,1001.82,1001,1002,41.3,27.6,49.5,22,0.28,203,0,0,0,0,0,0,*
H,17,31,12,3,8.56,8.2,9,96.37,95,97,1002,1002,1002,11.17,0,41.3,24,0.23,204,0,0,0,0,0,0,*
H,18,31,12,3,7.91,7.6,8.2,98.39,97,99,1002.18,1002,1003,3.56,2.6,4.7,26,0.27,203,0,0,0,0,0,0,*
H,19,31,12,3,7.72,7.6,7.8,99,99,99,1003,1003,1003,3.5,2.3,4.7,6,0.12,204,0,0,0,0,0,0,*
H,20,31,12,3,7.63,7.4,7.8,99,99,99,1003,1003,1003,3.46,2.3,4.7,29,0.3,203,0,0,0,0,0,0,*
H,21,31,12,3,7.73,7.7,7.8,98.89,98,99,1003,1003,1003,3.53,2.3,5,13,0.19,204,0,0,0,0,0,0,*
H,22,31,12,3,7.48,7.1,7.9,95.03,94,98,1003.39,1003,1004,3.65,2.3,5.4,25,0.25,203,0,0,0,0,0,0,*
H,23,31,12,3,6.52,6.1,7.1,98.25,96,99,1004,1004,1004,3.59,2.6,5,5,0.11,204,0,0,0,0,0,0,*
H,0,1,1,4,6.1,6,6.2,99,99,99,1004,1004,1004,3.62,2.3,5,10,0.19,203,0,0,0,0,0,0,6,9.2,94,99,998,1004,*
H,1,1,1,4,5.86,5.8,6,99,99,99,1003.47,1003,1004,3.59,2.3,4.7,15,0.2,204,0,0,0,0,0,0,*
H,2,1,1,4,6.1,5.8,6.4,98.63,97,99,1004,1004,1004,3.58,2.6,4.7,9,0.17,204,0,0,0,0,0,0,*
H,3,1,1,4,6.42,6.3,6.6,97.12,96,98,1004,1004,1004,3.58,2.3,5,4,0.17,203,0,0,0,0,0,0,*
H,4,1,1,4,6.53,6.2,6.6,96.23,96,98,1004,1004,1004,3.55,2.3,4.7,349,0.42,204,0,0,0,0,0,0,*
H,5,1,1,4,6.1,5.9,6.3,98.75,98,99,1003.21,1003,1004,3.63,2.3,4.7,313,0.19,203,0,0,0,0,0,0,*
H,6,1,1,4,5.82,5.6,6,99,99,99,1003,1003,1003,3.65,2.6,4.7,326,0.25,204,0,0,0,0,0,0,*
H,7,1,1,4,5.58,5.5,5.8,99,99,99,1003,1003,1003,3.52,2.3,4.7,10,0.15,204,0,0,0,0,0,0,*
H,8,1,1,4,5.59,5.3,5.7,99,99,99,1003,1003,1003,3.18,0,8.1,12,0.22,203,0,0,0,0,0,0,*
H,9,1,1,4,5.8,5.3,6.3,97.86,96,99,1003.17,1003,1004,58.3,8.5,120.3,27,0.56,204,0,0,0,0,0,0,*
H,10,1,1,4,7.46,6.3,8.4,87.56,73,96,1004,1004,1004,172.39,116.2,275.9,23,0.68,203,0,0,0,0,0,0,*
H,11,1,1,4,8.6,8.3,9.1,65.97,62,72,1004,1004,1004,252.75,72.6,327.3,87,0.37,204,0,0,0,0,0,0,*
H,12,1,1,4,9.11,8.6,9.5,57.19,45,64,1003.07,1003,1004,377.54,261,442.7,30,0.42,203,0,0,0,0,0,0,*
H,13,1,1,4,9.26,9,9.6,44.42,29,55,1002.05,1002,1003,281.56,112.9,421.1,44,0.46,203,0,0,0,0,0,0,*
H,14,1,1,4,9.73,9.4,10.1,14.36,9,31,1001.1,1001,1002,317.81,177.1,403.3,102,0.36,203,0,0,0,0,0,0,*
H,15,1,1,4,9.25,8.9,9.8,17.34,9,28,1000.81,1000,1001,91.78,67.8,214.1,97,0.4,204,0,0,0,0,0,0,*
H,16,1,1,4,8.77,8.4,9,29.32,23,37,1000,1000,1001,40.23,20.8,66.8,96,0.29,203,0,0,0,0,0,0,*
H,17,1,1,4,8.27,7.9,8.5,43.67,35,52,1000,1000,1000,6.31,0,23.2,98,0.19,204,0,0,0,0,0,0,*
H,18,1,1,4,7.79,7.5,8,54.23,50,61,999.87,999,1000,3.36,2.6,4.4,54,0.45,203,0,0,0,0,0,0,*
H,19,1,1,4,7.31,7,7.6,65.09,62,69,999,999,999,3.35,2.3,4.7,108,0.62,204,0,0,0,0,0,0,*
H,20,1,1,4,6.66,6.3,7,64.41,62,69,999.06,999,1000,3.38,2.3,5,95,0.31,204,0,0,0,0,0,0,*
H,21,1,1,4,5.97,5.8,6.4,64.75,63,70,999,999,999,3.42,1.9,4.7,46,0.45,204,0,0,0,0,0,0,*
H,22,1,1,4,5.47,5.3,5.8,73.28,70,76,999,999,999,3.46,1.9,4.7,35,0.29,203,0,0,0,0,0,0,*
H,23,1,1,4,5.15,5,5.3,74.75,70,77,998.59,998,999,3.61,2.6,4.4,16,0.27,204,0,0,0,0,0,0,*
H,0,2,1,4,4.92,4.8,5,75.45,75,76,998,998,998,3.56,2.6,4.4,23,0.28,204,0,0,0,0,0,0,4.8,10.1,9,99,998,1004,*
H,1,2,1,4,4.9,4.8,5,70.59,68,75,997.24,997,998,3.53,2.6,4.4,40,0.27,204,0,0,0,0,0,0,*
H,2,2,1,4,4.83,4.7,4.9,68.24,68,69,997,997,997,3.62,2.6,4.7,31,0.31,204,0,0,0,0,0,0,*
H,3,2,1,4,4.62,4.5,4.8,70.78,68,73,997,997,997,3.58,2.6,4.4,35,0.32,204,0,0,0,0,0,0,*
H,4,2,1,4,4.5,4.4,4.6,68.67,68,69,997,997,997,3.64,3,4.4,37,0.29,204,0,0,0,0,0,0,*
H,5,2,1,4,4.25,4.1,4.4,73.56,69,79,996.48,996,997,3.66,2.6,4.7,13,0.22,205,0,0,0,0,0,0,*
H,6,2,1,4,4.09,4,4.2,78.77,78,80,996,996,996,3.69,2.6,4.4,28,0.31,204,0,0,0,0,0,0,*
H,7,2,1,4,4.04,3.9,4.1,78.81,78,81,996,996,996,3.63,2.6,4.4,18,0.23,205,0,0,0,0,0,0,*
H,8,2,1,4,4,3.9,4.2,81.35,81,82,996.08,996,997,2.83,0,4.4,21,0.25,204,0,0,0,0,0,0,*
H,9,2,1,4,4.22,4.1,4.4,80.34,79,82,997,997,997,8.57,0,17,27,0.28,204,0,0,0,0,0,0,*
H,10,2,1,4,4.54,4.4,4.7,76.86,73,80,997.81,997,998,35.15,17,70,37,0.27,204,0,0,0,0,0,0,*
H,11,2,1,4,4.96,4.7,5.3,72.34,65,74,998,998,998,130.88,71,216.1,48,0.3,204,0,0,0,0,0,0,*
H,12,2,1,4,5.43,5.3,5.6,56.19,48,66,998,998,998,173.05,156.3,187,53,0.32,203,0,0,0,0,0,0,*
H,13,2,1,4,5.53,5.3,5.7,43.58,37,51,997.68,997,998,172.95,157.2,191.5,47,0.31,204,0,0,0,0,0,0,*
H,14,2,1,4,5.66,5.5,5.9,39.08,35,43,997,997,997,130.83,119.3,154.5,46,0.38,204,0,0,0,0,0,0,*
H,15,2,1,4,5.76,5.6,5.9,40.17,38,42,997.66,997,998,109.83,80.3,121,54,0.31,203,0,0,0,0,0,0,*
H,16,2,1,4,5.51,5.3,5.8,40.89,39,44,998,998,998,51.8,23.5,80.3,48,0.25,204,0,0,0,0,0,0,*
H,17,2,1,4,5.01,4.7,5.3,49.18,44,57,998.1,998,999,7.17,0,23.2,39,0.32,204,0,0,0,0,0,0,*
H,18,2,1,4,4.21,3.8,4.7,61.95,57,65,999,999,999,3.48,2.3,4.4,65,0.59,204,0,0,0,0,0,0,*
H,19,2,1,4,3.42,3.2,3.9,58.66,54,63,999.63,999,1000,3.55,2.6,4.4,67,0.31,203,0,0,0,0,0,0,*
H,20,2,1,4,3.03,2.9,3.2,57.4,54,65,1000.37,1000,1001,3.79,2.6,4.7,26,0.3,204,0,0,0,0,0,0,*
H,21,2,1,4,2.52,2.1,2.9,74.22,66,80,1001,1001,1001,3.86,2.6,5,3,0.06,204,0,0,0,0,0,0,*
H,22,2,1,4,2.13,2.1,2.2,74.65,70,80,1001.87,1001,1002,3.91,2.6,5,8,0.14,204,0,0,0,0,0,0,*
H,23,2,1,4,2,1.9,2.1,67.62,66,70,1002.26,1002,1003,3.95,3,5,7,0.2,204,0,0,0,0,0,0,*
H,0,3,1,4,1.75,1.5,2,64.8,64,65,1003,1003,1003,4.05,3,5,4,0.11,204,0,0,0,0,0,0,1.5,5.9,35,82,996,1003,*
H,1,3,1,4,1.56,1.5,1.7,64.67,64,65,1003,1003,1003,4.1,3.3,5,6,0.16,203,0,0,0,0,0,0,*
H,2,3,1,4,1.55,1.3,1.7,64.11,63,65,1003,1003,1003,4.11,3,5,14,0.19,204,0,0,0,0,0,0,*
H,3,3,1,4,1.21,0.9,1.4,63.83,62,65,1003.54,1003,1004,4.13,3,5,3,0.12,204,0,0,0,0,0,0,*
H,4,3,1,4,0.8,0.7,1,64.24,60,67,1004,1004,1004,4.17,3.3,5,1,0.12,204,0,0,0,0,0,0,*
H,5,3,1,4,0.83,0.7,1.1,59.91,58,64,1004,1004,1004,4.28,3.3,5,4,0.19,204,0,0,0,0,0,0,*
H,6,3,1,4,0.39,0.2,0.7,70.73,64,76,1004,1004,1004,4.31,3.3,5.4,352,0.13,203,0,0,0,0,0,0,*
H,7,3,1,4,0.02,-0.2,0.3,79.55,76,81,1004,1004,1004,4.36,3.3,5.4,341,0.12,204,0,0,0,0,0,0,*
H,8,3,1,4,-0.2,-0.3,-0.1,81.4,80,82,1004.35,1004,1005,2.86,0,5.4,357,0.16,203,0,0,0,0,0,0,*
H,9,3,1,4,-0.02,-0.2,0.5,78.24,75,80,1005.43,1005,1006,47.78,4.7,99.8,9,0.15,204,0,0,0,0,0,0,*
H,10,3,1,4,1.03,0.4,1.7,67.55,56,75,1006,1006,1006,136.75,92.6,190.8,28,0.29,203,0,0,0,0,0,0,*
H,11,3,1,4,2.35,1.8,2.9,41.21,13,57,1006,1006,1006,251.98,192.5,292.7,30,0.38,203,0,0,0,0,0,0,*
H,12,3,1,4,2.82,2.6,3.1,15.06,9,21,1006,1006,1006,313.19,258.8,343,55,0.37,204,0,0,0,0,0,0,*
H,13,3,1,4,3.27,2.8,3.7,15.43,12,19,1005.19,1005,1006,326.57,290.3,368,96,0.48,203,0,0,0,0,0,0,*
H,14,3,1,4,3.6,3.1,4,12.33,9,16,1005,1005,1005,285.91,239.7,325.9,88,0.48,203,0,0,0,0,0,0,*
H,15,3,1,4,3.86,3.6,4.1,11.53,9,14,1005,1005,1005,223.17,171,277.3,77,0.43,204,0,0,0,0,0,0,*
H,16,3,1,4,3.83,3.5,4.2,11.4,9,15,1005,1005,1005,105.46,49,168.9,113,0.39,203,0,0,0,0,0,0,*
H,17,3,1,4,2.98,2.1,3.6,12.89,9,26,1005,1005,1005,13.12,0,48.6,104,0.37,204,0,0,0,0,0,0,*
H,18,3,1,4,1.46,0.9,2.2,42.28,27,52,1005.08,1005,1006,3.37,2.3,4.4,117,0.17,203,0,0,0,0,0,0,*
H,19,3,1,4,0.52,0.2,1,54.55,52,61,1006,1006,1006,3.64,2.3,5,115,0,204,0,0,0,0,0,0,*
H,20,3,1,4,-0.24,-0.5,0.3,64.2,60,67,1006,1006,1006,3.92,3,5,98,0.23,203,0,0,0,0,0,0,*
H,21,3,1,4,-0.61,-0.8,-0.4,71.13,67,73,1006,1006,1006,4.01,3,5,69,0.27,204,0,0,0,0,0,0,*
H,22,3,1,4,-0.81,-1.2,-0.6,76.36,72,78,1006.97,1006,1007,4.3,3.3,5.4,30,0.28,203,0,0,0,0,0,0,*
H,23,3,1,4,-1.23,-1.4,-1,80.91,78,83,1007,1007,1007,4.4,3.3,5.4,13,0.23,204,0,0,0,0,0,0,*
H,0,4,1,4,-1.51,-1.7,-1.3,83.49,82,84,1006.57,1006,1007,4.4,2.6,5.4,7,0.08,203,0,0,0,0,0,0,-1.7,4.2,9,84,1003,1007,*
H,1,4,1,4,-1.8,-2,-1.6,84.51,84,85,1006.15,1006,1007,4.46,3.3,5.4,6,0.05,203,0,0,0,0,0,0,*
H,2,4,1,4,-2.05,-2.4,-1.7,86.14,85,87,1006,1006,1006,4.48,3.4,5.7,344,0.27,204,0,0,0,0,0,0,*
H,3,4,1,4,-2.29,-2.4,-2.2,84.93,81,87,1006,1006,1006,4.51,3.4,5.5,1,0.17,203,0,0,0,0,0,0,*
H,4,4,1,4,-2.22,-2.5,-2.1,78.19,77,81,1006,1006,1006,4.58,3.3,5.7,8,0.3,204,0,0,0,0,0,0,*
H,5,4,1,4,-2.5,-2.6,-2.4,78,77,79,1006,1006,1006,4.49,3.7,5.7,21,0.36,203,0,0,0,0,0,0,*
H,6,4,1,4,-2.33,-2.5,-2.1,77.17,76,78,1006,1006,1006,4.5,3.2,5.7,1,0.2,203,0,0,0,0,0,0,*
H,7,4,1,4,-2.28,-2.5,-2.1,74.26,72,77,1006,1006,1006,4.58,3.7,5.4,6,0.18,204,0,0,0,0,0,0,*
H,8,4,1,4,-2.85,-3.1,-2.5,73,72,74,1006,1006,1006,3.78,0,8.8,11,0.17,203,0,0,0,0,0,0,*
H,9,4,1,4,-2.88,-3.1,-2.4,71.52,70,73,1006.36,1006,1007,53.17,8.8,99.4,10,0.19,204,0,0,0,0,0,0,*
H,10,4,1,4,-1.83,-2.4,-1,65.4,62,70,1006.12,1006,1007,164.28,94,228.1,13,0.33,203,0,0,0,0,0,0,*
H,11,4,1,4,-0.41,-1.1,0,42.29,17,62,1006.41,1006,1007,279.23,229.7,329.6,42,0.47,203,0,0,0,0,0,0,*
H,12,4,1,4,0.06,-0.1,0.6,10.02,9,16,1006.04,1006,1007,314.32,173,358.8,67,0.51,203,0,0,0,0,0,0,*
H,13,4,1,4,0.72,0.2,1.5,10.83,10,13,1005.34,1005,1006,345.59,314,360.8,94,0.59,204,0,0,0,0,0,0,*
H,14,4,1,4,1.39,0.7,2.1,9.83,9,12,1005,1005,1005,304.4,265.7,325.6,135,0.88,203,0,0,0,0,0,0,*
H,15,4,1,4,1.83,1.5,2.2,12.78,10,15,1005,1005,1005,224,168.2,271.5,124,0.81,204,0,0,0,0,0,0,*
H,16,4,1,4,1.75,1.4,2.5,10.98,9,13,1005,1005,1005,109.39,50.7,166.2,99,0.53,203,0,0,0,0,0,0,*
H,17,4,1,4,0.96,0.1,1.7,14.01,9,30,1005,1005,1005,14.04,0,49.5,160,0.4,203,0,0,0,0,0,0,*
H,18,4,1,4,-0.35,-0.9,0.1,39.6,30,46,1005.58,1005,1006,3.6,1.9,5,350,1.06,204,0,0,0,0,0,0,*
H,19,4,1,4,-1.09,-1.6,-0.7,54.11,46,69,1006,1006,1006,3.8,2.6,5,51,0.06,203,0,0,0,0,0,0,*
H,20,4,1,4,-1.48,-1.6,-1.3,69.55,66,75,1006.35,1006,1007,4.09,2.6,5.4,129,1.3,204,0,0,0,0,0,0,*
H,21,4,1,4,-1.78,-2.2,-1.5,75.99,74,79,1007,1007,1007,4.37,3.3,5.4,306,0.2,203,0,0,0,0,0,0,*
H,22,4,1,4,-2.21,-2.6,-1.9,82.18,79,85,1007.08,1007,1008,4.52,3.3,5.4,338,0.07,203,0,0,0,0,0,0,*
H,23,4,1,4,-2.98,-3.5,-2.5,86.34,85,89,1008,1008,1008,4.37,3.3,5.4,30,1.07,204,0,0,0,0,0,0,*
H,0,5,1,4,-2.93,-3.4,-2.1,90.35,86,92,1007.31,1007,1008,4.38,3.3,5.4,193,0.71,203,0,0,0,0,0,0,-3.5,2.5,9,92,1005,1008,*
H,1,5,1,4,-3.47,-3.9,-2.8,88.52,86,91,1007,1007,1007,4.49,3.7,5.4,259,1,203,0,0,0,0,0,0,*
H,2,5,1,4,-3.92,-4.4,-3.5,93.51,91,95,1007,1007,1007,4.41,3.3,5.7,25,0.41,203,0,0,0,0,0,0,*
H,3,5,1,4,-4.03,-4.3,-3.6,96.32,95,97,1007,1007,1007,4.44,3.3,5.7,55,0.3,204,0,0,0,0,0,0,*
H,4,5,1,4,-4.46,-4.7,-4,96.79,96,97,1007.01,1007,1008,4.53,3.2,5.7,18,0.16,203,0,0,0,0,0,0,*
H,5,5,1,4,-4.61,-4.8,-4.4,96.44,95,97,1007,1007,1007,4.6,3.4,5.5,6,0.18,203,0,0,0,0,0,0,*
H,6,5,1,4,-4.42,-4.6,-4.1,91.88,89,95,1007,1007,1007,4.54,3.4,5.7,10,0.17,204,0,0,0,0,0,0,*
H,7,5,1,4,-3.67,-4.2,-3.1,87.73,85,89,1007,1007,1007,4.52,3.2,5.4,13,0.21,203,0,0,0,0,0,0,*
H,8,5,1,4,-2.94,-3.1,-2.7,81.84,80,85,1007,1007,1007,3.92,0.9,5.4,17,0.27,203,0,0,0,0,0,0,*
H,9,5,1,4,-2.6,-2.8,-2.4,79.98,79,81,1007.81,1007,1008,15.05,0.1,49.9,11,0.21,204,0,0,0,0,0,0,*
H,10,5,1,4,-2.27,-2.8,-1.6,81.36,80,83,1008,1008,1008,67.97,31.7,108.4,9,0.32,203,0,0,0,0,0,0,*
H,11,5,1,4,-1.26,-1.7,-0.7,76.68,72,80,1008.03,1008,1009,164.76,82.8,300.6,18,0.32,203,0,0,0,0,0,0,*
H,12,5,1,4,-0.3,-0.8,0.3,64.56,53,72,1008,1008,1008,225.19,132.3,422.7,19,0.32,203,0,0,0,0,0,0,*
H,13,5,1,4,0.62,0.2,1,47.94,45,53,1008,1008,1008,227.16,157.6,337.9,31,0.39,203,0,0,0,0,0,0,*
H,14,5,1,4,1.04,0.7,1.3,51.6,49,55,1007.6,1007,1008,196.42,150.4,308.1,47,0.53,204,0,0,0,0,0,0,*
H,15,5,1,4,1.68,1.1,1.9,57,55,59,1007.31,1007,1008,178.17,125.1,234.2,45,0.41,203,0,0,0,0,0,0,*
H,16,5,1,4,1.95,1.7,2.1,59.45,58,62,1008,1008,1008,88.46,39.9,140.9,31,0.37,203,0,0,0,0,0,0,*
H,17,5,1,4,1.14,0.3,1.8,70.4,62,79,1008,1008,1008,11.6,0,39.3,63,0.03,204,0,0,0,0,0,0,*
H,18,5,1,4,0,-0.6,0.6,84.29,79,89,1008.25,1008,1009,3.81,2.6,5,64,0,203,0,0,0,0,0,0,*
H,19,5,1,4,-0.31,-0.6,0,90.43,89,91,1009,1009,1009,3.95,3,5,359,1.08,203,0,0,0,0,0,0,*
H,20,5,1,4,-0.62,-0.9,-0.3,92.19,91,94,1009.36,1009,1010,4.28,3.3,5,341,0.32,204,0,0,0,0,0,0,*
H,21,5,1,4,-1.14,-1.5,-0.8,94.75,94,96,1010,1010,1010,4.32,3,5.4,348,0.18,203,0,0,0,0,0,0,*
H,22,5,1,4,-1.1,-1.4,-0.9,95.61,95,96,1010.78,1010,1011,4.4,3,5.7,336,0.26,203,0,0,0,0,0,0,*
H,23,5,1,4,-0.84,-1,-0.7,92.59,91,95,1011,1011,1011,4.45,3,5.7,332,0.28,203,0,0,0,0,0,0,*
H,0,6,1,4,-1.14,-1.3,-0.9,91.98,91,92,1011.18,1011,1012,4.4,3,6,348,0.18,204,0,0,0,0,0,0,-4.8,2.1,45,97,1007,1012,*
H,1,6,1,4,-1.35,-1.8,-1,92.73,92,94,1011.66,1011,1012,4.38,3.3,5.7,357,0.27,203,0,0,0,0,0,0,*
H,2,6,1,4,-1.88,-2.1,-1.4,94.84,94,96,1012,1012,1012,4.44,3.3,5.4,337,0.33,203,0,0,0,0,0,0,*
H,3,6,1,4,-2.18,-2.5,-2,96.21,96,97,1012.8,1012,1013,4.43,3.2,5.4,351,0.18,204,0,0,0,0,0,0,*
H,4,6,1,4,-2.79,-3,-2.4,96.83,96,97,1013,1013,1013,4.42,3.3,5.4,27,0.24,204,0,0,0,0,0,0,*
H,5,6,1,4,-2.31,-2.8,-2,92.55,86,97,1013.31,1013,1014,4.51,3.7,5.4,6,0.27,203,0,0,0,0,0,0,*
H,6,6,1,4,-2.09,-2.2,-2,84.57,84,86,1013.99,1013,1014,4.48,3.7,5.4,9,0.21,204,0,0,0,0,0,0,*
H,7,6,1,4,-2.11,-2.3,-1.8,84.58,83,85,1014,1014,1014,4.43,3.3,5.7,10,0.23,204,0,0,0,0,0,0,*
H,8,6,1,4,-1.51,-1.8,-1.3,81.01,80,83,1014.5,1014,1015,3.58,0,5.7,16,0.31,204,0,0,0,0,0,0,*
H,9,6,1,4,-0.91,-1.3,-0.5,80.39,80,81,1015.31,1015,1016,9.65,0,22.5,11,0.23,203,0,0,0,0,0,0,*
H,10,6,1,4,-0.1,-0.5,0.2,77.17,74,81,1016,1016,1016,55.3,22.8,147.7,17,0.48,204,0,0,0,0,0,0,*
H,11,6,1,4,0.24,0,0.6,73.17,71,75,1016.52,1016,1017,110.09,86.4,151.8,38,0.36,203,0,0,0,0,0,0,*
H,12,6,1,4,0.7,0.3,1.1,70.91,69,72,1016.93,1016,1017,106.53,89.2,127.5,36,0.38,204,0,0,0,0,0,0,*
H,13,6,1,4,1.31,1,1.7,67.28,64,70,1016.56,1016,1017,86.76,73.1,107.7,31,0.37,203,0,0,0,0,0,0,*
H,14,6,1,4,1.84,1.7,2,65.03,63,67,1016,1016,1017,103.2,78.9,123.4,18,0.4,204,0,0,0,0,0,0,*
H,15,6,1,4,2.34,2,2.7,67.34,66,68,1016,1016,1016,85.15,57.3,115.5,13,0.23,203,0,0,0,0,0,0,*
H,16,6,1,4,2.69,2.6,2.8,66.42,65,68,1016,1016,1016,36.62,20.8,59.4,10,0.23,204,0,0,0,0,0,0,*
H,17,6,1,4,2.3,2,2.7,66.02,65,67,1016.05,1016,1017,6.28,0,21.1,77,1.1,203,0,0,0,0,0,0,*
H,18,6,1,4,2.09,2,2.2,66.68,65,68,1016.7,1016,1017,3.8,3,4.7,28,0.23,204,0,0,0,0,0,0,*
H,19,6,1,4,1.95,1.9,2.1,65.35,64,66,1017,1017,1017,3.85,3,5,15,0.18,204,0,0,0,0,0,0,*
H,20,6,1,4,1.88,1.8,2,63.04,61,64,1017,1017,1017,3.97,2.6,5,10,0.19,204,0,0,0,0,0,0,*
H,21,6,1,4,1.68,1.6,1.8,60.44,59,61,1017,1017,1017,3.94,3,4.7,11,0.17,203,0,0,0,0,0,0,*
H,22,6,1,4,1.58,1.5,1.7,59.97,59,61,1016.99,1016,1017,3.93,3,5.4,358,0.19,204,0,0,0,0,0,0,*
H,23,6,1,4,1.73,1.6,1.9,56.85,53,61,1016.37,1016,1017,3.91,3,4.7,355,0.46,203,0,0,0,0,0,0,*
H,0,7,1,4,1.7,1.6,1.8,54.15,52,56,1016,1016,1016,3.94,3,4.7,5,0.17,204,0,0,0,0,0,0,-3,2.8,52,97,1011,1017,*
H,1,7,1,4,1.71,1.6,1.9,51.66,50,54,1015.66,1015,1016,3.96,3,5,2,0.24,203,0,0,0,0,0,0,*
H,2,7,1,4,1.63,1.4,1.8,55.62,51,60,1015,1015,1015,3.91,3,4.7,9999,3,-25.4753568,0,0,0,0,0,0,*
H,3,7,1,4,1.31,1.1,1.6,64.72,59,69,1015,1015,1015,3.9,3,5,324,0.19,203,0,0,0,0,0,0,*
H,4,7,1,4,1.12,0.9,1.3,68.95,64,71,1014.68,1014,1015,3.94,3,5,83,0.74,204,0,0,0,0,0,0,*
H,5,7,1,4,1.19,1.1,1.3,70.95,68,75,1014,1014,1014,3.96,3,5,93,0,204,0,0,0,0,0,0,*
H,6,7,1,4,1.08,0.9,1.3,77.89,75,79,1013.53,1013,1014,3.93,2.6,5,97,0.36,203,0,0,0,0,0,0,*
H,7,7,1,4,1.1,0.9,1.4,79.58,77,82,1013,1013,1013,3.95,3.3,4.7,197,0.91,204,0,0,0,0,0,0,*
H,8,7,1,4,1.11,0.7,1.4,80.61,78,84,1013,1013,1013,3.62,1.3,4.7,341,0.8,203,0,0,0,0,0,0,*
H,9,7,1,4,1.1,0.8,1.5,81.27,76,83,1013,1013,1013,10.68,0,42.6,12,0.2,204,0,0,0,0,0,0,*
H,10,7,1,4,1.82,1.4,2.1,76.29,75,78,1013,1013,1013,71.97,44.4,93.3,4,0.17,204,0,0,0,0,0,0,*
H,11,7,1,4,2.51,1.9,3.2,70.33,55,78,1013,1013,1013,93.46,71,142.2,359,0.81,204,0,0,0,0,0,0,*
H,12,7,1,4,3.47,3.1,3.9,44.27,33,60,1013,1013,1013,247.32,142.2,333.1,319,0.67,203,0,0,0,0,0,0,*
H,13,7,1,4,4.22,3.6,5.4,16,9,35,1012.31,1012,1013,251.23,153.2,329.6,304,0.71,203,0,0,0,0,0,0,*
H,14,7,1,4,5.08,4.3,5.6,25.12,21,28,1012,1012,1012,235.13,126.8,285.5,257,0.77,203,0,0,0,0,0,0,*
H,15,7,1,4,5.26,4.9,5.6,20.41,9,25,1012,1012,1012,175.24,105.3,236.6,230,0.54,204,0,0,0,0,0,0,*
H,16,7,1,4,4.28,3.9,5.1,26.93,21,32,1012,1012,1012,61.58,32.1,104.1,233,0.35,203,0,0,0,0,0,0,*
H,17,7,1,4,3.3,2.8,3.9,38.98,28,51,1012,1012,1013,10.11,0,32.1,222,0.22,203,0,0,0,0,0,0,*
H,18,7,1,4,2.19,1.8,2.9,56.39,51,61,1012,1012,1012,3.57,2.6,4.7,277,0.25,204,0,0,0,0,0,0,*
H,19,7,1,4,1.46,1,1.9,63.37,59,70,1012.01,1012,1013,3.86,2.6,5,313,0.27,204,0,0,0,0,0,0,*
H,20,7,1,4,0.97,0.5,1.2,75.44,70,81,1012,1012,1012,4.03,3,5,310,0.21,203,0,0,0,0,0,0,*
H,21,7,1,4,0.13,0,0.5,84.5,81,87,1012,1012,1012,4.09,3,5,311,0.27,204,0,0,0,0,0,0,*
H,22,7,1,4,0.15,0,0.3,87,87,87,1012,1012,1012,4.22,3,5.4,335,0.21,204,0,0,0,0,0,0,*
H,23,7,1,4,-0.07,-0.5,0.1,86.97,86,88,1012,1012,1012,4.25,3.3,5,320,0.16,203,0,0,0,0,0,0,*
H,0,8,1,4,-0.55,-0.9,0,89.6,88,93,1012,1012,1012,4.09,3,5,147,1.11,204,0,0,0,0,0,0,-0.9,5.6,9,93,1012,1016,*
H,1,8,1,4,-0.19,-0.6,0.1,93,93,93,1012,1012,1012,4.14,3,5,142,0.24,203,0,0,0,0,0,0,*
H,2,8,1,4,-0.02,-0.2,0.2,93.28,92,94,1012,1012,1012,4.16,3.3,5.4,78,0.83,203,0,0,0,0,0,0,*
H,3,8,1,4,0.42,0.2,0.6,91.75,91,93,1011.39,1011,1012,4.05,3,5,321,0.34,204,0,0,0,0,0,0,*
H,4,8,1,4,0.82,0.6,1.1,89.03,88,91,1011,1011,1011,4.05,3,5,356,0.13,203,0,0,0,0,0,0,*
H,5,8,1,4,1.06,0.9,1.2,88.77,88,89,1011,1011,1011,4.03,3,4.7,329,0.3,204,0,0,0,0,0,0,*
H,6,8,1,4,1.06,0.9,1.3,88.82,87,90,1011,1011,1011,4.05,3,5,348,0.29,204,0,0,0,0,0,0,*
H,7,8,1,4,1.4,1.2,1.7,86.12,83,88,1011,1011,1011,3.96,3,4.7,338,0.18,203,0,0,0,0,0,0,*
H,8,8,1,4,1.73,1.6,1.9,83.01,83,84,1011,1011,1011,3.21,0.6,4.7,352,0.47,203,0,0,0,0,0,0,*
H,9,8,1,4,2.03,1.6,2.6,82.65,80,84,1011,1011,1011,10.44,0.2,19.4,340,0.27,204,0,0,0,0,0,0,*
H,10,8,1,4,2.87,2.5,3.4,77.07,76,80,1011.09,1011,1012,32.16,11.6,62.2,331,0.3,203,0,0,0,0,0,0,*
H,11,8,1,4,3.71,3.4,4,72.13,70,76,1011.31,1011,1012,75.52,54.7,91.2,343,0.35,203,0,0,0,0,0,0,*
H,12,8,1,4,4.2,3.8,4.6,70.58,69,71,1011,1011,1011,73.93,65.9,85.8,327,0.52,204,0,0,0,0,0,0,*
H,13,8,1,4,4.77,4.5,5,67.16,65,69,1010.8,1010,1011,85.49,70.4,93.6,262,0.45,203,0,0,0,0,0,0,*
H,14,8,1,4,4.81,4.4,5.2,71.33,68,73,1010,1010,1010,92.87,80.3,115.9,249,0.34,203,0,0,0,0,0,0,*
H,15,8,1,4,5.15,4.9,5.4,64.67,52,72,1010,1010,1010,90.45,75.8,113.8,319,0.81,203,0,0,0,0,0,0,*
H,16,8,1,4,5.77,5.3,7.2,54.65,51,57,1009.72,1009,1010,48.68,32.1,77.6,320,0.83,203,0,0,0,0,0,0,*
H,17,8,1,4,5.29,4.6,6,58.86,57,63,1009.02,1009,1010,12.04,0,34.8,265,0.5,204,0,0,0,0,0,0,*
H,18,8,1,4,4.38,3.8,4.9,65.57,61,71,1009,1009,1009,3.49,1.9,4.4,247,0.22,203,0,0,0,0,0,0,*
H,19,8,1,4,3.42,3.1,3.9,73.32,70,77,1009,1009,1009,3.52,2.6,4.4,242,0.25,203,0,0,0,0,0,0,*
H,20,8,1,4,3.42,3.2,3.7,76.6,75,79,1009,1009,1009,3.65,2.6,4.4,263,0.38,203,0,0,0,0,0,0,*
H,21,8,1,4,3.57,3.2,3.8,81.31,79,84,1008.78,1008,1009,3.7,2.6,4.4,267,0.25,204,0,0,0,0,0,0,*
H,22,8,1,4,3.64,3.4,3.8,84.77,84,86,1008.12,1008,1009,3.72,2.6,4.7,273,0.41,203,0,0,0,0,0,0,*
H,23,8,1,4,3.2,3,3.6,88.07,86,90,1008,1008,1008,3.77,2.6,5.7,239,0.27,203,0,0,0,0,0,0,*
H,0,9,1,4,3.08,2.9,3.2,89.5,89,90,1007.22,1007,1008,3.73,2.6,4.7,221,0.3,204,0,0,0,0,0,0,-0.6,7.2,51,94,1007,1012,*
H,1,9,1,4,3.14,3,3.2,89.31,88,90,1006.99,1006,1007,3.8,2.6,4.7,269,0.44,203,0,0,0,0,0,0,*
H,2,9,1,4,3.1,2.9,3.4,90.82,89,92,1006.54,1006,1007,3.74,2.6,4.7,259,0.26,203,0,0,0,0,0,0,*
H,3,9,1,4,3.05,2.8,3.2,92.33,91,94,1006.16,1006,1007,3.79,3,5,292,0.34,204,0,0,0,0.2,0,0.2,*
H,4,9,1,4,2.68,2.2,3.1,95.29,94,97,1005.42,1005,1006,3.85,2.6,5,343,0.46,203,0,0,0,0.2,0,0.2,*
H,5,9,1,4,2.47,2.2,2.8,97,97,97,1004.57,1004,1005,3.87,2.8,5,5,0.22,204,0,0,0,0.6,0,0.6,*
H,6,9,1,4,2.32,2.1,2.6,98.4,98,99,1004,1004,1004,3.9,2.6,5,334,0.32,204,0,0,0,0.4,0,0.4,*
H,7,9,1,4,2.1,2.1,2.1,99,99,99,1004,1004,1004,3.91,3,5,349,0.14,203,0,0,0,0.4,0,0.4,*
H,8,9,1,4,2.19,2,2.5,99,99,99,1003.04,1003,1004,3.75,2.3,4.7,357,0.14,204,0,0,0,0,0,0,*
