H,11,30,12,2,6.95,6.8,7.1,99,99,99,1002,1002,1002,46.36,28.3,65.9,2,0.36,238,0,0,0,0,0,0,*
H,12,30,12,2,7.23,7,7.7,99,99,99,1001.97,1001,1002,59.85,36.8,93.3,336,0.49,226,0,0,0,0,0,0,*
H,13,30,12,2,7.46,7.2,7.8,99,99,99,1001.04,1001,1002,69.81,49.9,105.9,357,0.53,203,0,0,0,0,0,0,*
H,14,30,12,2,8.21,7.7,8.7,99,99,99,1001,1001,1001,83.72,57.3,128,20,0.67,203,0,0,0,0,0,0,*
H,15,30,12,2,8.84,8.6,9,99,99,99,1001,1001,1001,114.24,80.3,163.3,47,0.63,204,0,0,0,0,0,0,*
H,16,30,12,2,8.88,8.7,9.1,99,99,99,1001,1001,1001,23.72,11.6,77.1,165,0.54,203,0,0,0,0,0,0,*
H,17,30,12,2,8.52,8.1,8.9,99,99,99,1001,1001,1001,5.41,0.2,17,226,0.68,203,0,0,0,0,0,0,*
H,18,30,12,2,7.85,7.5,8.2,99,99,99,1001,1001,1001,3.33,1.9,4.7,256,0.06,203,0,0,0,0,0,0,*
H,19,30,12,2,7.53,7.4,7.7,99,99,99,1001,1001,1001,3.36,1.9,4.7,247,0.22,203,0,0,0,0,0,0,*
H,20,30,12,2,7.41,7.3,7.6,99,99,99,1001,1001,1001,3.42,2.3,4.7,248,0.49,204,0,0,0,0,0,0,*
H,21,30,12,2,7.39,7.3,7.5,99,99,99,1001,1001,1001,3.44,2.3,4.8,300,0.7,203,0,0,0,0,0,0,*
H,22,30,12,2,7.26,7.1,7.4,99,99,99,1001,1001,1001,3.51,2.1,4.7,342,0.31,203,0,0,0,0,0,0,*
H,23,30,12,2,7.08,7,7.2,99,99,99,1000.09,1000,1001,3.47,1.9,4.7,328,0.35,203,0,0,0,0,0,0,*
H,0,31,12,2,7.26,7.1,7.4,99,99,99,1000,1000,1000,3.53,2.3,4.7,312,0.4,203,0,0,0,0,0,0,6.6,9.1,99,99,1000,1003,*
H,1,31,12,2,7.25,7.1,7.5,99,99,99,999.8,999,1000,3.43,2.3,4.7,24,0.82,203,0,0,0,0,0,0,*
H,2,31,12,2,7.08,7,7.2,99,99,99,999,999,999,3.5,2.3,4.7,17,0.31,204,0,0,0,0,0,0,*
H,3,31,12,2,7.06,7,7.2,99,99,99,998.91,998,999,3.59,2.3,5,57,0.8,204,0,0,0,0,0,0,*
H,4,31,12,2,6.92,6.7,7.2,99,99,99,998.02,998,999,3.52,2.3,4.7,61,0.76,204,0,0,0,0,0,0,*
H,5,31,12,2,6.76,6.6,6.9,99,99,99,997.32,997,998,3.56,1.9,4.7,170,1.15,203,0,0,0,0.2,0,0.2,*
H,6,31,12,2,6.66,6.6,6.9,99,99,99,997,997,997,3.54,2.3,4.7,321,0.25,204,0,0,0,0.8,0,0.8,*
H,7,31,12,2,6.71,6.6,6.8,99,99,99,996.68,996,997,3.56,2.6,4.7,347,0.22,203,0,0,0,1.2,0,1.2,*
H,8,31,12,2,7.13,6.7,7.4,99,99,99,996,996,996,3.41,1.6,4.4,10,0.28,204,0,0,0,1.6,0,1.6,*
H,9,31,12,2,7.09,7,7.2,99,99,99,996.34,996,997,5.27,0,15.6,85,0.69,203,0,0,0,1.6,0,1.6,*
H,10,31,12,2,7.1,7,7.2,99,99,99,996,996,996,22.31,15.3,30.3,10,0.25,204,0,0,0,0.6,0,0.6,*
H,11,31,12,2,7.5,7.2,7.8,99,99,99,996,996,996,39.41,30.3,46.1,19,0.3,203,0,0,0,0.6,0,0.6,*
H,12,31,12,2,7.92,7.7,8.1,99,99,99,996,996,996,31.03,26.5,34.5,22,0.28,204,0,0,0,1.2,0,1.2,*
H,13,31,12,2,8.37,8.1,8.6,99,99,99,995.07,995,996,32.5,22.1,37.2,8,0.2,203,0,0,0,1.6,0,1.6,*
H,14,31,12,2,8.45,8.4,8.6,99,99,99,995,995,995,29.32,22.1,35.8,8,0.24,203,0,0,0,2.8,0,2.8,*
H,15,31,12,2,8.64,8.5,8.7,99,99,99,995,995,995,18.33,7.4,27.2,18,0.33,204,0,0,0,2,0,2,*
H,16,31,12,2,8.61,8.6,8.7,99,99,99,995,995,995,12.56,1.8,18.6,15,0.26,203,0,0,0,0.4,0,0.4,*
H,17,31,12,2,8.63,8.6,8.7,99,99,99,995.7,995,996,2.14,0,4.4,9,0.29,204,0,0,0,0,0,0,*
H,18,31,12,2,8.53,8.4,8.7,99,99,99,996,996,996,3.41,1.9,4.7,345,0.3,203,0,0,0,0,0,0,*
H,19,31,12,2,8.39,8.3,8.4,99,99,99,996,996,996,3.46,2.3,4.7,336,0.21,203,0,0,0,0,0,0,*
H,20,31,12,2,8.25,8.2,8.3,99,99,99,996.43,996,997,3.4,1.8,4.7,288,0.35,204,0,0,0,0,0,0,*
H,21,31,12,2,8.09,7.9,8.2,99,99,99,997,997,997,3.45,2.3,4.7,284,0.34,203,0,0,0,0,0,0,*
H,22,31,12,2,7.79,7.7,7.9,99,99,99,997.93,997,998,3.45,1.9,5,306,0.28,203,0,0,0,0,0,0,*
H,23,31,12,2,8.07,7.9,8.2,99,99,99,998.18,998,999,3.47,1.9,4.7,317,0.19,204,0,0,0,0,0,0,*
H,0,1,1,3,7.9,7.6,8.1,99,99,99,999,999,999,3.37,2.1,4.7,317,0.03,203,0,0,0,0,0,0,6.6,8.7,99,99,994,1000,*
H,1,1,1,3,7.64,7.3,7.8,99,99,99,999.17,999,1000,3.45,2.3,4.4,263,0.45,203,0,0,0,0,0,0,*
H,2,1,1,3,7.14,7,7.4,99,99,99,1000,1000,1000,3.5,1.9,5,248,1.04,204,0,0,0,0,0,0,*
H,3,1,1,3,6.95,6.7,7.1,99,99,99,1000.56,1000,1001,3.54,2.3,4.7,141,1.43,204,0,0,0,0,0,0,*
H,4,1,1,3,6.69,6.3,7,99,99,99,1001.26,1001,1002,3.5,1.9,4.4,169,0.7,203,0,0,0,0,0,0,*
H,5,1,1,3,6.07,5.8,6.4,99,99,99,1002,1002,1002,3.54,2.3,4.7,54,0.93,204,0,0,0,0,0,0,*
H,6,1,1,3,5.62,5.2,5.9,99,99,99,1002,1002,1002,3.79,2.6,5,16,0.52,204,0,0,0,0,0,0,*
H,7,1,1,3,4.95,4.5,5.5,99,99,99,1002.87,1002,1003,3.68,2.6,4.7,49,0.34,204,0,0,0,0.2,0,0.2,*
H,8,1,1,3,4.75,4.5,4.9,99,99,99,1003.84,1003,1004,2.97,0,4.7,15,0.12,204,0,0,0,0,0,0,*
H,9,1,1,3,4.39,4.2,4.7,99,99,99,1004.46,1004,1005,44.04,2.6,100.1,18,0.16,203,0,0,0,0,0,0,*
H,10,1,1,3,5.1,4.5,6,99,99,99,1005.27,1005,1006,159.82,100.8,209.2,6,0.25,204,0,0,0,0,0,0,*
H,11,1,1,3,6.52,5.9,7,90.53,80,99,1005.99,1005,1006,256.21,211,294.1,32,0.38,203,0,0,0,0,0,0,*
H,12,1,1,3,7.15,6.7,7.6,76.27,73,80,1005.23,1005,1006,262.21,138.8,351.8,48,0.39,204,0,0,0,0,0,0,*
H,13,1,1,3,7.85,7.2,8.4,71.33,68,75,1004.71,1004,1005,278.37,151.3,335.9,48,0.63,203,0,0,0,0,0,0,*
H,14,1,1,3,8.69,8.1,9.1,64.25,61,69,1004.02,1004,1005,287.7,255.9,314.7,108,0.66,203,0,0,0,0,0,0,*
H,15,1,1,3,9.04,8.7,9.6,57.78,54,63,1004,1004,1004,211.21,157,258.2,124,0.43,204,0,0,0,0,0,0,*
H,16,1,1,3,9.16,8.7,9.8,58.22,57,59,1004.38,1004,1005,94.69,39.6,155.6,164,1.03,203,0,0,0,0,0,0,*
H,17,1,1,3,8.01,7,8.7,67.71,59,81,1004.27,1004,1005,10.17,0,39.3,141,0.14,204,0,0,0,0,0,0,*
H,18,1,1,3,6.69,5.9,7.1,84.2,81,91,1004.37,1004,1005,3.15,2.1,4.4,155,0.44,203,0,0,0,0,0,0,*
H,19,1,1,3,5.63,5,6.2,93.47,91,98,1004.7,1004,1005,3.45,2.3,4.7,175,1.08,204,0,0,0,0,0,0,*
H,20,1,1,3,4.84,4.4,5.2,98.89,98,99,1004.97,1004,1005,3.6,2.6,4.4,346,0.94,203,0,0,0,0,0,0,*
H,21,1,1,3,4.18,3.6,4.8,99,99,99,1004.05,1004,1005,3.62,2.3,4.7,254,0.36,204,0,0,0,0,0,0,*
H,22,1,1,3,3.76,3.2,4.1,99,99,99,1004.02,1004,1005,3.73,2.6,4.7,236,0.43,203,0,0,0,0,0,0,*
H,23,1,1,3,3.19,2.9,3.6,99,99,99,1004,1004,1004,3.77,2.3,4.7,239,0.38,204,0,0,0,0,0,0,*
H,0,2,1,3,3.5,3.4,3.7,99,99,99,1004,1004,1004,3.94,2.6,4.7,253,0.71,203,0,0,0,0,0,0,2.9,9.8,54,99,999,1006,*
H,1,2,1,3,3.17,2.8,3.6,99,99,99,1003.68,1003,1004,3.93,2.6,4.7,239,0.5,203,0,0,0,0,0,0,*
H,2,2,1,3,2.92,2.6,3.1,99,99,99,1003.04,1003,1004,3.92,3,4.7,247,0.39,204,0,0,0,0,0,0,*
H,3,2,1,3,2.92,2.7,3.1,99,99,99,1003,1003,1003,3.95,3,5,272,0.42,203,0,0,0,0,0,0,*
H,4,2,1,3,2.95,2.8,3.1,99,99,99,1003,1003,1003,3.99,3,5,290,0.56,204,0,0,0,0,0,0,*
H,5,2,1,3,3.02,2.9,3.3,99,99,99,1002.38,1002,1003,4.05,3.3,5.4,294,0.6,204,0,0,0,0,0,0,*
H,6,2,1,3,2.81,2.5,3.2,99,99,99,1002,1002,1002,3.98,3,5,306,0.51,203,0,0,0,0,0,0,*
H,7,2,1,3,2.27,2,2.7,99,99,99,1001.75,1001,1002,3.98,3,5,323,0.5,204,0,0,0,0,0,0,*
H,8,2,1,3,2.28,2.1,2.6,99,99,99,1002,1002,1002,3.53,1.9,5,289,0.64,203,0,0,0,0,0,0,*
H,9,2,1,3,2.36,2.1,2.6,99,99,99,1002,1002,1002,16.15,0,49.5,310,0.49,204,0,0,0,0,0,0,*
H,10,2,1,3,3.05,2.4,3.6,99,99,99,1002,1002,1002,87.74,48.1,150.4,272,0.35,203,0,0,0,0,0,0,*
H,11,2,1,3,3.68,3.3,4,99,99,99,1002,1002,1002,114.42,78.9,148,231,0.82,204,0,0,0,0,0,0,*
H,11.56,2,1,3,4.2,4,4.4,99,99,99,1001.23,1001,1002,101.83,51.6,134.3,163,1.44,189,0,0,0,0,0,0,*
H,12,2,1,3,4.19,4,4.4,99,99,99,1001,1001,1001,57.43,51.9,66.6,216,0.59,13,0,0,0,0,0,0,*
H,13,2,1,3,4.33,4,4.7,99,99,99,1000.24,1000,1001,83.03,57.7,103.9,355,0.85,203,0,0,0,0,0,0,*
H,14,2,1,3,4.78,4.4,5.3,99,99,99,999.76,999,1000,43.65,21.3,70.7,15,0.82,204,0,0,0,0,0,0,*
H,15,2,1,3,5.24,5.1,5.4,99,99,99,999,999,999,20.22,13.6,28.6,31,0.43,204,0,0,0,0,0,0,*
H,16,2,1,3,5.03,4.8,5.2,99,99,99,998.11,998,999,4.53,0,17.3,24,0.36,203,0,0,0,0.4,0,0.4,*
H,17,2,1,3,4.74,4.6,5,99,99,99,997.54,997,998,2.71,0,4.4,15,0.29,204,0,0,0,1,0,1,*
H,18,2,1,3,4.53,4.4,4.7,99,99,99,996.63,996,997,3.72,2.6,4.7,15,0.31,204,0,0,0,0.8,0,0.8,*
H,19,2,1,3,4.55,4.4,4.7,99,99,99,995.45,995,996,3.75,2.6,5,16,0.24,204,0,0,0,0.4,0,0.4,*
H,20,2,1,3,4.84,4.7,4.9,99,99,99,995,995,995,3.74,3,5,11,0.22,204,0,0,0,0.2,0,0.2,*
H,21,2,1,3,4.97,4.9,5.1,99,99,99,994.76,994,995,3.75,2.6,4.7,0,0.28,204,0,0,0,0.4,0,0.4,*
H,22,2,1,3,5.2,5.1,5.3,99,99,99,994,994,994,3.7,3,5,258,1.26,204,0,0,0,0,0,0,*
H,23,2,1,3,5.15,5,5.3,99,99,99,993.04,993,994,3.74,3,4.7,277,0.52,204,0,0,0,0,0,0,*
H,0,3,1,3,4.7,4.4,5,99,99,99,992.83,992,993,3.79,3,4.7,247,0.43,204,0,0,0,0,0,0,4,5.4,99,99,992,1001,*
H,1,3,1,3,4.47,4.4,4.6,99,99,99,993,993,993,3.81,2.6,4.7,232,0.3,203,0,0,0,0,0,0,*
H,2,3,1,3,4.46,4.3,4.7,99,99,99,993,993,993,3.81,3,5,321,0.77,204,0,0,0,0,0,0,*
H,3,3,1,3,4.52,4.4,4.7,99,99,99,992.97,992,993,3.84,3,4.7,165,0.92,203,0,0,0,0,0,0,*
H,4,3,1,3,4.47,4.3,4.7,99,99,99,992.87,992,993,3.77,2.6,5,107,0.45,204,0,0,0,0,0,0,*
H,5,3,1,3,4.78,4.6,4.9,99,99,99,992.51,992,993,3.81,2.6,4.7,70,0.34,204,0,0,0,0,0,0,*
H,6,3,1,3,4.84,4.8,4.9,99,99,99,993,993,993,3.76,3,5,347,0.9,204,0,0,0,0,0,0,*
H,6.19,3,1,3,4.8,4.8,4.8,99,99,99,993,993,993,3.78,3,4.4,356,0.2,64,0,0,0,0,0,0,*
H,7,3,1,3,4.72,4.5,4.9,99,99,99,993,993,993,3.8,2.6,4.7,357,0.28,139,0,0,0,0,0,0,*
H,8,3,1,3,4.43,4.4,4.6,99,99,99,993.68,993,994,3.19,0.6,4.7,357,0.28,204,0,0,0,0,0,0,*
H,9,3,1,3,4.58,4.2,4.8,99,99,99,994.55,994,995,8.17,0,29.3,321,0.69,203,0,0,0,0,0,0,*
H,10,3,1,3,4.3,4.2,4.6,99,99,99,995.05,995,996,54.12,27.2,76.9,322,0.25,204,0,0,0,0,0,0,*
H,11,3,1,3,4.89,4.6,5.3,99,99,99,995.99,995,996,114.06,50.9,201.4,329,0.59,203,0,0,0,0,0,0,*
H,12,3,1,3,5.62,5.3,6.1,99,99,99,995.86,995,996,108.04,77.6,200,253,0.79,204,0,0,0,0,0,0,*
H,13,3,1,3,6.02,5.7,6.2,99,99,99,995,995,995,89.79,48.1,209.9,12,0.84,204,0,0,0,0,0,0,*
H,14,3,1,3,6.4,6.1,6.7,99,99,99,995,995,995,80.74,59.7,100.5,12,0.37,203,0,0,0,0,0,0,*
H,15,3,1,3,6.82,6.6,7.1,99,99,99,995,995,995,98.53,54,195.2,96,0.48,204,0,0,0,0,0,0,*
H,16,3,1,3,7.06,6.9,7.2,99,99,99,995,995,995,30.02,10.5,71.9,123,0.59,203,0,0,0,0,0,0,*
H,17,3,1,3,6.67,6.3,7,99,99,99,995.77,995,996,7.56,0,30.7,212,0.65,204,0,0,0,0,0,0,*
H,18,3,1,3,5.93,5.6,6.4,99,99,99,995.98,995,996,3.42,1.9,4.4,265,0.39,204,0,0,0,0,0,0,*
H,19,3,1,3,5.42,4.8,5.9,99,99,99,996,996,996,3.57,2.6,5,245,0.5,203,0,0,0,0,0,0,*
H,20,3,1,3,4.88,4.6,5.1,99,99,99,996,996,996,3.56,2.6,4.7,214,0.16,204,0,0,0,0,0,0,*
H,21,3,1,3,4.91,4.5,5.2,99,99,99,996,996,996,3.72,2.6,5,229,0.3,204,0,0,0,0,0,0,*
H,22,3,1,3,4.76,4.4,5,99,99,99,996,996,996,3.7,2.6,4.7,244,0.36,204,0,0,0,0,0,0,*
H,23,3,1,3,4.69,4.4,5,99,99,99,995.99,995,996,3.79,3,5.7,276,1.01,203,0,0,0,0,0,0,*
H,0,4,1,3,4.4,4.2,4.7,99,99,99,995.34,995,996,3.87,3,4.7,353,0.29,204,0,0,0,0,0,0,4.2,7.2,99,99,993,996,*
H,1,4,1,3,3.82,3.4,4.5,99,99,99,995,995,995,3.98,3,5,17,0.47,204,0,0,0,0,0,0,*
H,2,4,1,3,3.27,3,3.6,99,99,99,994.83,994,995,4.1,3.3,5,355,0.18,204,0,0,0,0,0,0,*
H,3,4,1,3,3.08,2.8,3.4,99,99,99,994,994,995,4.13,3.3,5,352,0.27,204,0,0,0,0.2,0,0.2,*
H,4,4,1,3,2.82,2.4,3,99,99,99,994,994,994,4.15,3.3,5,332,0.3,204,0,0,0,0,0,0,*
H,5,4,1,3,2.92,2.7,3.2,99,99,99,993.79,993,994,4.27,3.3,5,337,0.33,203,0,0,0,0,0,0,*
H,6,4,1,3,2.64,2.4,2.9,99,99,99,993.33,993,994,4.25,3,5.4,316,0.39,204,0,0,0,0,0,0,*
H,7,4,1,3,2.46,2.3,2.6,99,99,99,993.27,993,994,4.27,3.3,5.4,322,0.37,204,0,0,0,0,0,0,*
H,8,4,1,3,2.37,2.1,2.6,99,99,99,994,994,994,3.35,0,7.8,312,0.39,203,0,0,0,0,0,0,*
H,9,4,1,3,2.42,2.1,2.8,99,99,99,994,994,994,36.79,9.5,84.4,305,0.25,204,0,0,0,0,0,0,*
H,10,4,1,3,3.61,2.8,4.4,99,99,99,994.75,994,995,136.7,85.8,191.1,294,0.25,204,0,0,0,0,0,0,*
H,11,4,1,3,5.54,4.3,7,99,99,99,995,995,995,233.59,191.5,278.3,284,0.39,204,0,0,0,0,0,0,*
H,12,4,1,3,8.05,6.9,9.3,97.76,93,99,994.47,994,995,299.93,278.7,314.1,283,0.86,203,0,0,0,0,0,0,*
H,13,4,1,3,9.34,9,9.7,89.4,88,93,994,994,994,292.89,254.1,308,178,1.08,204,0,0,0,0,0,0,*
H,14,4,1,3,9.18,8.7,9.9,89.73,87,92,993.36,993,994,225.81,121,300,150,0.5,203,0,0,0,0,0,0,*
H,15,4,1,3,8.9,8.7,9.4,88.84,87,92,993.04,993,994,176.61,106.7,244.9,119,0.91,204,0,0,0,0,0,0,*
H,16,4,1,3,8.66,8.4,8.8,90.61,89,93,993.28,993,994,90.73,45.1,149.8,92,0.45,204,0,0,0,0,0,0,*
H,17,4,1,3,7.81,7.1,8.5,95.95,93,99,993,993,994,10.67,0,44.4,45,0.59,204,0,0,0,0,0,0,*
H,18,4,1,3,6.62,5.8,7.2,99,99,99,993,993,993,3.29,1.6,4.8,98,1.06,204,0,0,0,0,0,0,*
H,19,4,1,3,5.74,5.1,6.3,99,99,99,993,993,993,3.55,2.3,4.7,265,1.27,204,0,0,0,0,0,0,*
H,20,4,1,3,4.92,4.5,5.2,99,99,99,993,993,993,3.68,2.3,4.7,306,0.47,204,0,0,0,0,0,0,*
H,21,4,1,3,4.4,3.7,4.8,99,99,99,992.22,992,993,3.71,2.6,4.7,308,0.51,204,0,0,0,0,0,0,*
H,22,4,1,3,3.56,3.3,3.9,99,99,99,992,992,992,3.81,3,4.7,326,1.14,204,0,0,0,0,0,0,*
H,23,4,1,3,3.23,2.8,3.8,99,99,99,991.84,991,992,3.94,3,4.7,340,1.4,204,0,0,0,0,0,0,*
H,0,5,1,3,3.36,2.9,3.8,99,99,99,991,991,991,4,3.3,5.4,355,0.45,204,0,0,0,0,0,0,2,9.9,87,99,991,995,*
H,1,5,1,3,3.81,3.2,4.4,99,99,99,990.74,990,991,3.92,3,5,3,0.14,203,0,0,0,0,0,0,*
H,2,5,1,3,4.73,4.3,5.2,99,99,99,990,990,990,3.94,3,4.7,3,0.22,204,0,0,0,0,0,0,*
H,3,5,1,3,5.43,5.2,5.6,99,99,99,990,990,990,3.86,3,4.7,8,0.3,204,0,0,0,0,0,0,*
H,4,5,1,3,5.63,5.5,5.8,99,99,99,989.16,988,990,3.83,3,4.7,351,0.6,204,0,0,0,0,0,0,*
H,5,5,1,3,5.18,4.6,5.5,99,99,99,987.99,987,988,3.84,2.6,4.7,19,0.43,204,0,0,0,0,0,0,*
H,6,5,1,3,5.01,4.9,5.1,99,99,99,987,987,987,3.75,2.6,4.7,17,1.13,204,0,0,0,0,0,0,*
H,7,5,1,3,5.55,5.1,5.9,99,99,99,987.02,987,988,3.68,2.3,4.7,213,0.31,204,0,0,0,4,0,4,*
H,8,5,1,3,5.89,5.6,6.2,99,99,99,987,987,988,3.51,0,8.5,2,0.66,204,0,0,0,6.4,0,6.4,*
H,9,5,1,3,6.11,6,6.2,99,99,99,987.55,987,988,7.49,0.2,19.4,36,0.59,204,0,0,0,0.8,0,0.8,*
H,10,5,1,3,6.2,6.1,6.4,99,99,99,988.53,987,989,63.26,8.8,194.9,23,0.43,204,0,0,0,0.2,0,0.2,*
H,11,5,1,3,6.29,5.8,6.6,99,99,99,989.19,989,990,89.83,14.6,224,31,0.39,203,0,0,0,0,0,0,*
H,12,5,1,3,6.2,5.4,6.5,99,99,99,989.93,989,990,89.76,34.1,160.3,35,0.32,204,0,0,0,0,0,0,*
H,13,5,1,3,5.2,4.5,5.7,98.99,98,99,990.27,990,991,202.44,69.4,410.7,30,0.32,203,0,0,0,0,0,0,*
H,14,5,1,3,5.42,4.9,6,94.75,91,98,990.57,990,991,228.22,97.7,373.4,29,0.37,204,0,0,0,0,0,0,*
H,15,5,1,3,5.51,5,6.4,97.88,92,99,990.88,990,991,192.28,126.2,296.1,34,0.32,204,0,0,0,0.2,0,0.2,*
H,16,5,1,3,6.16,5.7,6.6,92.65,91,96,991.56,991,992,152.27,36.2,261.9,62,0.32,203,0,0,0,0,0,0,*
H,17,5,1,3,5.79,5.7,5.9,94.2,93,96,992.32,992,993,9.25,0.2,35.5,49,0.54,204,0,0,0,0,0,0,*
H,18,5,1,3,5.55,5.3,5.9,98,95,99,993,993,993,3.7,2.6,4.7,19,0.61,204,0,0,0,0.2,0,0.2,*
H,19,5,1,3,5.22,5,5.5,98.64,96,99,993.98,993,994,3.81,3,4.7,51,0.35,204,0,0,0,0.2,0,0.2,*
H,20,5,1,3,5.1,4.9,5.3,95.29,93,99,994.57,994,995,3.87,3,4.7,35,0.44,204,0,0,0,0,0,0,*
H,21,5,1,3,4.67,4.5,4.9,97.88,94,99,995.57,995,996,3.91,2.6,4.7,23,0.53,203,0,0,0,0,0,0,*
H,22,5,1,3,4.5,4.4,4.7,91.93,91,94,996,996,996,3.96,3,5,37,0.21,204,0,0,0,0,0,0,*
H,23,5,1,3,4.5,4.2,4.7,91.55,90,93,996.85,996,997,3.86,2.6,4.7,12,0.56,204,0,0,0,0,0,0,*
H,0,6,1,3,4.36,4.2,4.7,93.25,92,95,997,997,997,3.9,2.6,4.7,26,0.43,204,0,0,0,0,0,0,3.2,6.7,90,99,987,997,*
H,1,6,1,3,4.1,4,4.3,94.3,93,95,997.44,997,998,3.97,2.6,5,9,0.44,204,0,0,0,0,0,0,*
H,2,6,1,3,4.03,3.9,4.1,95,95,95,998,998,998,3.95,3,4.7,0,0.11,204,0,0,0,0,0,0,*
H,3,6,1,3,3.9,3.8,4.1,96.53,95,97,998.92,998,999,3.9,3,5.4,4,0.14,204,0,0,0,0,0,0,*
H,4,6,1,3,3.94,3.8,4.1,94.65,93,97,999,999,999,3.84,2.6,4.7,35,0.35,204,0,0,0,0,0,0,*
H,5,6,1,3,3.72,3.5,3.9,91.17,90,93,999.24,999,1000,3.9,3,5,14,0.29,204,0,0,0,0,0,0,*
H,6,6,1,3,3.63,3.4,3.8,85.81,83,90,1000,1000,1000,3.84,2.6,4.7,40,0.25,204,0,0,0,0,0,0,*
H,7,6,1,3,3.23,3,3.4,85.67,84,88,1000,1000,1000,3.94,3,5,35,0.29,203,0,0,0,0,0,0,*
H,8,6,1,3,2.94,2.8,3.1,87.35,87,88,1000.42,1000,1001,3.75,1.9,5,36,0.25,204,0,0,0,0,0,0,*
H,9,6,1,3,2.85,2.7,3,87.66,86,90,1001,1001,1001,5.57,0,15.3,27,0.29,204,0,0,0,0,0,0,*
H,10,6,1,3,2.98,2.7,3.4,87.84,84,90,1001,1001,1001,75.75,18,134,25,0.31,204,0,0,0,0,0,0,*
H,11,6,1,3,3.51,3.2,3.8,81.71,78,85,1001.11,1001,1002,140.63,95.4,218.8,38,0.33,203,0,0,0,0,0,0,*
H,12,6,1,3,3.83,3.6,4.2,77.75,76,79,1001.18,1001,1002,118.04,70.7,216.4,43,0.36,204,0,0,0,0,0,0,*
H,13,6,1,3,4.07,3.6,4.6,76.76,74,79,1001,1001,1001,167.37,84.1,386.1,34,0.38,203,0,0,0,0,0,0,*
H,14,6,1,3,4.04,3.9,4.2,77.34,76,79,1000.43,1000,1001,62.8,33.4,100.1,31,0.35,204,0,0,0,0,0,0,*
H,15,6,1,3,4.02,3.9,4.2,78.79,77,80,1000,1000,1000,52.23,34.8,64.2,25,0.34,203,0,0,0,0,0,0,*
H,16,6,1,3,3.99,3.9,4.1,78.1,76,80,999.9,999,1000,24.56,7.1,46.8,31,0.39,204,0,0,0,0,0,0,*
H,17,6,1,3,3.98,3.9,4.1,80.33,79,82,1000,1000,1000,3.21,0,8.1,35,0.25,204,0,0,0,0,0,0,*
H,18,6,1,3,3.85,3.6,4,84.87,82,90,999.95,999,1000,3.87,3,5,54,0.4,204,0,0,0,0,0,0,*
H,19,6,1,3,3.59,3.5,3.7,92.49,90,95,999.07,999,1000,3.88,3,5,37,0.33,203,0,0,0,0,0,0,*
H,20,6,1,3,3.3,3,3.6,97.85,95,99,999,999,999,3.98,3,5,33,0.28,204,0,0,0,0.4,0,0.4,*
H,21,6,1,3,2.97,2.7,3.2,99,99,99,998.21,998,999,4.02,2.6,5,18,0.35,204,0,0,0,0.4,0,0.4,*
H,22,6,1,3,2.54,2.2,2.8,99,99,99,997.37,996,998,4.12,3,5,32,0.29,204,0,0,0,1,0,1,*
H,23,6,1,3,2.2,2.1,2.3,99,99,99,995.75,995,997,4.12,2.6,5.4,35,0.31,203,0,0,0,0.8,0,0.8,*
H,0,7,1,3,2.28,2.2,2.4,99,99,99,994.74,994,995,4.17,3,5,34,0.28,204,0,0,0,0.8,0,0.8,2.1,4.6,74,99,994,1002,*
H,1,7,1,3,2.42,2.3,2.6,99,99,99,993.29,993,994,4.18,3.3,5,24,0.36,203,0,0,0,0.4,0,0.4,*
H,2,7,1,3,2.6,2.6,2.7,99,99,99,992.21,992,993,4.14,3.3,5,29,0.3,204,0,0,0,0.8,0,0.8,*
H,3,7,1,3,2.61,2.5,2.7,99,99,99,991.25,991,992,4.16,3,5,31,0.28,204,0,0,0,1,0,1,*
H,4,7,1,3,1.75,1.3,2.5,99,99,99,990.99,990,991,4.21,3.3,5,48,0.32,204,0,0,0,0.8,0,0.8,*
H,5,7,1,3,1.12,1,1.3,99,99,99,990.43,990,991,4.25,3.3,5.4,43,0.29,204,0,0,0,1,0,1,*
H,6,7,1,3,1.16,1.1,1.3,99,99,99,990,990,990,4.26,3.3,5.4,16,0.38,204,0,0,0,1,0,1,*
H,7,7,1,3,1.43,1.2,1.7,99,99,99,989.84,989,990,4.26,3.3,5,359,0.43,204,0,0,0,0,0,0,*
H,8,7,1,3,1.92,1.7,2.6,99,99,99,990,990,990,4.13,3,5.7,29,0.5,205,0,0,0,0,0,0,*
H,9,7,1,3,1.99,1.6,2.4,99,99,99,990.8,990,991,3.82,0,11.6,81,0.42,204,0,0,0,0,0,0,*
H,10,7,1,3,2.09,1.8,2.3,92.14,91,98,991.75,991,992,18.84,9.1,30.3,161,1.12,204,0,0,0,0,0,0,*
H,11,7,1,3,2.3,1.9,2.7,92.95,92,95,992.39,992,993,23.97,18.4,30,274,0.82,203,0,0,0,0,0,0,*
H,12,7,1,3,1.87,1.6,2.1,98.26,95,99,993,993,993,41.79,29,54.3,279,0.74,204,0,0,0,0,0,0,*
H,13,7,1,3,2.02,1.9,2.2,99,99,99,993.39,993,994,51.15,39.3,62.5,335,0.62,204,0,0,0,0,0,0,*
H,14,7,1,3,2.22,1.9,2.7,89.56,82,99,994.22,994,995,43.89,29.6,60.4,60,0.84,204,0,0,0,0,0,0,*
H,15,7,1,3,2.06,1.7,2.4,83.43,80,93,995,995,995,46.26,20.4,75.1,50,1.01,201,0,0,0,0,0,0,*
H,16,7,1,3,1.27,0.9,1.9,98.51,93,99,995.77,995,996,39.61,19.4,61.1,303,0.48,204,0,0,0,0,0,0,*
H,17,7,1,3,1.06,0.9,1.2,99,99,99,996,996,996,5.42,0,19.8,298,0.49,201,0,0,0,0,0,0,*
H,18,7,1,3,1,0.9,1.2,99,99,99,996.68,996,997,4.19,3,5.4,277,0.44,204,0,0,0,0,0,0,*
H,19,7,1,3,1.01,0.9,1.1,99,99,99,997.74,997,998,4.29,3.3,5,254,0.3,204,0,0,0,0,0,0,*
H,20,7,1,3,1.04,0.9,1.3,99,99,99,998.59,998,999,4.3,3.3,5.4,236,0.29,203,0,0,0,0,0,0,*
H,21,7,1,3,1.2,1.1,1.4,99,99,99,999,999,999,4.34,3.3,5,254,0.37,204,0,0,0,0,0,0,*
H,22,7,1,3,0.96,0.8,1.1,99,99,99,999.76,999,1000,4.28,3.3,5.4,209,0.11,204,0,0,0,0,0,0,*
H,23,7,1,3,0.89,0.7,1.1,99,99,99,1000.05,1000,1001,4.3,3.3,5.4,189,0.32,203,0,0,0,0,0,0,*
H,0,8,1,3,0.93,0.7,1.1,99,99,99,1001,1001,1001,4.24,3.3,5.7,144,0.33,204,0,0,0,0,0,0,0.7,1.4,99,99,996,1001,*
H,1,8,1,3,1.1,1,1.2,99,99,99,1001,1001,1001,4.32,3.3,5.4,64,0.96,203,0,0,0,0,0,0,*
H,2,8,1,3,1.01,0.9,1.1,99,99,99,1001.2,1001,1002,4.4,3.3,5.7,8,0.22,204,0,0,0,0,0,0,*
H,3,8,1,3,0.87,0.6,1.2,99,99,99,1002,1002,1002,4.34,3.3,5.4,30,0.38,203,0,0,0,0,0,0,*
H,4,8,1,3,0.46,-0.1,0.7,99,99,99,1002.5,1002,1003,4.38,3.3,5.4,44,0.26,204,0,0,0,0,0,0,*
H,5,8,1,3,0.12,-0.2,0.4,98.08,96,99,1003,1003,1003,4.4,3,5.7,17,0.35,204,0,0,0,0,0,0,*
H,6,8,1,3,0.33,0.2,0.5,96.08,95,97,1003,1003,1003,4.39,3.3,5.4,11,0.22,203,0,0,0,0,0,0,*
H,7,8,1,3,0.37,0.2,0.5,98.75,97,99,1003,1003,1003,4.38,3.3,5.7,15,0.26,204,0,0,0,0,0,0,*
H,8,8,1,3,0.26,0.2,0.4,99,99,99,1003.89,1003,1004,4.09,1.9,5.4,28,0.32,203,0,0,0,0,0,0,*
H,9,8,1,3,0.27,0.2,0.4,99,99,99,1004,1004,1004,8.33,0,19.8,24,0.28,204,0,0,0,0,0,0,*
H,10,8,1,3,0.61,0.4,0.9,98.38,95,99,1004.62,1004,1005,38.33,20.1,72.7,28,0.29,203,0,0,0,0,0,0,*
H,11,8,1,3,1.15,0.8,1.6,92.13,90,95,1005,1005,1005,85.74,72.7,99.1,27,0.3,204,0,0,0,0,0,0,*
H,12,8,1,3,1.4,1.2,1.6,95.19,93,96,1004.81,1004,1005,69.56,51.2,90.2,25,0.28,203,0,0,0,0,0,0,*
H,13,8,1,3,1.71,1.4,2.1,89.32,82,95,1004,1004,1004,68.75,58,77.2,23,0.35,203,0,0,0,0,0,0,*
H,14,8,1,3,1.95,1.7,2.2,81.67,77,86,1003.55,1003,1004,53.02,43.7,67.3,29,0.33,204,0,0,0,0,0,0,*
H,15,8,1,3,2.2,2,2.4,79.56,75,84,1003,1003,1003,54.38,29.6,80.3,30,0.32,203,0,0,0,0,0,0,*
H,16,8,1,3,2.27,2.1,2.4,67.8,61,75,1003,1003,1003,30.87,18.7,44.7,24,0.3,203,0,0,0,0,0,0,*
H,17,8,1,3,2.2,2.1,2.3,51.32,41,61,1002.69,1002,1003,4.65,0,18.4,33,0.29,204,0,0,0,0,0,0,*
H,18,8,1,3,2.01,1.9,2.5,56.94,44,64,1002.52,1002,1003,4.07,3,5,11,0.21,203,0,0,0,0,0,0,*
H,19,8,1,3,2.04,1.9,2.1,68.38,63,72,1002.99,1002,1003,4.16,3,5,11,0.27,204,0,0,0,0,0,0,*
H,20,8,1,3,2.05,1.9,2.3,68.3,62,73,1002,1002,1002,4.11,3,5,27,0.35,204,0,0,0,0,0,0,*
H,21,8,1,3,2.15,2,2.3,56.39,51,62,1001.89,1001,1002,4.19,3.3,5.4,25,0.29,203,0,0,0,0,0,0,*
H,22,8,1,3,1.88,1.8,2,60.81,59,64,1001.04,1001,1002,4.18,3,5.7,12,0.3,204,0,0,0,0,0,0,*
H,23,8,1,3,1.63,1.5,1.8,62.84,61,65,1000.99,1000,1001,4.23,3,5,11,0.29,203,0,0,0,0,0,0,*
H,0,9,1,3,1.41,1.1,1.7,62.09,60,66,1000.57,1000,1001,4.3,3,5.4,13,0.39,204,0,0,0,0,0,0,-0.2,2.6,41,99,1000,1005,*
H,1,9,1,3,0.98,0.9,1.1,65.17,63,68,999.91,999,1000,4.23,3.3,5,21,0.35,203,0,0,0,0,0,0,*
H,2,9,1,3,0.89,0.8,1,59.36,57,64,998.27,998,999,4.35,3.3,5.4,19,0.37,204,0,0,0,0,0,0,*
H,3,9,1,3,0.77,0.7,0.8,56.17,54,58,998.22,998,999,4.33,3,5.7,50,0.27,204,0,0,0,0,0,0,*
H,4,9,1,3,0.8,0.7,0.9,57.78,54,61,998.68,998,999,4.4,3.3,5.7,7,0.32,204,0,0,0,0,0,0,*
H,5,9,1,3,1.06,0.8,1.2,59.04,57,61,998.44,998,999,4.35,3.3,5.4,11,0.37,204,0,0,0,0,0,0,*
H,6,9,1,3,1.03,0.5,1.3,56.46,48,69,998,998,998,4.35,3.3,5.7,43,0.39,203,0,0,0,0,0,0,*
H,7,9,1,3,0.35,-0.3,0.7,76.81,68,92,998,998,998,4.35,3.3,5.4,59,0.34,204,0,0,0,0,0,0,*
H,8,9,1,3,-0.65,-0.8,-0.3,98.33,93,99,997.99,997,998,4.14,2.6,5.4,44,0.29,204,0,0,0,0,0,0,*
H,9,9,1,3,-0.69,-0.9,-0.5,99,99,99,998.03,998,999,7.95,0,24.2,40,0.35,204,0,0,0,0,0,0,*
H,10,9,1,3,-0.46,-0.7,-0.1,99,99,99,998.72,998,999,91.79,22.8,153.5,29,0.39,203,0,0,0,0,0,0,*
H,11,9,1,3,0.08,-0.2,0.4,97.71,93,99,998.99,998,999,153.67,109,199.6,21,0.41,203,0,0,0,0,0,0,*
H,12,9,1,3,0.26,0,0.6,88.27,82,93,998.21,998,999,99.18,49.5,140.9,25,0.43,204,0,0,0,0,0,0,*
H,13,9,1,3,0.03,-0.1,0.3,86.99,82,92,997.79,997,998,52.96,41.3,72.7,9,0.4,204,0,0,0,0,0,0,*
H,14,9,1,3,-0.13,-0.4,0,91.5,90,92,997,997,998,66.01,47.5,81,16,0.36,203,0,0,0,0,0,0,*
H,15,9,1,3,-0.08,-0.3,0.1,90.79,87,93,997,997,997,53.78,36.8,66.9,9,0.25,204,0,0,0,0,0,0,*
H,16,9,1,3,0.22,0,0.5,74.55,65,87,997,997,997,21.94,12.2,35.8,12,0.3,203,0,0,0,0,0,0,*
H,17,9,1,3,0.15,-0.2,0.4,74.54,67,88,997.18,997,998,3.98,0,13.2,15,0.41,204,0,0,0,0,0,0,*
H,18,9,1,3,-0.34,-0.6,-0.1,90.63,88,94,997.97,997,998,4.55,3.7,5.7,29,0.32,203,0,0,0,0,0,0,*
H,19,9,1,3,-0.51,-0.7,-0.3,92.42,91,94,998,998,998,4.51,3.7,5.4,28,0.35,204,0,0,0,0,0,0,*
H,20,9,1,3,-0.71,-0.8,-0.6,95.57,93,97,998,998,998,4.5,3.7,5.4,13,0.31,203,0,0,0,0,0,0,*
H,21,9,1,3,-0.71,-0.8,-0.6,97.38,97,98,998,998,998,4.5,3.7,5.4,23,0.38,204,0,0,0,0,0,0,*
H,22,9,1,3,-0.84,-1,-0.7,98.83,98,99,998.3,998,999,4.51,3.4,5.7,35,0.35,204,0,0,0,0,0,0,*
H,23,9,1,3,-0.94,-1,-0.8,99,99,99,998.78,998,999,4.55,3.7,5.4,359,0.2,203,0,0,0,0,0,0,*
H,0,10,1,3,-0.9,-1,-0.8,99,99,99,998.95,998,999,4.53,3.3,5.4,345,0.25,204,0,0,0,0,0,0,-1,1.3,48,99,997,1000,*
H,1,10,1,3,-0.8,-1,-0.6,99,99,99,998,998,998,4.53,3.7,5.4,311,0.38,203,0,0,0,0,0,0,*
H,2,10,1,3,-0.63,-0.8,-0.3,99,99,99,998.41,998,999,4.47,3.3,5.4,305,0.42,203,0,0,0,0,0,0,*
H,3,10,1,3,-0.3,-0.5,-0.1,99,99,99,999,999,999,4.47,3.3,5.4,250,0.47,204,0,0,0,0,0,0,*
H,4,10,1,3,-0.15,-0.3,0,99,99,99,999,999,999,4.45,3.7,5.4,229,0.33,204,0,0,0,0,0,0,*
H,5,10,1,3,-0.16,-0.3,0,99,99,99,999,999,999,4.44,3.3,5.4,77,0.74,204,0,0,0,0,0,0,*
H,6,10,1,3,-0.36,-0.8,-0.1,99,99,99,999.36,999,1000,4.38,3.7,5.4,78,0.18,204,0,0,0,0,0,0,*
H,7,10,1,3,-0.38,-0.6,-0.1,98.71,98,99,1000,1000,1000,4.48,3.7,5.4,58,0.22,204,0,0,0,0,0,0,*
H,8,10,1,3,-1.09,-1.4,-0.6,99,99,99,1000.8,1000,1001,4.1,2.3,5.4,21,0.31,203,0,0,0,0,0,0,*
H,9,10,1,3,-0.84,-1.2,-0.6,98.51,96,99,1001.8,1001,1002,7.95,0.2,23.5,41,0.3,204,0,0,0,0,0,0,*
H,10,10,1,3,-0.52,-0.8,-0.2,91.53,90,96,1002.98,1002,1003,48.12,25.2,67.6,45,0.4,203,0,0,0,0,0,0,*
H,11,10,1,3,-0.55,-0.8,-0.3,91.53,89,94,1003.96,1003,1004,71.3,56.7,89.2,42,0.37,204,0,0,0,0,0,0,*
H,12,10,1,3,-0.19,-0.5,0.2,94.89,94,96,1004,1004,1004,125.76,90.2,157.2,50,0.5,203,0,0,0,0.6,0,0.6,*
H,13,10,1,3,0.27,0,1,95.41,95,96,1004,1004,1004,148.09,125.1,186,40,0.48,203,0,0,0,0.2,0,0.2,*
H,14,10,1,3,0.88,0.4,1.4,94.15,93,96,1004,1004,1004,161.47,123.4,228.4,11,0.35,203,0,0,0,0,0,0,*
H,15,10,1,3,1.57,1,2.1,91.13,90,94,1004.28,1004,1005,220.77,150.8,289.6,7,0.66,204,0,0,0,0,0,0,*
H,16,10,1,3,1.79,1.4,2,90.01,88,93,1005,1005,1006,78.58,18.7,153.5,4,0.61,203,0,0,0,0,0,0,*
H,17,10,1,3,1.34,0.8,1.7,95.05,93,97,1005,1005,1005,10.13,0,21.8,3,0.48,203,0,0,0,0,0,0,*
H,18,10,1,3,0.57,0.4,0.9,98.63,97,99,1005.73,1005,1006,4.1,2.3,5,21,0.24,204,0,0,0,0,0,0,*
H,19,10,1,3,0.19,0.1,0.4,99,99,99,1006.57,1006,1007,4.2,3.3,5,14,0.2,203,0,0,0,0,0,0,*
H,20,10,1,3,0.2,0.1,0.4,99,99,99,1007.7,1007,1008,4.42,3.3,5.7,1,0.18,204,0,0,0,0,0,0,*
H,21,10,1,3,0.42,0.3,0.6,94.09,89,99,1008.54,1008,1009,4.41,3.3,5.7,13,0.29,203,0,0,0,0,0,0,*
H,22,10,1,3,0.47,0.3,0.6,86.22,83,89,1009.27,1009,1010,4.36,3.3,6,23,0.36,204,0,0,0,0,0,0,*
H,23,10,1,3,0.33,0.3,0.4,80.59,79,83,1010,1010,1010,4.4,3.3,5.4,10,0.33,203,0,0,0,0,0,0,*
H,0,11,1,3,0.31,0.2,0.4,77.53,76,79,1010,1010,1011,4.42,3.3,5.4,13,0.37,204,0,0,0,0,0,0,-1.4,2.1,76,99,998,1011,*
H,1,11,1,3,0.08,0,0.2,72.34,68,77,1010.99,1010,1011,4.48,3.7,5.4,31,0.26,203,0,0,0,0,0,0,*
H,2,11,1,3,-0.02,-0.1,0,66.88,64,69,1010.99,1010,1011,4.42,3.3,5.7,35,0.28,204,0,0,0,0,0,0,*
H,3,11,1,3,-0.15,-0.3,0,63.08,62,65,1011,1011,1011,4.48,3.3,5.7,36,0.34,203,0,0,0,0,0,0,*
H,4,11,1,3,-0.61,-1.1,-0.3,59.81,58,62,1011,1011,1011,4.53,3.3,5.7,35,0.29,204,0,0,0,0,0,0,*
H,5,11,1,3,-1.62,-1.9,-1.1,72.66,62,77,1011,1011,1011,4.68,3.7,5.7,11,0.25,203,0,0,0,0,0,0,*
H,6,11,1,3,-2.15,-2.3,-1.9,79.95,77,82,1011,1011,1011,4.75,3.7,5.7,14,0.26,203,0,0,0,0,0,0,*
H,7,11,1,3,-2.28,-2.4,-2.1,80.97,77,83,1011.79,1011,1012,4.79,3.7,6,12,0.21,204,0,0,0,0,0,0,*
H,8,11,1,3,-2.18,-2.3,-2,74.46,73,77,1012,1012,1013,3.78,0.2,5.7,11,0.19,203,0,0,0,0,0,0,*
H,9,11,1,3,-1.75,-2.2,-1.1,72.65,69,74,1012.97,1012,1013,46.45,3,105.3,8,0.2,203,0,0,0,0,0,0,*
H,10,11,1,3,-0.3,-1.1,0.4,56.35,43,69,1013.64,1013,1014,170.67,93.6,248.6,16,0.3,204,0,0,0,0,0,0,*
H,11,11,1,3,0.76,0.3,1.3,26.64,13,43,1014.2,1014,1015,257.75,153.5,337.2,23,0.41,203,0,0,0,0,0,0,*
H,12,11,1,3,1.4,1.1,1.9,13.86,10,21,1014.06,1014,1015,335.24,255.8,360.4,25,0.46,203,0,0,0,0,0,0,*
H,13,11,1,3,1.81,1.3,2.3,18.79,15,21,1013.24,1013,1014,338.22,291,363.5,20,0.4,203,0,0,0,0,0,0,*
H,14,11,1,3,2.48,2,3,18.43,11,21,1012.2,1012,1013,305.53,226.4,340.6,30,0.38,203,0,0,0,0,0,0,*
H,15,11,1,3,2.84,2.7,3.1,11.77,9,18,1012,1012,1012,233.12,186.9,286.5,48,0.56,204,0,0,0,0,0,0,*
H,16,11,1,3,2.63,2.1,2.9,11.1,9,15,1012,1012,1012,126.4,58.9,187.5,78,0.39,203,0,0,0,0,0,0,*
H,17,11,1,3,1.77,1.3,2.2,9.88,9,11,1012.06,1012,1013,24.95,0,77.2,67,0.41,203,0,0,0,0,0,0,*
H,18,11,1,3,1.1,0.9,1.3,9.52,9,11,1012.99,1012,1013,3.79,1.9,4.7,50,0.25,204,0,0,0,0,0,0,*
H,19,11,1,3,1.14,0.9,1.5,16.52,11,22,1013.61,1013,1014,4.12,3,5,51,0.28,204,0,0,0,0,0,0,*
H,20,11,1,3,0.5,0,0.9,12.3,9,16,1014.88,1014,1015,4.28,3,5.7,34,0.3,203,0,0,0,0,0,0,*
H,21,11,1,3,-0.31,-0.6,0,12.65,9,18,1015,1015,1015,4.5,3.3,6,24,0.33,204,0,0,0,0,0,0,*
H,22,11,1,3,-1.01,-1.4,-0.6,21.57,13,27,1015,1015,1015,4.6,3.7,5.4,21,0.29,203,0,0,0,0,0,0,*
H,23,11,1,3,-1.54,-1.7,-1.3,30,27,31,1015,1015,1015,4.7,3.7,6.4,12,0.23,204,0,0,0,0,0,0,*
H,0,12,1,3,-1.79,-2.1,-1.7,23.96,20,31,1015.47,1015,1016,4.74,4,6,15,0.26,203,0,0,0,0,0,0,-2.4,3.1,9,83,1010,1016,*
H,1,12,1,3,-2.24,-2.4,-2,18.24,14,22,1015.06,1015,1016,4.81,4,6,13,0.26,203,0,0,0,0,0,0,*
H,2,12,1,3,-2.72,-2.9,-2.4,19.06,14,20,1015,1015,1015,4.86,4,6,16,0.24,204,0,0,0,0,0,0,*
H,3,12,1,3,-3,-3.3,-2.7,11.68,10,14,1015.59,1015,1016,4.93,3.7,5.7,15,0.23,203,0,0,0,0,0,0,*
H,4,12,1,3,-3.38,-3.7,-3.2,10.74,10,12,1016,1016,1016,4.95,4,6.4,24,0.3,204,0,0,0,0,0,0,*
H,5,12,1,3,-3.99,-4.2,-3.5,20.58,10,32,1016,1016,1016,4.98,4,6.4,358,0.51,203,0,0,0,0,0,0,*
H,6,12,1,3,-4.5,-4.7,-4.2,49.07,32,62,1016.61,1016,1017,5.1,4,6.7,339,0.23,203,0,0,0,0,0,0,*
H,7,12,1,3,-4.55,-4.7,-4.4,55.53,53,62,1017,1017,1017,5.25,4,6.4,354,0.16,204,0,0,0,0,0,0,*
H,8,12,1,3,-4.7,-4.8,-4.5,52.04,46,56,1017.56,1017,1018,4.06,0.2,7.1,354,0.2,203,0,0,0,0,0,0,*
H,9,12,1,3,-4.11,-4.7,-3.1,31.85,10,46,1018.05,1018,1019,59.81,6.4,125.6,0,0.17,203,0,0,0,0,0,0,*
H,10,12,1,3,-2.17,-3.1,-1.5,21.9,9,38,1018.91,1018,1019,195.16,125.5,258.2,11,0.28,204,0,0,0,0,0,0,*
H,11,12,1,3,-1.09,-1.5,-0.5,46.21,39,52,1019.83,1019,1020,308.92,259.8,352.2,21,0.37,203,0,0,0,0,0,0,*
H,12,12,1,3,-0.06,-0.7,0.8,56.19,51,60,1020,1020,1020,373.29,351.5,388.5,43,0.63,203,0,0,0,0,0,0,*
H,13,12,1,3,0.72,0,1.5,58.63,56,60,1019.48,1019,1020,385.41,372.4,393.2,329,0.67,203,0,0,0,0,0,0,*
H,14,12,1,3,1.45,1.2,1.8,53.74,48,61,1018.99,1018,1019,341.94,300.6,373,289,0.55,203,0,0,0,0,0,0,*
H,15,12,1,3,1.69,1.4,2.1,47.15,45,49,1018.72,1018,1019,258.37,204,303.3,284,0.54,203,0,0,0,0,0,0,*
H,16,12,1,3,1.58,1.3,2,44.33,37,50,1018.99,1018,1019,137.16,72.3,202.7,288,0.44,203,0,0,0,0,0,0,*
H,17,12,1,3,1.07,0.6,1.7,32.45,23,38,1019,1019,1019,24.22,0,70.7,267,0.22,203,0,0,0,0,0,0,*
H,18,12,1,3,-0.13,-0.7,0.6,13.53,9,23,1019.26,1019,1020,3.73,1.3,5,254,0.22,204,0,0,0,0,0,0,*
H,19,12,1,3,-0.98,-1.4,-0.3,23.4,12,35,1020,1020,1020,4.33,3,5.7,286,0.24,203,0,0,0,0,0,0,*
H,20,12,1,3,-1.63,-2,-1.2,41.56,35,51,1020.69,1020,1021,4.62,3.3,5.7,323,0.3,203,0,0,0,0,0,0,*
H,21,12,1,3,-2.23,-2.8,-1.9,57.87,51,67,1021,1021,1021,4.82,3.3,6,351,0.14,203,0,0,0,0,0,0,*
H,22,12,1,3,-2.69,-2.9,-2.5,73.21,68,76,1021.5,1021,1022,4.76,3.7,6,6,0.34,204,0,0,0,0,0,0,*
H,23,12,1,3,-3.22,-3.3,-2.8,77.44,76,78,1022,1022,1022,4.74,3.7,6,48,0.48,203,0,0,0,0,0,0,*
H,0,13,1,3,-3.47,-3.9,-3.3,76.39,75,78,1022.57,1022,1023,4.94,4,6,1,0.13,203,0,0,0,0,0,0,-4.8,2.1,9,78,1015,1023,*
H,1,13,1,3,-4.03,-4.2,-3.8,77.87,75,80,1022,1022,1023,5.08,4,6,357,0.18,203,0,0,0,0,0,0,*
H,2,13,1,3,-4.29,-4.6,-4.1,75,75,75,1022,1022,1022,5.14,4,6,353,0.19,204,0,0,0,0,0,0,*
H,3,13,1,3,-4.46,-4.7,-4.3,70.12,62,74,1021.48,1021,1022,5.15,4,6,351,0.13,203,0,0,0,0,0,0,*
H,4,13,1,3,-4.94,-5.3,-4.3,70.08,61,79,1021,1021,1021,5.01,3.7,6.4,327,0.41,203,0,0,0,0,0,0,*
H,5,13,1,3,-5.45,-5.7,-5.2,84.71,79,89,1020.79,1020,1021,5.11,4,6.4,295,0.17,203,0,0,0,0,0,0,*
H,6,13,1,3,-5.83,-6.1,-5.6,90.73,89,92,1020.39,1020,1021,5.2,4,6.5,319,0.09,203,0,0,0,0,0,0,*
H,7,13,1,3,-6.08,-6.4,-5.8,93.09,92,95,1020,1020,1020,5.14,3.9,6.7,297,0.52,203,0,0,0,0,0,0,*
H,8,13,1,3,-5.89,-6.3,-5.6,91.66,90,95,1020.1,1020,1021,4.38,0.1,14.8,338,0.41,203,0,0,0,0,0,0,*
H,9,13,1,3,-4.93,-5.8,-4,91.33,87,93,1021,1021,1021,79.58,9.5,142.5,328,0.33,203,0,0,0,0,0,0,*
H,10,13,1,3,-2.65,-4.1,0.2,78.02,62,87,1021,1021,1021,218.03,143,336.5,350,0.32,203,0,0,0,0,0,0,*
H,11,13,1,3,-0.3,-1,0.4,26.57,9,61,1021,1021,1021,335.4,188.4,425.1,318,0.37,203,0,0,0,0,0,0,*
H,12,13,1,3,0.15,-0.2,0.7,11.85,9,14,1020.54,1020,1021,262.41,159.3,386.1,300,0.65,203,0,0,0,0,0,0,*
H,13,13,1,3,1.19,0.3,2.1,10.46,9,16,1019.65,1019,1020,364.08,228.7,446.3,282,0.72,203,0,0,0,0,0,0,*
H,14,13,1,3,2.42,1.6,3.5,24.36,12,35,1018.47,1018,1019,323.91,217,465.8,296,0.57,203,0,0,0,0,0,0,*
H,15,13,1,3,2.95,2.6,3.4,32.22,30,34,1018,1018,1018,264.65,229.5,309,307,0.55,120,0,0,0,0,0,0,*
H,16.01,13,1,3,9999,5000,-5000,9999,5000,-5000,9999,5000,-5000,9999,5000,-5000,9999,0,0,9999,5000,-5000,9999,5000,-5000,*
H,17,13,1,3,9999,5000,-5000,9999,5000,-5000,9999,5000,-5000,9999,5000,-5000,9999,0,0,9999,5000,-5000,9999,5000,-5000,*
H,18.01,13,1,3,9999,5000,-5000,9999,5000,-5000,9999,5000,-5000,9999,5000,-5000,9999,0,0,9999,5000,-5000,9999,5000,-5000,*
H,19.01,13,1,3,9999,5000,-5000,9999,5000,-5000,9999,5000,-5000,9999,5000,-5000,9999,0,0,9999,5000,-5000,9999,5000,-5000,*
H,20.01,13,1,3,9999,5000,-5000,9999,5000,-5000,9999,5000,-5000,9999,5000,-5000,9999,0,0,9999,5000,-5000,9999,5000,-5000,*
H,21.01,13,1,3,9999,5000,-5000,9999,5000,-5000,9999,5000,-5000,9999,5000,-5000,9999,0,0,9999,5000,-5000,9999,5000,-5000,*
H,22,13,1,3,9999,5000,-5000,9999,5000,-5000,9999,5000,-5000,9999,5000,-5000,9999,0,0,9999,5000,-5000,9999,5000,-5000,*
H,23.01,13,1,3,9999,5000,-5000,9999,5000,-5000,9999,5000,-5000,9999,5000,-5000,9999,0,0,9999,5000,-5000,9999,5000,-5000,*
H,0.02,14,1,3,9999,5000,-5000,9999,5000,-5000,9999,5000,-5000,9999,5000,-5000,9999,0,0,9999,5000,-5000,9999,5000,-5000,0,0,0,0,0,0,*
H,1.01,14,1,3,9999,5000,-5000,9999,5000,-5000,9999,5000,-5000,9999,5000,-5000,9999,0,0,9999,5000,-5000,9999,5000,-5000,*
H,2.01,14,1,3,9999,5000,-5000,9999,5000,-5000,9999,5000,-5000,9999,5000,-5000,9999,0,0,9999,5000,-5000,9999,5000,-5000,*
H,3,14,1,3,9999,5000,-5000,9999,5000,-5000,9999,5000,-5000,9999,5000,-5000,9999,0,0,9999,5000,-5000,9999,5000,-5000,*
H,4.01,14,1,3,9999,5000,-5000,9999,5000,-5000,9999,5000,-5000,9999,5000,-5000,9999,0,0,9999,5000,-5000,9999,5000,-5000,*
H,5,14,1,3,9999,5000,-5000,9999,5000,-5000,9999,5000,-5000,9999,5000,-5000,9999,0,0,9999,5000,-5000,9999,5000,-5000,*
H,6.01,14,1,3,9999,5000,-5000,9999,5000,-5000,9999,5000,-5000,9999,5000,-5000,9999,0,0,9999,5000,-5000,9999,5000,-5000,*
H,7,14,1,3,9999,5000,-5000,9999,5000,-5000,9999,5000,-5000,9999,5000,-5000,9999,0,0,9999,5000,-5000,9999,5000,-5000,*
H,8.01,14,1,3,9999,5000,-5000,9999,5000,-5000,9999,5000,-5000,9999,5000,-5000,9999,0,0,9999,5000,-5000,9999,5000,-5000,*
H,9.01,14,1,3,9999,5000,-5000,9999,5000,-5000,9999,5000,-5000,9999,5000,-5000,9999,0,0,9999,5000,-5000,9999,5000,-5000,*
H,10,14,1,3,9999,5000,-5000,9999,5000,-5000,9999,5000,-5000,9999,5000,-5000,9999,0,0,9999,5000,-5000,9999,5000,-5000,*
H,11.01,14,1,3,9999,5000,-5000,9999,5000,-5000,9999,5000,-5000,9999,5000,-5000,9999,0,0,9999,5000,-5000,9999,5000,-5000,*
H,12,14,1,3,9999,5000,-5000,9999,5000,-5000,9999,5000,-5000,9999,5000,-5000,9999,0,0,9999,5000,-5000,9999,5000,-5000,*
H,13.01,14,1,3,9999,5000,-5000,9999,5000,-5000,9999,5000,-5000,9999,5000,-5000,9999,0,0,9999,5000,-5000,9999,5000,-5000,*
H,14,14,1,3,9999,5000,-5000,9999,5000,-5000,9999,5000,-5000,9999,5000,-5000,9999,0,0,9999,5000,-5000,9999,5000,-5000,*
H,15.01,14,1,3,9999,5000,-5000,9999,5000,-5000,9999,5000,-5000,9999,5000,-5000,9999,0,0,9999,5000,-5000,9999,5000,-5000,*
H,16.01,14,1,3,9999,5000,-5000,9999,5000,-5000,9999,5000,-5000,9999,5000,-5000,9999,0,0,9999,5000,-5000,9999,5000,-5000,*
H,17,14,1,3,9999,5000,-5000,9999,5000,-5000,9999,5000,-5000,9999,5000,-5000,9999,0,0,9999,5000,-5000,9999,5000,-5000,*
H,18.01,14,1,3,9999,5000,-5000,9999,5000,-5000,9999,5000,-5000,9999,5000,-5000,9999,0,0,9999,5000,-5000,9999,5000,-5000,*
H,19,14,1,3,9999,5000,-5000,9999,5000,-5000,9999,5000,-5000,9999,5000,-5000,9999,0,0,9999,5000,-5000,9999,5000,-5000,*
H,20.01,14,1,3,9999,5000,-5000,9999,5000,-5000,9999,5000,-5000,9999,5000,-5000,9999,0,0,9999,5000,-5000,9999,5000,-5000,*
H,21,14,1,3,9999,5000,-5000,9999,5000,-5000,9999,5000,-5000,9999,5000,-5000,9999,0,0,9999,5000,-5000,9999,5000,-5000,*
H,22.01,14,1,3,9999,5000,-5000,9999,5000,-5000,9999,5000,-5000,9999,5000,-5000,9999,0,0,9999,5000,-5000,9999,5000,-5000,*
H,23.01,14,1,3,9999,5000,-5000,9999,5000,-5000,9999,5000,-5000,9999,5000,-5000,9999,0,0,9999,5000,-5000,9999,5000,-5000,*
H,0.02,15,1,3,9999,5000,-5000,9999,5000,-5000,9999,5000,-5000,9999,5000,-5000,9999,0,0,9999,5000,-5000,9999,5000,-5000,0,0,0,0,0,0,*
H,1.01,15,1,3,9999,5000,-5000,9999,5000,-5000,9999,5000,-5000,9999,5000,-5000,9999,0,0,9999,5000,-5000,9999,5000,-5000,*
H,2,15,1,3,9999,5000,-5000,9999,5000,-5000,9999,5000,-5000,9999,5000,-5000,9999,0,0,9999,5000,-5000,9999,5000,-5000,*
H,3.01,15,1,3,9999,5000,-5000,9999,5000,-5000,9999,5000,-5000,9999,5000,-5000,9999,0,0,9999,5000,-5000,9999,5000,-5000,*
H,4.01,15,1,3,9999,5000,-5000,9999,5000,-5000,9999,5000,-5000,9999,5000,-5000,9999,0,0,9999,5000,-5000,9999,5000,-5000,*
H,5.01,15,1,3,9999,5000,-5000,9999,5000,-5000,9999,5000,-5000,9999,5000,-5000,9999,0,0,9999,5000,-5000,9999,5000,-5000,*
H,6.01,15,1,3,9999,5000,-5000,9999,5000,-5000,9999,5000,-5000,9999,5000,-5000,9999,0,0,9999,5000,-5000,9999,5000,-5000,*
H,7,15,1,3,9999,5000,-5000,9999,5000,-5000,9999,5000,-5000,9999,5000,-5000,9999,0,0,9999,5000,-5000,9999,5000,-5000,*
H,8.01,15,1,3,9999,5000,-5000,9999,5000,-5000,9999,5000,-5000,9999,5000,-5000,9999,0,0,9999,5000,-5000,9999,5000,-5000,*
H,9,15,1,3,9999,5000,-5000,9999,5000,-5000,9999,5000,-5000,9999,5000,-5000,9999,0,0,9999,5000,-5000,9999,5000,-5000,*
H,10.01,15,1,3,9999,5000,-5000,9999,5000,-5000,9999,5000,-5000,9999,5000,-5000,9999,0,0,9999,5000,-5000,9999,5000,-5000,*
H,11,15,1,3,9999,5000,-5000,9999,5000,-5000,9999,5000,-5000,9999,5000,-5000,9999,0,0,9999,5000,-5000,9999,5000,-5000,*
H,12.01,15,1,3,9999,5000,-5000,9999,5000,-5000,9999,5000,-5000,9999,5000,-5000,9999,0,0,9999,5000,-5000,9999,5000,-5000,*
H,13.01,15,1,3,9999,5000,-5000,9999,5000,-5000,9999,5000,-5000,9999,5000,-5000,9999,0,0,9999,5000,-5000,9999,5000,-5000,*
H,14,15,1,3,9999,5000,-5000,9999,5000,-5000,9999,5000,-5000,9999,5000,-5000,9999,0,0,9999,5000,-5000,9999,5000,-5000,*
H,15.01,15,1,3,9999,5000,-5000,9999,5000,-5000,9999,5000,-5000,9999,5000,-5000,9999,0,0,9999,5000,-5000,9999,5000,-5000,*
H,16,15,1,3,9999,5000,-5000,9999,5000,-5000,9999,5000,-5000,9999,5000,-5000,9999,0,0,9999,5000,-5000,9999,5000,-5000,*
H,17.01,15,1,3,9999,5000,-5000,9999,5000,-5000,9999,5000,-5000,9999,5000,-5000,9999,0,0,9999,5000,-5000,9999,5000,-5000,*
H,18,15,1,3,9999,5000,-5000,9999,5000,-5000,9999,5000,-5000,9999,5000,-5000,9999,0,0,9999,5000,-5000,9999,5000,-5000,*
H,19.01,15,1,3,9999,5000,-5000,9999,5000,-5000,9999,5000,-5000,9999,5000,-5000,9999,0,0,9999,5000,-5000,9999,5000,-5000,*
H,20.01,15,1,3,9999,5000,-5000,9999,5000,-5000,9999,5000,-5000,9999,5000,-5000,9999,0,0,9999,5000,-5000,9999,5000,-5000,*
H,21,15,1,3,9999,5000,-5000,9999,5000,-5000,9999,5000,-5000,9999,5000,-5000,9999,0,0,9999,5000,-5000,9999,5000,-5000,*
H,22.01,15,1,3,9999,5000,-5000,9999,5000,-5000,9999,5000,-5000,9999,5000,-5000,9999,0,0,9999,5000,-5000,9999,5000,-5000,*
H,23,15,1,3,9999,5000,-5000,9999,5000,-5000,9999,5000,-5000,9999,5000,-5000,9999,0,0,9999,5000,-5000,9999,5000,-5000,*
H,0.02,16,1,3,9999,5000,-5000,9999,5000,-5000,9999,5000,-5000,9999,5000,-5000,9999,0,0,9999,5000,-5000,9999,5000,-5000,0,0,0,0,0,0,*
H,1.01,16,1,3,9999,5000,-5000,9999,5000,-5000,9999,5000,-5000,9999,5000,-5000,9999,0,0,9999,5000,-5000,9999,5000,-5000,*
H,2.01,16,1,3,9999,5000,-5000,9999,5000,-5000,9999,5000,-5000,9999,5000,-5000,9999,0,0,9999,5000,-5000,9999,5000,-5000,*
H,3.01,16,1,3,9999,5000,-5000,9999,5000,-5000,9999,5000,-5000,9999,5000,-5000,9999,0,0,9999,5000,-5000,9999,5000,-5000,*
H,4,16,1,3,9999,5000,-5000,9999,5000,-5000,9999,5000,-5000,9999,5000,-5000,9999,0,0,9999,5000,-5000,9999,5000,-5000,*
H,5.01,16,1,3,9999,5000,-5000,9999,5000,-5000,9999,5000,-5000,9999,5000,-5000,9999,0,0,9999,5000,-5000,9999,5000,-5000,*
H,6,16,1,3,9999,5000,-5000,9999,5000,-5000,9999,5000,-5000,9999,5000,-5000,9999,0,0,9999,5000,-5000,9999,5000,-5000,*
H,7.01,16,1,3,9999,5000,-5000,9999,5000,-5000,9999,5000,-5000,9999,5000,-5000,9999,0,0,9999,5000,-5000,9999,5000,-5000,*
H,8.01,16,1,3,9999,5000,-5000,9999,5000,-5000,9999,5000,-5000,9999,5000,-5000,9999,0,0,9999,5000,-5000,9999,5000,-5000,*
H,9,16,1,3,-0.21,-0.4,0,99,99,99,1019,1019,1019,25.75,15.3,34.1,323,0.17,121,0,0,0,0,0,0,*
H,10,16,1,3,0.24,0,0.6,98.93,98,99,1019,1019,1019,43.49,27.2,66.6,355,0.28,204,0,0,0,0,0,0,*
H,11,16,1,3,1.23,0.6,2,96.49,95,98,1019.65,1019,1020,74.21,52.9,87.4,0,0.15,203,0,0,0,0,0,0,*
H,12,16,1,3,2.4,2,3.2,93.3,91,95,1019.98,1019,1020,76.14,50.2,120.3,12,0.33,203,0,0,0,0,0,0,*
H,13,16,1,3,3.8,3.2,4.6,88.37,82,92,1019,1019,1019,189.61,98.1,332.7,2,0.38,203,0,0,0,0,0,0,*
H,14,16,1,3,5.04,4.4,5.6,78.09,73,82,1019,1019,1019,259.57,236.3,282.5,59,0.68,204,0,0,0,0,0,0,*
H,15,16,1,3,5.47,5.1,5.7,71.7,71,74,1019,1019,1019,192.41,136.8,235.6,46,0.61,203,0,0,0,0,0,0,*
H,16,16,1,3,5.38,5.2,5.6,72.93,72,75,1019,1019,1019,90.9,47.8,135.7,15,0.42,203,0,0,0,0,0,0,*
H,17,16,1,3,4.74,4,5.2,78.6,75,82,1019,1019,1019,17.69,0,48.2,355,0.09,203,0,0,0,0,0,0,*
H,18,16,1,3,3.63,3.3,4.3,87.04,82,90,1019.24,1019,1020,3.08,0.8,4.4,304,0.73,203,0,0,0,0,0,0,*
H,19,16,1,3,3.47,3.1,3.7,90.74,90,92,1020,1020,1020,3.77,2.8,5,339,0.41,203,0,0,0,0,0,0,*
H,20,16,1,3,2.81,2.4,3.4,94.22,92,98,1020.29,1020,1021,3.85,2.6,5,351,0.46,203,0,0,0,0,0,0,*
H,21,16,1,3,2.9,2.7,3,95.89,94,97,1021,1021,1021,3.95,3,5,343,0.22,204,0,0,0,0,0,0,*
H,22,16,1,3,2.82,2.3,3.1,94.09,94,95,1021,1021,1021,4.11,2.6,5,346,0.14,203,0,0,0,0,0,0,*
H,23,16,1,3,2.51,2.3,2.7,94.37,92,96,1021.74,1021,1022,4.02,2.6,5,344,0.16,203,0,0,0,0,0,0,*
H,0,17,1,3,2.76,2.4,3,91.31,90,93,1022,1022,1022,4.04,3,5,350,0.14,203,0,0,0,0,0,0,-0.4,5.7,71,99,1019,1022,*
H,1,17,1,3,2.45,2,2.8,90.94,90,92,1022,1022,1022,4.22,3,5.4,351,0.14,203,0,0,0,0,0,0,*
H,2,17,1,3,1.99,1.8,2.1,92.7,92,93,1021.61,1021,1022,4.24,3.3,5.7,348,0.14,204,0,0,0,0,0,0,*
H,3,17,1,3,1.94,1.6,2.2,92.62,92,93,1022,1022,1022,4.29,3,5.4,354,0.11,203,0,0,0,0,0,0,*
H,4,17,1,3,1.41,0.8,1.7,92.87,92,93,1021.82,1021,1022,4.28,3.3,5.4,320,0.41,204,0,0,0,0,0,0,*
H,5,17,1,3,0.58,0.3,0.8,95.53,93,97,1021,1021,1022,4.34,3.3,5.4,322,0.27,203,0,0,0,0,0,0,*
H,6,17,1,3,0.78,0.6,1.1,95.82,95,96,1021,1021,1021,4.46,3,5.7,337,0.19,203,0,0,0,0,0,0,*
H,7,17,1,3,0.67,0,1.1,95.84,95,97,1021,1021,1021,4.39,3.3,5.4,350,0.74,204,0,0,0,0,0,0,*
H,8,17,1,3,-0.25,-0.6,0.1,97.55,96,99,1021,1021,1021,3.57,0,8.8,344,1.05,203,0,0,0,0,0,0,*
H,9,17,1,3,0.36,-0.4,1.5,98.69,96,99,1021,1021,1021,56.11,9.5,114.8,33,0.31,204,0,0,0,0,0,0,*
H,10,17,1,3,2.96,1.6,4.2,90.81,86,96,1021,1021,1021,172.22,115.9,232.5,21,0.48,203,0,0,0,0,0,0,*
H,11,17,1,3,5.51,4.2,7.1,81.58,74,86,1021.61,1021,1022,278.14,233.9,312.8,34,0.74,203,0,0,0,0,0,0,*
H,12,17,1,3,6.69,6.3,7.1,60.23,51,74,1021.22,1021,1022,337.14,310,354.4,14,0.33,203,0,0,0,0,0,0,*
H,13,17,1,3,7.67,6.9,8.2,42.92,35,51,1020.42,1020,1021,355.05,346.2,360.9,18,0.41,203,0,0,0,0,0,0,*
H,14,17,1,3,8.65,8,9.2,29.58,23,36,1018.9,1018,1020,329.3,298.6,353,14,0.31,203,0,0,0,0,0,0,*
H,15,17,1,3,9.01,8.9,9.2,23.16,22,25,1017.68,1017,1018,250.88,194.3,299.3,22,0.31,203,0,0,0,0,0,0,*
H,16,17,1,3,9,8.8,9.2,22.42,20,26,1017,1017,1017,137.15,74.1,192.9,51,0.64,204,0,0,0,0,0,0,*
H,17,17,1,3,8.18,7.5,8.9,30.66,23,40,1017,1017,1017,22.79,0,73.8,74,0.7,203,0,0,0,0,0,0,*
H,18,17,1,3,6.74,5.9,7.6,49.05,41,55,1017,1017,1017,3.21,1.3,4.4,344,0.19,203,0,0,0,0,0,0,*
H,19,17,1,3,5.49,4.9,6.1,60.43,56,67,1016.46,1016,1017,3.59,2.5,5.1,355,0.14,203,0,0,0,0,0,0,*
H,20,17,1,3,4.43,4,4.9,71.43,67,74,1016,1016,1017,3.75,2.8,4.7,0,0.06,204,0,0,0,0,0,0,*
H,21,17,1,3,3.51,3.3,4.2,77.16,74,79,1016,1016,1016,3.88,3,5,22,0.22,203,0,0,0,0,0,0,*
H,22,17,1,3,3.17,2.8,3.4,79.44,79,81,1015.69,1015,1016,3.98,3,5,14,0.14,203,0,0,0,0,0,0,*
H,23,17,1,3,2.86,2.6,3.2,80.44,79,81,1015,1015,1016,4.02,3.3,5,5,0.15,204,0,0,0,0,0,0,*
H,0,18,1,3,3.04,2.8,3.2,77.4,77,79,1015,1015,1015,4.15,3,5,9,0.22,203,0,0,0,0,0,0,-0.6,9.2,19,99,1015,1022,*
H,1,18,1,3,3.05,2.9,3.2,76.1,75,77,1014.48,1014,1015,4.12,3.2,5,354,0.21,204,0,0,0,0,0,0,*
H,2,18,1,3,2.75,2.3,3,77.61,76,79,1014,1014,1014,4.06,3.3,5,323,0.22,203,0,0,0,0,0,0,*
H,3,18,1,3,2.59,2.3,2.8,80.08,79,81,1013.97,1013,1014,4.01,3,5,317,0.26,203,0,0,0,0,0,0,*
H,4,18,1,3,2.81,2.6,3,79.82,79,81,1013.25,1013,1014,4.06,3,5,347,0.18,204,0,0,0,0,0,0,*
H,5,18,1,3,3.11,2.9,3.3,77.87,77,79,1013,1013,1013,4.07,2.6,5.4,352,0.17,203,0,0,0,0,0,0,*
H,6,18,1,3,2.84,2.6,3.1,78.15,77,79,1012.18,1012,1013,4.1,3.3,5,5,0.23,204,0,0,0,0,0,0,*
H,7,18,1,3,3.22,3.1,3.4,75.19,74,77,1012,1012,1012,3.99,3,5,329,0.28,204,0,0,0,0,0,0,*
H,8,18,1,3,3.15,2.9,3.5,75.42,74,77,1012,1012,1012,3.17,0,4.7,337,0.22,203,0,0,0,0,0,0,*
H,9,18,1,3,3.52,3,3.9,75.54,73,78,1012,1012,1012,15.3,1.3,32.4,314,0.58,203,0,0,0,0,0,0,*
H,10,18,1,3,3.61,3.4,4.2,76.19,75,78,1012.44,1012,1013,54.5,31.7,89.5,356,1.22,204,0,0,0,0,0,0,*
H,11,18,1,3,3.99,3.2,4.9,75.08,68,80,1013,1013,1013,117.18,89.5,135.7,31,0.72,203,0,0,0,0,0,0,*
H,12,18,1,3,5.59,4.9,6.3,61.34,51,67,1012.05,1012,1013,163.38,133.3,216.4,8,0.29,203,0,0,0,0,0,0,*
H,13,18,1,3,7.02,6.3,7.6,41.82,33,52,1011.29,1011,1012,212.79,182.3,248.2,2,0.4,203,0,0,0,0,0,0,*
H,14,18,1,3,7.8,7.3,8.4,24.35,13,33,1010.84,1010,1011,153.8,138.1,182.1,349,0.71,204,0,0,0,0,0,0,*
H,15,18,1,3,8.37,8,9,21.73,14,27,1010,1010,1010,139.04,110.4,158.4,228,0.34,203,0,0,0,0,0,0,*
H,16,18,1,3,8.53,8.2,9,18.33,13,27,1010,1010,1010,64.93,39.6,110.4,272,0.35,203,0,0,0,0,0,0,*
H,17,18,1,3,8.03,7.2,8.7,34.07,27,43,1010,1010,1010,20.05,0,38.6,233,0.43,203,0,0,0,0,0,0,*
H,18,18,1,3,7.19,6.7,7.8,46.93,43,54,1010,1010,1010,2.92,0,4.5,229,0.59,204,0,0,0,0,0,0,*
H,19,18,1,3,5.52,4.5,7,64.21,54,74,1010,1010,1010,3.5,2.1,5.4,275,0.55,203,0,0,0,0,0,0,*
H,20,18,1,3,3.55,2.9,4.5,78.86,73,82,1010.62,1010,1011,3.52,2.3,4.7,66,0.53,203,0,0,0,0,0,0,*
H,21,18,1,3,3.13,2.8,3.6,77.33,71,83,1010.34,1010,1011,3.83,2.6,4.7,3,0.55,204,0,0,0,0,0,0,*
H,22,18,1,3,3.04,2.7,3.4,70.05,69,71,1010,1010,1011,4.07,3.3,5,330,0.23,203,0,0,0,0,0,0,*
H,23,18,1,3,1.48,0.9,2.7,77.94,71,84,1010,1010,1010,4,3,5,8,0.99,204,0,0,0,0,0,0,*
H,0,19,1,3,0.96,0.2,1.4,86.94,84,88,1010.83,1010,1011,4.14,3.3,5,32,1.44,203,0,0,0,0,0,0,0.2,9.1,13,88,1010,1015,*
H,1,19,1,3,0.49,0.1,0.9,90.58,88,92,1010.02,1010,1011,4.29,3.3,5.7,26,0.61,203,0,0,0,0,0,0,*
H,2,19,1,3,0.74,0,1.5,87.17,84,90,1010,1010,1010,4.37,3.3,5.4,19,0.46,204,0,0,0,0,0,0,*
H,3,19,1,3,1.14,0.9,1.4,82.26,80,84,1010,1010,1011,4.51,3.3,5.7,358,0.27,204,0,0,0,0,0,0,*
H,4,19,1,3,1.39,1.1,1.7,79,78,80,1009.75,1009,1010,4.43,3.3,5.4,344,0.15,204,0,0,0,0,0,0,*
H,5,19,1,3,2.05,1.6,2.4,72.58,68,78,1009,1009,1009,4.42,3.3,5.7,338,0.22,203,0,0,0,0,0,0,*
H,6,19,1,3,2.38,2,3,61.96,54,68,1009,1009,1009,4.38,3.3,5.4,341,0.26,204,0,0,0,0,0,0,*
H,7,19,1,3,2.67,2.3,2.9,49.59,47,54,1009,1009,1009,4.36,3.7,5.4,345,0.19,204,0,0,0,0,0,0,*
H,8,19,1,3,2.36,2.2,2.6,47.85,44,49,1009,1009,1009,3.74,0,11.6,348,0.24,203,0,0,0,0,0,0,*
H,9,19,1,3,3.41,2.5,4.3,35.23,26,44,1009,1009,1009,65.88,12.2,130.9,342,0.27,204,0,0,0,0,0,0,*
H,10,19,1,3,5.29,4.4,6.5,21.23,15,26,1009,1009,1009,197.82,132.6,259.2,324,0.25,203,0,0,0,0,0,0,*
H,11,19,1,3,7.88,6.5,8.9,15.5,9,26,1009,1009,1009,309.12,259.5,351.3,338,0.37,204,0,0,0,0,0,0,*
H,12,19,1,3,9.43,8.9,10.5,33.26,25,39,1008.68,1008,1009,375.9,351.6,392.1,322,0.46,203,0,0,0,0,0,0,*
H,13,19,1,3,10.34,9.9,11,41.94,31,50,1008,1008,1008,389.75,384.2,395.8,326,0.69,203,0,0,0,0,0,0,*
H,14,19,1,3,11.12,10.4,12.1,51.46,50,54,1007.24,1007,1008,358.35,327.4,385.2,62,1.43,204,0,0,0,0,0,0,*
H,15,19,1,3,11.34,10.8,11.9,52.14,50,54,1006.45,1006,1007,279.23,207.9,326.3,277,0.72,203,0,0,0,0,0,0,*
H,16,19,1,3,11.04,10.5,11.6,46.71,42,52,1006,1006,1006,159.17,98.8,224.4,248,0.35,203,0,0,0,0,0,0,*
H,17,19,1,3,9.65,8.5,10.6,35,23,42,1006,1006,1006,38.16,0.2,97.5,245,0.24,203,0,0,0,0,0,0,*
H,18,19,1,3,7.56,6.5,8.5,16.22,9,26,1006.02,1006,1007,2.87,0,4.4,242,0.16,204,0,0,0,0,0,0,*
H,19,19,1,3,5.71,4.9,6.5,36.92,26,51,1006,1006,1007,3.37,1.8,4.7,253,0.22,203,0,0,0,0,0,0,*
H,20,19,1,3,4.46,3.9,5,60.21,51,70,1006.06,1006,1007,3.5,2.3,4.4,241,0.14,204,0,0,0,0,0,0,*
H,21,19,1,3,3.31,2.8,3.9,81.02,70,89,1006.78,1006,1007,3.69,2.6,4.4,244,0.19,204,0,0,0,0,0,0,*
H,22,19,1,3,2.33,1.7,2.8,94.28,90,98,1006.87,1006,1007,3.91,3,5.4,254,0.21,203,0,0,0,0,0,0,*
H,23,19,1,3,1.33,0.8,1.8,98.66,97,99,1007,1007,1007,3.93,3,5.4,228,0.34,204,0,0,0,0,0,0,*
H,0,20,1,3,0.74,0.4,1.2,99,99,99,1007,1007,1007,4.2,3.3,5.4,270,0.3,203,0,0,0,0,0,0,0,12.1,9,99,1006,1011,*
H,1,20,1,3,0.33,0,0.7,99,99,99,1007,1007,1007,4.31,3.3,5.4,287,0.39,203,0,0,0,0,0,0,*
H,2,20,1,3,-0.25,-0.6,0.3,99,99,99,1007,1007,1007,4.42,3.3,5.7,275,0.74,203,0,0,0,0,0,0,*
H,3,20,1,3,-0.4,-0.7,0,99,99,99,1007,1007,1007,4.5,3.7,5.7,320,0.98,204,0,0,0,0,0,0,*
H,4,20,1,3,0.34,-0.3,1,97.01,93,99,1006.78,1006,1007,4.51,3.3,6,19,0.21,203,0,0,0,0,0,0,*
H,5,20,1,3,1.25,1,1.9,89.02,86,93,1006.24,1006,1007,4.43,3,5.7,11,0.22,204,0,0,0,0,0,0,*
H,6,20,1,3,1.78,1.7,1.9,83.17,82,85,1006.39,1006,1007,4.41,3,5.4,8,0.25,203,0,0,0,0,0,0,*
H,7,20,1,3,1.39,1.1,1.8,83.66,82,87,1006.6,1006,1007,4.41,3.3,5.7,19,0.49,204,0,0,0,0,0,0,*
H,8,20,1,3,0.62,0.2,1.2,89.05,87,91,1007,1007,1007,3.74,0,8.1,316,0.18,203,0,0,0,0,0,0,*
H,9,20,1,3,0.7,0.1,1.3,91.22,87,94,1007.44,1007,1008,49.97,8.1,83,302,0.17,203,0,0,0,0,0,0,*
H,10,20,1,3,2.62,1.3,3.6,83.03,79,87,1008,1008,1008,185.05,55.7,261.9,40,0.88,203,0,0,0,0,0,0,*
H,11,20,1,3,4.31,3.5,5.7,69.24,48,79,1008,1008,1008,261.2,98.1,338.9,25,0.3,203,0,0,0,0,0,0,*
H,12,20,1,3,6.36,5.4,7.1,22.5,9,48,1008,1008,1008,365.06,335.8,396.8,20,0.36,203,0,0,0,0,0,0,*
H,13,20,1,3,7.59,7,8.1,11.33,9,17,1007.37,1007,1008,376.35,327,410.5,31,0.47,204,0,0,0,0,0,0,*
H,14,20,1,3,8.38,7.8,9.8,19.91,15,29,1006.6,1006,1007,337.51,301,360.2,45,0.55,203,0,0,0,0,0,0,*
H,15,20,1,3,8.8,8.4,9.8,21.61,20,24,1006,1006,1006,265.44,204.8,318.8,62,0.5,203,0,0,0,0,0,0,*
H,16,20,1,3,8.73,8.6,8.9,19.76,16,26,1006,1006,1006,159.31,86.5,205.9,106,0.47,203,0,0,0,0,0,0,*
H,17,20,1,3,8.05,7.1,8.7,15.02,9,27,1005.75,1005,1006,31.73,0,85.8,104,0.35,204,0,0,0,0,0,0,*
H,18,20,1,3,6.19,5.1,7.3,20.3,10,36,1005.14,1005,1006,2.76,0,4.4,93,0.52,203,0,0,0,0,0,0,*
H,19,20,1,3,4.53,3.5,5.3,57.78,36,77,1005.33,1005,1006,3.23,2.1,4.7,171,0.77,204,0,0,0,0,0,0,*
H,20,20,1,3,2.99,2.5,3.8,78.13,75,86,1005,1005,1006,3.58,2.3,4.7,330,0.72,203,0,0,0,0,0,0,*
H,21,20,1,3,2.19,1.8,2.7,89.53,86,91,1005,1005,1005,3.78,2.6,4.8,182,1.07,204,0,0,0,0,0,0,*
H,22,20,1,3,2.12,1.8,2.6,88.17,86,90,1005,1005,1005,3.9,2.6,5,308,0.43,203,0,0,0,0,0,0,*
H,23,20,1,3,2.76,2.5,3,82.89,80,86,1005,1005,1005,3.97,2.6,4.7,5,0.5,204,0,0,0,0,0,0,*
H,0,21,1,3,2.67,2.5,2.8,82.66,81,84,1004.96,1004,1005,3.98,3,5,44,0.31,203,0,0,0,0,0,0,-0.7,10,9,99,1004,1008,*
H,1,21,1,3,3.03,2.8,3.3,79.14,78,81,1004.44,1004,1005,3.99,3,5,1,0.62,204,0,0,0,0,0,0,*
H,2,21,1,3,3.17,3,3.4,79.81,78,81,1003.68,1003,1004,3.92,3,4.7,332,0.61,203,0,0,0,0,0,0,*
H,3,21,1,3,2.88,2.7,3.2,84.23,81,88,1003,1003,1003,3.94,2.6,4.7,14,0.29,204,0,0,0,0,0,0,*
H,4,21,1,3,2.68,2.6,2.9,89.4,88,90,1002.91,1002,1003,4.02,3,5,68,0.95,203,0,0,0,0,0,0,*
H,5,21,1,3,2.36,2.1,2.6,92.14,90,95,1002.18,1002,1003,4,3,4.7,74,0.56,204,0,0,0,0,0,0,*
H,6,21,1,3,2.27,2.1,2.4,95,95,95,1002,1002,1002,4.06,3,5.4,10,0.23,204,0,0,0,0,0,0,*
H,7,21,1,3,2.36,2.3,2.5,95.48,95,96,1001.76,1001,1002,4.09,3,5,11,0.25,203,0,0,0,0,0,0,*
H,8,21,1,3,2.43,2.3,2.6,94.25,93,96,1001.07,1001,1002,3.6,1.3,5,12,0.24,204,0,0,0,0,0,0,*
H,9,21,1,3,2.85,2.6,3.1,92.63,91,95,1000.67,1000,1001,16.62,0,51.2,14,0.26,204,0,0,0,0.4,0,0.4,*
H,10,21,1,3,3.62,3,4,91.4,90,94,1000,1000,1000,19.98,8.1,39.9,13,0.27,203,0,0,0,0,0,0,*
H,11,21,1,3,4.35,4,4.7,92.6,90,95,1000,1000,1000,30.05,11.1,57.3,25,0.29,203,0,0,0,0,0,0,*
H,12,21,1,3,4.9,4.7,5,97.56,95,99,999.08,998,1000,32.03,12.9,50.9,29,0.28,204,0,0,0,0.2,0,0.2,*
H,13,21,1,3,5.15,5,5.5,97.4,96,99,997.99,997,998,45.97,23.9,78.9,27,0.33,204,0,0,0,0,0,0,*
H,14,21,1,3,5.34,5.2,5.5,96.32,95,97,997.04,996,998,47.55,26.8,70,30,0.29,203,0,0,0,0,0,0,*
H,15,21,1,3,5.13,4.8,5.4,98.23,96,99,996.01,996,997,19.79,6,48.8,12,0.28,204,0,0,0,0.8,0,0.8,*
H,16,21,1,3,4.76,4.7,4.8,99,99,99,995.42,995,996,10.95,3.3,20.4,17,0.31,203,0,0,0,0.6,0,0.6,*
H,17,21,1,3,4.78,4.7,4.9,99,99,99,995,995,995,1.78,0.2,4.7,13,0.34,204,0,0,0,1.2,0,1.2,*
H,18,21,1,3,5.27,4.9,6.1,99,99,99,994.24,994,995,3.62,2.6,4.4,32,0.82,203,0,0,0,1.6,0,1.6,*
H,19,21,1,3,5.53,5.5,5.8,99,99,99,993.99,993,994,3.75,3,4.4,10,0.27,204,0,0,0,1.8,0,1.8,*
H,20,21,1,3,5.82,5.6,6.1,99,99,99,993.3,993,994,3.72,2.5,4.7,15,0.24,204,0,0,0,2,0,2,*
H,21,21,1,3,6.33,6.1,6.7,99,99,99,992.97,992,993,3.66,2.6,4.7,17,0.76,203,0,0,0,2.6,0,2.6,*
H,22,21,1,3,7.14,6.6,7.5,99,99,99,992.1,992,993,3.53,2.6,4.4,49,0.32,204,0,0,0,3.4,0,3.4,*
H,23,21,1,3,8.12,7.5,9,99,99,99,991.23,991,992,3.34,2.1,5,66,0.48,203,0,0,0,5.8,0,5.8,*
H,0,22,1,3,9,8.7,9.2,99,99,99,990.04,990,991,3.15,1.6,4.4,126,0.58,204,0,0,0,2.4,0,2.4,2.1,9.2,78,99,990,1005,*
H,1,22,1,3,9.1,9,9.2,99,99,99,989.99,989,990,3.37,2.3,4.7,165,0.51,203,0,0,0,4.8,0,4.8,*
H,2,22,1,3,8.99,8.9,9.1,99,99,99,989.47,989,990,3.36,1.6,4.8,151,0.5,204,0,0,0,2.4,0,2.4,*
H,3,22,1,3,8.77,8.4,9,99,99,99,989.85,989,990,3.35,2.1,4.7,184,0.45,204,0,0,0,2.4,0,2.4,*
H,4,22,1,3,8.22,8.1,8.4,99,99,99,989.36,989,990,3.44,2.3,4.8,236,0.29,204,0,0,0,1.2,0,1.2,*
H,5,22,1,3,7.88,7.7,8.1,99,99,99,989.02,989,990,3.45,2.1,4.8,116,0.8,203,0,0,0,0.4,0,0.4,*
H,6,22,1,3,6.81,6.5,7.6,99,99,99,989,989,989,3.55,2.3,4.8,47,0.36,204,0,0,0,0,0,0,*
H,7,22,1,3,6.49,6.4,6.6,99,99,99,989.79,989,990,3.49,2.1,4.5,121,0.5,204,0,0,0,0,0,0,*
H,8,22,1,3,6.29,6.2,6.4,99,99,99,990.31,990,991,4.33,0.4,13.7,90,0.47,204,0,0,0,0,0,0,*
