H,13,14,7,3,25.67,24.7,26.6,44.86,42,47,1006,1006,1006,823.98,548.6,1076.7,108,0.64,219,0,0,0,0,0,0,*
H,14,14,7,3,26.2,25.4,26.8,48.3,45,51,1005.52,1005,1006,807.48,651.9,846.7,80,0.79,203,0,0,0,0,0,0,*
H,15,14,7,3,26.86,26.4,27.8,50.65,49,54,1005,1005,1005,717.22,632.4,784.7,97,0.97,203,0,0,0,0,0,0,*
H,16,14,7,3,27.09,26.4,28.1,47.8,45,50,1004.57,1004,1005,593.46,520.4,648.5,47,1.05,203,0,0,0,0,0,0,*
H,17,14,7,3,27.03,26.6,27.6,41.79,37,47,1004,1004,1004,410.15,170,532,101,0.66,203,0,0,0,0,0,0,*
H,18,14,7,3,26.75,26,27.3,36.11,30,39,1004,1004,1004,223.01,99.5,362.4,130,0.51,203,0,0,0,0,0,0,*
H,19,14,7,3,26.06,25.7,26.5,26.62,22,30,1004,1004,1004,100.33,63.2,150.2,157,0.47,203,0,0,0,0,0,0,*
H,20,14,7,3,25.49,25,26.2,26.15,24,28,1004.05,1004,1005,17.28,0.1,62.2,165,0.37,203,0,0,0,0,0,0,*
H,21,14,7,3,25.05,24.7,25.3,26.97,24,29,1004.88,1004,1005,3.19,1.5,4.4,218,0.56,203,0,0,0,0,0,0,*
H,22,14,7,3,24.57,24.2,24.8,23.38,17,27,1005,1005,1005,3.39,2.6,4.7,265,0.45,203,0,0,0,0,0,0,*
H,23,14,7,3,24.2,23.9,24.5,12.72,9,17,1005,1005,1005,3.37,2.3,4.7,296,0.83,203,0,0,0,0,0,0,*
H,0,15,7,3,23.98,23.6,24.2,9.56,9,12,1005,1005,1005,3.35,2.3,5.1,228,0.5,204,0,0,0,0,0,0,20.3,28.1,9,54,1004,1007,*
H,1,15,7,3,23.21,23,23.9,18.25,13,25,1005,1005,1005,3.33,2,4.7,148,0.27,203,0,0,0,0,0,0,*
H,2,15,7,3,23.31,22.8,23.5,27.16,25,34,1005,1005,1005,3.29,2,4.4,201,0.99,203,0,0,0,0,0,0,*
H,3,15,7,3,22.78,22.3,23,33.45,31,39,1005,1005,1005,3.39,2,4.7,15,0.23,203,0,0,0,0,0,0,*
H,4,15,7,3,22,21.8,22.3,40.22,35,42,1005,1005,1005,3.36,2,4.4,14,0.28,204,0,0,0,0,0,0,*
H,5,15,7,3,21.88,21.7,22,31.31,28,36,1005,1005,1005,3.13,0,9.2,35,0.35,203,0,0,0,0,0,0,*
H,6,15,7,3,21.75,21.6,21.9,25.33,23,29,1005,1005,1005,45.68,8.1,126.2,38,0.36,203,0,0,0,0,0,0,*
H,7,15,7,3,22.01,21.8,23.1,23.52,16,26,1005,1005,1005,131.07,84.4,318.8,61,0.33,204,0,0,0,0,0,0,*
H,8,15,7,3,24.15,23.1,25,10.58,9,16,1005,1005,1005,372.25,320.2,449.5,64,0.64,203,0,0,0,0,0,0,*
H,9,15,7,3,25.32,24.7,25.8,9.55,9,11,1005,1005,1005,422.58,253.2,626.3,89,0.59,203,0,0,0,0,0,0,*
H,10,15,7,3,26.67,25.5,27.6,22.07,9,38,1004.79,1004,1005,650.39,600.9,692.4,218,0.91,203,0,0,0,0,0,0,*
H,11,15,7,3,27.7,26.7,28.9,40.18,31,47,1004,1004,1004,728.23,456.5,914.1,235,0.6,203,0,0,0,0,0,0,*
H,12,15,7,3,28.54,27.6,29.5,47.89,45,51,1004,1004,1004,813.82,662.2,837.5,235,0.85,203,0,0,0,0,0,0,*
H,13,15,7,3,29.22,27.9,30.2,50.12,44,53,1003.49,1003,1004,819.37,772.1,841.5,238,0.82,202,0,0,0,0,0,0,*
H,14,15,7,3,29.94,28.9,30.8,48.35,45,52,1003,1003,1003,767.09,560.9,804.6,224,0.63,203,0,0,0,0,0,0,*
H,15,15,7,3,30.11,29.2,30.9,51.47,43,53,1003,1003,1003,701.35,645.6,749,198,0.82,203,0,0,0,0,0,0,*
H,16,15,7,3,29.56,28.7,30.4,39.42,32,51,1003,1003,1003,553.31,216.3,656.5,174,0.7,203,0,0,0,0,0,0,*
H,17,15,7,3,29,28.2,29.7,31.38,29,34,1003,1003,1003,431.38,361.7,512.8,164,0.58,203,0,0,0,0,0,0,*
H,18,15,7,3,27.87,27.4,28.5,26.68,24,30,1003,1003,1003,275.49,196.7,361.7,151,0.48,203,0,0,0,0,0,0,*
H,19,15,7,3,27.01,26.5,27.7,26.01,24,28,1003,1003,1003,124.66,40,195,150,0.42,203,0,0,0,0,0,0,*
H,20,15,7,3,25.94,25.5,26.7,19.18,13,25,1003.1,1003,1004,20.23,0,44,162,0.39,203,0,0,0,0,0,0,*
H,21,15,7,3,25.07,24.6,25.5,10.49,9,13,1003.99,1003,1004,3.17,1.1,4.6,36,0.8,204,0,0,0,0,0,0,*
H,22,15,7,3,24.49,24,24.7,10.91,10,12,1004,1004,1004,3.44,2.6,4.4,284,0.29,203,0,0,0,0,0,0,*
H,23,15,7,3,23.34,22.9,24,24.86,13,33,1004,1004,1004,3.39,2.6,4.4,79,0.94,203,0,0,0,0,0,0,*
H,0,16,7,3,22.81,22.1,23.4,36.27,33,44,1004,1004,1004,3.41,2.3,4.7,293,1.02,203,0,0,0,0,0,0,21.6,31.1,9,53,1003,1005,*
H,1,16,7,3,21.86,21.4,22.1,49.88,44,53,1004,1004,1004,3.35,2.3,4.4,73,0.22,203,0,0,0,0,0,0,*
H,2,16,7,3,21.27,20.9,21.7,58.47,53,64,1004,1004,1004,3.32,2,4.7,43,0.55,204,0,0,0,0,0,0,*
H,3,16,7,3,20.86,20.6,21.2,66.11,64,68,1004,1004,1005,3.43,2,4.7,8,0.21,203,0,0,0,0,0,0,*
H,4,16,7,3,20.42,20.1,20.7,69.37,68,71,1004,1004,1004,3.38,2.3,4,8,0.2,203,0,0,0,0,0,0,*
H,5,16,7,3,19.83,19.5,20.1,74.22,71,79,1004.08,1004,1005,2.58,0,7.8,53,0.68,204,0,0,0,0,0,0,*
H,6,16,7,3,19.87,19.5,20.5,80.38,79,81,1004.49,1004,1005,43.72,7.8,80,8,0.21,203,0,0,0,0,0,0,*
H,7,16,7,3,21.03,20.4,22,78.43,76,80,1005,1005,1005,87.23,55.4,208.3,3,0.24,203,0,0,0,0,0,0,*
H,8,16,7,3,22.85,22,24,70.73,63,76,1005,1005,1005,278.86,167.2,435.5,9,0.33,203,0,0,0,0,0,0,*
H,9,16,7,3,24.99,23.8,26.3,56.21,52,64,1004.83,1004,1005,445.57,205.5,558.9,35,0.5,203,0,0,0,0,0,0,*
H,10,16,7,3,26.29,25.5,27.3,52.32,43,58,1004,1004,1004,614.15,555.5,657.8,99,1.03,203,0,0,0,0,0,0,*
H,11,16,7,3,27.36,26.4,28.4,37.18,29,46,1004,1004,1004,703.25,594.4,759.4,82,0.94,203,0,0,0,0,0,0,*
H,12,16,7,3,28.22,27.7,29.3,28.32,26,30,1004,1004,1004,691.08,376.5,831.6,92,1.15,203,0,0,0,0,0,0,*
H,13,16,7,3,28.31,27.5,29.1,34.46,30,38,1003.99,1003,1004,431.65,321.9,844.9,114,0.58,203,0,0,0,0,0,0,*
H,14,16,7,3,28.78,27.8,29.6,32.19,28,37,1003.67,1003,1004,666.86,351.3,813.4,154,0.6,203,0,0,0,0,0,0,*
H,15,16,7,3,29.39,28.8,30.2,26.46,24,31,1003.02,1003,1004,567.39,355,757.7,160,0.73,203,0,0,0,0,0,0,*
H,16,16,7,3,29.33,28.7,30,21.06,18,25,1002.5,1002,1003,486.96,344.5,552.1,119,0.7,203,0,0,0,0,0,0,*
H,17,16,7,3,28.95,28.5,29.5,22.7,19,26,1002,1002,1002,316.45,188,437.4,112,0.47,202,0,0,0,0,0,0,*
H,18,16,7,3,28.72,28.3,29.2,27.28,24,32,1002,1002,1002,194.93,88.2,280.6,115,0.34,203,0,0,0,0,0,0,*
H,19,16,7,3,28.15,27.6,28.9,33.73,30,39,1002,1002,1002,108.22,62.2,231.3,108,0.26,203,0,0,0,0,0,0,*
H,20,16,7,3,26.96,25.9,27.8,49.09,38,71,1002.36,1002,1003,21.35,0,60.8,131,0.38,203,0,0,0,0,0,0,*
H,21,16,7,3,25.39,25.1,25.9,81.4,71,85,1003,1003,1003,3.09,0.9,4.1,145,0.39,203,0,0,0,0,0,0,*
H,22,16,7,3,25.04,24.8,25.3,83.82,83,85,1003.78,1003,1004,3.38,2.5,4.4,84,0.47,204,0,0,0,0,0,0,*
H,23,16,7,3,24.42,24,24.8,85.67,84,89,1003.98,1003,1004,3.42,2.6,4.4,12,0.3,203,0,0,0,0,0,0,*
H,0,17,7,3,23.57,23,24,90.87,89,93,1003.94,1003,1004,3.39,2.3,4.7,44,0.69,203,0,0,0,0,0,0,19.5,30.3,18,93,1002,1005,*
H,1,17,7,3,23.06,22.9,23.3,96.55,93,98,1004,1004,1004,3.32,2.3,4.4,71,0.32,203,0,0,0,0,0,0,*
H,2,17,7,3,23.3,23.2,23.5,98.98,98,99,1004,1004,1004,3.37,2,4.7,31,0.46,203,0,0,0,0,0,0,*
H,3,17,7,3,22.84,22.6,23.2,99,99,99,1004,1004,1004,3.4,2.3,4.4,23,0.32,204,0,0,0,0,0,0,*
H,4,17,7,3,22.42,22.3,22.7,99,99,99,1004,1004,1004,3.37,2.3,4.4,6,0.25,203,0,0,0,0,0,0,*
H,5,17,7,3,22.16,22.1,22.3,99,99,99,1004,1004,1004,3.44,0,11.8,4,0.13,203,0,0,0,0,0,0,*
H,6,17,7,3,22.43,22.1,23.1,99,99,99,1004,1004,1004,50.27,12.5,99.5,336,0.34,204,0,0,0,0,0,0,*
H,7,17,7,3,24.35,23.1,25.4,93.93,86,99,1004,1004,1004,168.71,99.8,237.4,316,0.39,203,0,0,0,0,0,0,*
H,8,17,7,3,26.09,25.2,26.8,79.13,72,86,1004,1004,1004,318.98,238.1,390.5,296,0.83,203,0,0,0,0,0,0,*
H,9,17,7,3,27.27,26.4,28,60.41,53,71,1004.87,1004,1005,435.27,214.8,534.2,98,1.34,203,0,0,0,0,0,0,*
H,10,17,7,3,28.09,27.5,29.1,46.3,35,56,1004.48,1004,1005,600.3,534.2,658.8,73,0.83,203,0,0,0,0,0,0,*
H,11,17,7,3,29,28.4,29.9,21.99,10,36,1004.01,1004,1005,681.07,482.6,786.7,71,0.79,203,0,0,0,0,0,0,*
H,12,17,7,3,29.8,28.9,30.8,11.31,10,16,1004,1004,1004,749.01,447.4,805.5,165,1.1,203,0,0,0,0,0,0,*
H,13,17,7,3,31.15,30.1,32.4,11.65,9,14,1003.15,1003,1004,775.38,753.8,792.1,237,0.9,203,0,0,0,0,0,0,*
H,14,17,7,3,31.87,30.9,32.8,13.14,10,17,1002.76,1002,1003,712.59,328.2,804.5,201,0.87,204,0,0,0,0,0,0,*
H,15,17,7,3,32.41,31.6,33.4,17.31,14,21,1002,1002,1002,675.89,313.2,753.8,232,0.6,203,0,0,0,0,0,0,*
H,16,17,7,3,32.23,31.7,33,14.64,12,20,1002,1002,1002,485.01,207.1,622,221,0.62,203,0,0,0,0,0,0,*
H,17,17,7,3,31.92,31.1,32.8,14.01,9,19,1002,1002,1002,271.43,103.3,505.3,243,0.5,203,0,0,0,0,0,0,*
H,18,17,7,3,31.3,30.9,31.7,11.47,10,16,1001.72,1001,1002,220.06,71.1,398.3,209,0.52,203,0,0,0,0,0,0,*
H,19,17,7,3,30.17,29.2,31.4,29.69,17,38,1001.39,1001,1002,82.28,24.9,181.4,150,0.49,203,0,0,0,0,0,0,*
H,20,17,7,3,28.49,27.1,29.1,42.5,26,53,1002.46,1002,1004,13.8,0,25.9,138,0.89,203,0,0,0,0,0,0,*
H,21,17,7,3,25.12,23.7,27.2,45.27,22,64,1004.19,1003,1005,3.52,2.3,4.7,46,0.36,204,0,0,0,0,0,0,*
H,22,17,7,3,21.36,20.2,23.7,83.58,63,98,1005.74,1004,1007,3.55,2.3,5.7,48,0.49,203,0,0,0,13.6,0,13.6,*
H,23,17,7,3,20.26,20,20.6,98.67,97,99,1006.86,1006,1007,3.31,2.3,4.4,97,1,203,0,0,0,5,0,5,*
H,0,18,7,3,20.27,20.1,20.6,99,99,99,1006.99,1006,1007,3.42,2.6,4.4,10,0.36,204,0,0,0,0,0,0,19.9,33.4,9,99,1001,1007,*
H,1,18,7,3,20.35,20.2,20.6,99,99,99,1006.45,1006,1007,3.4,2.6,4.7,334,0.33,202,0,0,0,0,0,0,*
H,2,18,7,3,20.07,19.7,20.5,99,99,99,1006.17,1006,1007,3.38,2.3,4.4,265,0.6,203,0,0,0,0,0,0,*
H,3,18,7,3,19.85,19.7,20,99,99,99,1006.07,1006,1007,3.36,2.3,4.7,221,0.55,203,0,0,0,0,0,0,*
H,4,18,7,3,19.57,19.1,20,99,99,99,1007,1007,1007,3.39,2.5,4.4,301,0.99,203,0,0,0,0,0,0,*
H,5,18,7,3,19.16,19,19.4,97.99,96,99,1007,1007,1007,4.61,0,19.3,4,0.2,204,0,0,0,0.2,0,0.2,*
H,6,18,7,3,19.74,19.1,20.7,91.98,87,96,1007.23,1007,1008,74.11,20.1,146.7,7,0.25,203,0,0,0,0,0,0,*
H,7,18,7,3,22.32,20.6,23.9,77.45,70,87,1008,1008,1008,229.02,147,313,351,0.36,203,0,0,0,0,0,0,*
H,8,18,7,3,24.28,23.6,25,61.96,58,73,1008,1008,1008,392.85,315.1,471.4,24,0.48,203,0,0,0,0,0,0,*
H,9,18,7,3,25.7,24.7,26.8,40.08,10,59,1008.97,1008,1009,483.43,68,611.9,35,0.43,204,0,0,0,0,0,0,*
H,10,18,7,3,26.85,26.2,27.5,13.16,9,22,1009,1009,1009,681.44,612.6,733.1,64,0.55,203,0,0,0,0,0,0,*
H,11,18,7,3,27.97,27.1,29.1,30,17,41,1009,1009,1009,777.28,732.7,821.4,85,0.54,203,0,0,0,0,0,0,*
H,12,18,7,3,28.73,27.9,29.5,40.85,34,47,1008.99,1008,1009,849.18,821.7,867.2,98,0.6,203,0,0,0,0,0,0,*
H,13,18,7,3,29.39,28.6,30.6,50.14,45,56,1008.24,1008,1009,860.78,842.5,874.4,92,0.55,203,0,0,0,0,0,0,*
H,14,18,7,3,30,29.2,30.9,52.17,49,55,1008,1008,1008,817.68,781.2,849.7,95,0.84,204,0,0,0,0,0,0,*
H,15,18,7,3,30.36,29.7,31,53.1,50,56,1008,1008,1008,727.55,667.2,781.9,107,0.8,203,0,0,0,0,0,0,*
H,16,18,7,3,30.47,29.7,31.6,53.72,51,56,1008,1008,1008,606.61,534.7,665.1,122,0.8,203,0,0,0,0,0,0,*
H,17,18,7,3,30.41,29.7,31.3,54.26,52,56,1008,1008,1008,461.64,387.2,533.3,122,0.57,203,0,0,0,0,0,0,*
H,18,18,7,3,30.57,30,31.2,56.18,54,58,1007.37,1007,1008,303.71,218.7,386.1,185,0.88,203,0,0,0,0,0,0,*
H,19,18,7,3,29.73,29.5,30.4,51.11,49,53,1007.38,1007,1008,139.93,68.5,217.6,151,0.26,203,0,0,0,0,0,0,*
H,20,18,7,3,28.86,27.7,29.6,47.36,40,51,1007.89,1007,1008,23.84,0,67.5,247,0.73,203,0,0,0,0,0,0,*
H,21,18,7,3,26.26,25.1,27.6,23.96,9,40,1008.52,1008,1009,3.29,0.2,4.4,285,0.04,204,0,0,0,0,0,0,*
H,22,18,7,3,24.72,24.1,25.3,22.75,10,36,1009,1009,1009,3.65,2.6,4.7,292,0.18,203,0,0,0,0,0,0,*
H,23,18,7,3,23.65,23.2,24.1,47.16,33,55,1009,1009,1009,3.5,2.6,4.6,359,0.41,204,0,0,0,0,0,0,*
H,0,19,7,3,23.21,22.8,23.6,47.85,45,50,1009.84,1009,1010,3.48,2.6,4.4,6,0.21,203,0,0,0,0,0,0,19,31.6,9,99,1006,1010,*
H,1,19,7,3,22.54,22.3,22.8,51.51,48,54,1010,1010,1010,3.43,2.3,4.4,14,0.18,203,0,0,0,0,0,0,*
H,2,19,7,3,22.37,22.1,22.7,49.22,46,54,1010,1010,1010,3.41,2.3,4.7,12,0.18,203,0,0,0,0,0,0,*
H,3,19,7,3,22.18,22.1,22.3,45.19,41,47,1010,1010,1011,3.44,2.3,4.7,11,0.18,203,0,0,0,0,0,0,*
H,4,19,7,3,22.03,21.8,22.3,35.75,32,41,1010.01,1010,1011,3.53,2.6,4.7,11,0.21,204,0,0,0,0,0,0,*
H,5,19,7,3,21.64,21.4,21.8,31.12,29,33,1010.41,1010,1011,3.89,0.2,14.6,12,0.2,203,0,0,0,0,0,0,*
H,6,19,7,3,21.87,21.5,22.6,28.4,24,30,1010.99,1010,1011,64.67,14.6,127.9,14,0.28,203,0,0,0,0,0,0,*
H,7,19,7,3,23.6,22.5,24.8,17.02,10,24,1011,1011,1011,205.15,127.9,286.7,20,0.28,204,0,0,0,0,0,0,*
H,8,19,7,3,25.39,24.7,25.9,12.36,9,16,1011,1011,1011,366.7,288,446.2,49,0.38,203,0,0,0,0,0,0,*
H,9,19,7,3,26.16,25.6,27,12.56,10,14,1011,1011,1011,468.2,99.2,593,83,0.67,203,0,0,0,0,0,0,*
H,10,19,7,3,27.31,26.7,28,12.88,9,18,1010.99,1010,1011,657.53,594.1,708.7,131,0.7,203,0,0,0,0,0,0,*
H,11,19,7,3,28.29,27.1,29.1,25.24,16,33,1010.17,1010,1011,752.64,708.7,818.2,151,0.98,203,0,0,0,0,0,0,*
H,12,19,7,3,28.92,28.1,29.7,36.21,30,40,1010,1010,1010,785.11,214.9,915.1,202,1.22,203,0,0,0,0,0,0,*
H,13,19,7,3,29.42,28.7,30.8,32.6,27,38,1009,1009,1010,708.45,222.5,949.7,217,0.75,203,0,0,0,0,0,0,*
H,14,19,7,3,29.89,29,30.7,37.09,30,41,1009,1009,1009,689.49,182.7,858.9,194,0.82,203,0,0,0,0,0,0,*
H,15,19,7,3,30.55,29.8,31.5,42.03,37,45,1008.88,1008,1009,702.11,597.3,774.4,215,0.72,202,0,0,0,0,0,0,*
H,16,19,7,3,30.7,29.9,31.5,41.82,40,43,1008,1008,1008,584.64,513.1,650.1,256,0.77,203,0,0,0,0,0,0,*
H,17,19,7,3,30.83,30,31.4,43.09,42,45,1008,1008,1008,443.43,368.3,513.1,209,0.58,203,0,0,0,0,0,0,*
H,18,19,7,3,30.45,29.9,30.9,43.8,42,45,1008,1008,1008,289.89,206,367.3,225,0.39,203,0,0,0,0,0,0,*
H,19,19,7,3,29.67,29.2,30.1,41.17,39,44,1008,1008,1008,129.23,59.1,205.7,229,0.3,203,0,0,0,0,0,0,*
H,20,19,7,3,28.44,27.4,29.3,35.97,29,40,1008,1008,1009,19.83,0,58.7,248,0.51,203,0,0,0,0,0,0,*
H,21,19,7,3,26.73,26,27.5,19.48,11,30,1008.54,1008,1009,3.31,1.3,4.7,297,0.22,203,0,0,0,0,0,0,*
H,22,19,7,3,25.6,24.7,26,14.55,9,25,1009,1009,1009,3.62,2.6,4.7,318,0.4,203,0,0,0,0,0,0,*
H,23,19,7,3,24.26,23.8,24.8,37.85,26,47,1009,1009,1009,3.48,2.6,4.4,280,0.81,203,0,0,0,0,0,0,*
H,0,20,7,3,23.33,22.4,23.7,51,46,61,1009.42,1009,1010,3.36,2.3,4.4,182,0.54,203,0,0,0,0,0,0,21.4,31.6,9,61,1008,1011,*
H,1,20,7,3,22.44,22.3,22.7,66.36,61,69,1009.95,1009,1010,3.45,2.3,4.7,23,0.41,203,0,0,0,0,0,0,*
H,2,20,7,3,23.05,22.6,23.3,63.75,61,68,1009.99,1009,1010,3.44,2.3,4.7,354,0.22,203,0,0,0,0,0,0,*
H,3,20,7,3,22.3,22,22.9,69.23,64,71,1009.41,1009,1010,3.53,2.3,4.7,12,0.26,204,0,0,0,0,0,0,*
H,4,20,7,3,21.76,21.5,22,70.21,69,72,1009.01,1009,1010,3.44,2.3,4.4,14,0.29,203,0,0,0,0,0,0,*
H,5,20,7,3,21.46,21.4,21.6,72.72,72,73,1009,1009,1009,3.47,0,12.3,347,0.25,203,0,0,0,0,0,0,*
H,6,20,7,3,21.96,21.4,22.5,68.11,63,73,1009,1009,1009,54.52,12.3,116.9,8,0.14,204,0,0,0,0,0,0,*
H,7,20,7,3,23.47,22.4,24.6,52.86,41,63,1009,1009,1009,191.4,117.6,267.5,22,0.39,203,0,0,0,0,0,0,*
H,8,20,7,3,25.22,24.6,25.8,27.77,18,40,1009,1009,1009,348.56,268.2,425.4,58,0.34,203,0,0,0,0,0,0,*
H,9,20,7,3,26.53,25.5,27.4,12.11,9,20,1009,1009,1009,454.32,122.4,567.4,80,0.45,203,0,0,0,0,0,0,*
H,10,20,7,3,27.51,26.9,28.4,10.19,9,12,1009,1009,1009,637.98,569.1,689.9,105,0.61,203,0,0,0,0,0,0,*
H,11,20,7,3,28.22,27.6,29.1,10.07,9,11,1008.2,1008,1009,735.79,688.9,777.8,89,0.87,203,0,0,0,0,0,0,*
H,12,20,7,3,29.21,28.2,30.2,14.29,9,20,1007.7,1007,1008,801.98,777.5,816.1,88,0.8,203,0,0,0,0,0,0,*
H,13,20,7,3,30.35,29.2,31.8,26.91,16,47,1006.94,1006,1007,808.22,768.5,828.4,37,1.4,203,0,0,0,0,0,0,*
H,14,20,7,3,31.65,30.6,33,45.35,42,49,1006,1006,1006,769.59,739.1,811,212,1.16,203,0,0,0,0,0,0,*
H,15,20,7,3,31.96,30.9,32.8,49.12,47,53,1005.94,1005,1006,692.26,637.4,743.2,237,0.96,203,0,0,0,0,0,0,*
H,16,20,7,3,32.13,30.8,32.9,45.45,30,53,1005,1005,1006,574.95,509.3,632.6,170,0.98,203,0,0,0,0,0,0,*
H,17,20,7,3,31.15,30.5,32.2,24.01,14,37,1005.01,1005,1006,407.57,331,508.3,154,0.5,203,0,0,0,0,0,0,*
H,18,20,7,3,30.17,29.7,30.8,15.59,12,19,1005,1005,1005,266.13,193.1,331,142,0.5,203,0,0,0,0,0,0,*
H,19,20,7,3,29.3,28.9,29.9,10.67,9,13,1005.2,1005,1006,120.69,58.1,192.3,152,0.47,203,0,0,0,0,0,0,*
H,20,20,7,3,28.04,27.4,29.1,26.35,11,38,1005.96,1005,1006,9.81,0,56.7,140,0.39,203,0,0,0,0,0,0,*
H,21,20,7,3,26.83,26.1,27.4,42.54,38,49,1006.01,1006,1007,3.23,1.6,4.4,136,0.27,203,0,0,0,0,0,0,*
H,22,20,7,3,25.71,25.5,26.1,53.96,49,57,1006.79,1006,1007,3.51,2,4.6,34,0.91,203,0,0,0,0,0,0,*
H,23,20,7,3,25.18,24.7,25.6,59.87,56,65,1007,1007,1007,3.55,2.5,4.6,34,0.34,204,0,0,0,0,0,0,*
H,0,21,7,3,24.44,24,24.7,68.29,65,72,1007,1007,1007,3.49,2.6,4.7,33,0.33,203,0,0,0,0,0,0,21.4,33.1,9,73,1005,1010,*
H,1,21,7,3,23.72,23.4,24,76.65,72,80,1007,1007,1007,3.4,2.3,4.4,273,0.21,203,0,0,0,0,0,0,*
H,2,21,7,3,23,22.7,23.4,83.11,80,86,1007,1007,1007,3.4,2.3,4.4,343,1.1,203,0,0,0,0,0,0,*
H,3,21,7,3,22.38,22.3,22.7,86.1,85,87,1007,1007,1007,3.48,2.6,4.4,17,0.31,203,0,0,0,0,0,0,*
H,4,21,7,3,22.15,21.7,22.3,83.95,83,86,1007,1007,1007,3.4,2.3,4.4,359,0.22,204,0,0,0,0,0,0,*
H,5,21,7,3,21.64,21.4,21.8,84.33,83,86,1007,1007,1007,3.38,0.2,11.8,11,0.2,203,0,0,0,0,0,0,*
H,6,21,7,3,22.17,21.6,22.9,83.99,80,86,1007.13,1007,1008,55.9,11.8,115.2,3,0.21,203,0,0,0,0,0,0,*
H,7,21,7,3,23.93,23,24.6,73.91,69,80,1008,1008,1008,187.72,116.2,262,46,0.58,203,0,0,0,0,0,0,*
H,8,21,7,3,24.89,24.4,25.8,67.49,65,70,1008,1008,1008,343.51,263.7,425,78,0.44,203,0,0,0,0,0,0,*
H,9,21,7,3,26.72,25.8,27.7,59.37,52,66,1008,1008,1008,451.61,122.4,571.2,101,0.69,203,0,0,0,0,0,0,*
H,10,21,7,3,28.45,27.4,29.6,42.33,21,53,1007.63,1007,1008,629.57,572.5,681.3,106,0.72,203,0,0,0,0,0,0,*
H,11,21,7,3,29.85,29,31,14.21,9,27,1007,1007,1007,720.92,681.3,759.3,106,0.79,203,0,0,0,0,0,0,*
H,12,21,7,3,31.36,30.4,32.6,26.03,12,47,1007,1007,1007,782.79,753.8,809.6,133,1.17,203,0,0,0,0,0,0,*
H,13,21,7,3,32.67,31.8,33.4,37.7,26,46,1006.28,1006,1007,743.28,274.1,802.4,208,0.76,203,0,0,0,0,0,0,*
H,14,21,7,3,32.91,32,33.7,35.1,24,41,1006,1006,1006,727.53,660.7,748,176,0.82,203,0,0,0,0,0,0,*
H,15,21,7,3,32.47,32,33.2,37.45,34,40,1006,1006,1006,667.85,615.5,709.6,143,0.59,203,0,0,0,0,0,0,*
H,16,21,7,3,32.27,31.7,33,34.2,28,37,1006,1006,1006,548.19,476.8,614.4,141,0.58,202,0,0,0,0,0,0,*
H,17,21,7,3,31.73,31.2,32.4,21.95,17,30,1006,1006,1006,403.21,252.2,475.8,135,0.43,203,0,0,0,0,0,0,*
H,18,21,7,3,30.68,29.9,31.5,12.56,9,19,1006,1006,1006,204.16,76.6,313.8,124,0.39,203,0,0,0,0,0,0,*
H,19,21,7,3,29.21,28.6,30,19.14,10,25,1006.1,1006,1007,67.27,29,114.4,140,0.56,203,0,0,0,0,0,0,*
H,20,21,7,3,27.79,27.1,28.8,41.1,25,51,1007,1007,1007,10.37,0,28.3,112,0.74,204,0,0,0,0,0,0,*
H,21,21,7,3,27.15,26.9,27.4,54.81,51,57,1007.74,1007,1009,3.31,2.3,4.4,195,1.2,203,0,0,0,0,0,0,*
H,22,21,7,3,27.18,25.7,27.5,38.54,20,52,1009,1009,1009,3.59,2.5,4.8,355,0.35,203,0,0,0,0,0,0,*
H,23,21,7,3,25.02,24.7,25.7,40.18,32,44,1008.82,1008,1009,3.54,2.3,4.4,11,0.4,203,0,0,0,0,0,0,*
H,0,22,7,3,24.24,23.6,24.8,54.29,44,64,1009.29,1009,1010,3.49,2.6,5.1,10,0.44,203,0,0,0,0,0,0,21.4,33.8,9,87,1005,1010,*
H,1,22,7,3,22.87,22.2,23.8,72.86,65,82,1009.88,1009,1010,3.52,2.3,5.1,23,0.53,203,0,0,0,0.2,0,0.2,*
H,2,22,7,3,21.8,21.4,22.3,85.3,81,89,1009,1009,1009,3.33,2,4.4,121,0.5,203,0,0,0,0,0,0,*
H,3,22,7,3,21.54,21.3,21.8,88.71,88,90,1008.02,1008,1009,3.38,2.3,4.7,336,1.12,204,0,0,0,0,0,0,*
H,4,22,7,3,21.06,20.7,21.7,91.71,89,95,1008.45,1008,1009,3.35,2.3,4.4,111,1.3,203,0,0,0,0,0,0,*
H,5,22,7,3,20.83,20.6,21.2,95.32,94,96,1009.02,1009,1010,3.82,0,14.6,160,0.91,203,0,0,0,0,0,0,*
H,6,22,7,3,21.29,20.8,21.8,92.55,91,94,1009.27,1008,1010,15,4.4,35.5,153,1.06,203,0,0,0,0,0,0,*
H,7,22,7,3,22.01,20.8,23.2,90.25,83,94,1008.96,1008,1009,139.8,24.2,262.7,283,1.21,203,0,0,0,0,0,0,*
H,8,22,7,3,24.39,23.1,25.9,73.86,61,83,1009.07,1009,1010,339.8,262.7,419.1,260,0.75,203,0,0,0,0,0,0,*
H,9,22,7,3,26.69,25.7,27.5,34.9,11,61,1009.31,1009,1010,452.38,132.9,570.1,281,0.87,203,0,0,0,0,0,0,*
H,10,22,7,3,27.97,26.9,29.6,11.44,9,15,1009,1009,1009,634.71,571.5,685.1,208,0.69,203,0,0,0,0,0,0,*
H,11,22,7,3,29.69,28.9,30.6,25.44,12,34,1009,1009,1009,726.6,685.5,767.6,219,0.78,202,0,0,0,0,0,0,*
H,12,22,7,3,30.73,29.8,31.8,37.14,32,41,1008.36,1008,1009,797.02,765.8,818.9,239,0.55,203,0,0,0,0,0,0,*
H,13,22,7,3,31.81,31,32.8,38.85,36,45,1007.9,1007,1008,797.93,771.6,812.7,241,0.7,203,0,0,0,0,0,0,*
H,14,22,7,3,32.72,31.8,33.7,42.14,36,49,1007,1007,1007,756.47,710,784.6,247,0.58,203,0,0,0,0,0,0,*
H,15,22,7,3,33.21,32.4,34.3,43.94,33,51,1006.7,1006,1007,667.17,595,716.5,166,0.81,203,0,0,0,0,0,0,*
H,16,22,7,3,32.8,32.2,33.5,40.02,38,42,1006,1006,1006,549.17,480.9,597.3,142,0.56,203,0,0,0,0,0,0,*
H,17,22,7,3,32.51,31.8,33.6,27.25,16,40,1006,1006,1006,408.72,338.5,477.8,148,0.49,203,0,0,0,0,0,0,*
H,18,22,7,3,31.58,30.9,32.3,16.64,13,21,1005.99,1005,1006,265.17,188.6,337.5,151,0.46,203,0,0,0,0,0,0,*
H,19,22,7,3,30.49,29.8,31.2,15.78,13,18,1006,1006,1006,119.89,59.1,188.6,158,0.44,203,0,0,0,0,0,0,*
H,20,22,7,3,28.9,28.1,29.8,14.19,9,24,1006,1006,1006,18.75,0,57.9,126,0.52,203,0,0,0,0,0,0,*
H,21,22,7,3,27.27,26.6,28.2,23.89,17,33,1006,1006,1006,3.31,2,4.4,154,0.59,203,0,0,0,0,0,0,*
H,22,22,7,3,26.35,26,26.6,39.49,33,46,1006.71,1006,1007,3.52,2.5,4.6,39,1.09,203,0,0,0,0,0,0,*
H,23,22,7,3,25.76,25.5,26,47.54,46,49,1007,1007,1007,3.56,2.6,4.6,15,0.21,204,0,0,0,0,0,0,*
H,0,23,7,3,24.96,24.6,25.6,55.74,49,65,1007,1007,1007,3.59,2.6,4.6,14,0.17,203,0,0,0,0,0,0,20.6,34.3,9,96,1005,1010,*
H,1,23,7,3,24.18,23.9,24.6,71.14,65,75,1007,1007,1007,3.48,2.6,4.4,10,0.17,203,0,0,0,0,0,0,*
H,2,23,7,3,23.85,23.8,24,75.95,75,76,1006.63,1006,1007,3.49,2.3,4.4,12,0.29,203,0,0,0,0,0,0,*
H,3,23,7,3,23.3,23.1,23.8,78.19,76,80,1006,1006,1006,3.45,2.3,4.7,10,0.16,203,0,0,0,0,0,0,*
H,4,23,7,3,23.53,23.1,23.9,76.92,74,81,1006,1006,1006,3.42,2.3,4.4,6,0.3,204,0,0,0,0,0,0,*
H,5,23,7,3,23.29,22.9,23.6,75.24,74,78,1006,1006,1006,2.52,0,4.7,46,0.55,203,0,0,0,0,0,0,*
H,6,23,7,3,22.96,22.7,23.4,77.78,75,79,1006,1006,1006,40.44,2.3,94,19,0.32,203,0,0,0,0,0,0,*
H,7,23,7,3,23.9,23.4,24.4,63.94,50,75,1006,1006,1006,160.16,94.4,237.4,49,0.5,203,0,0,0,0,0,0,*
H,8,23,7,3,25.14,24.3,26.4,36.85,27,50,1006,1006,1006,318.31,205.9,430.9,58,0.32,204,0,0,0,0,0,0,*
