H,15,23,12,4,4.15,3.8,4.6,43.16,38,47,1008.49,1008,1009,169.96,102.5,237,128,0.47,218,0,0,0,0,0,0,*
H,16,23,12,4,3.77,3.3,4.4,37.71,35,39,1008,1008,1008,78.62,29.6,133.5,125,0.28,204,0,0,0,0,0,0,*
H,17,23,12,4,2.76,2.1,3.3,31.4,25,36,1007.31,1007,1008,7.37,0.2,29,110,0.03,204,0,0,0,0,0,0,*
H,18,23,12,4,1.26,0.6,2.2,15.33,9,25,1007,1007,1007,3.54,2.3,5.4,131,0.38,204,0,0,0,0,0,0,*
H,19,23,12,4,0.4,0,0.9,31.31,19,42,1007,1007,1007,3.98,3,5,159,0,204,0,0,0,0,0,0,*
H,20,23,12,4,-0.41,-0.8,0,50.79,41,62,1007,1007,1007,4.05,3.3,5,176,0.75,204,0,0,0,0,0,0,*
H,21,23,12,4,-0.63,-1,-0.4,60.61,58,63,1007,1007,1007,4.37,3.3,5.7,356,0.13,204,0,0,0,0,0,0,*
H,22,23,12,4,-1.12,-1.7,-0.8,60.66,59,62,1007.16,1007,1008,4.37,3,5.7,346,0.38,204,0,0,0,0,0,0,*
H,23,23,12,4,-1.95,-2,-1.7,66.19,63,68,1007.5,1007,1008,4.55,3.7,5.7,334,0.26,204,0,0,0,0,0,0,*
H,0,24,12,4,-2.25,-2.7,-1.9,70.03,68,73,1008,1008,1008,4.53,3.7,5.7,343,0.25,204,0,0,0,0,0,0,-3.4,4.6,9,73,1007,1012,*
H,1,24,12,4,-2.37,-2.5,-2.2,71.78,69,74,1007.65,1007,1008,4.53,3.3,5.7,3,0.1,203,0,0,0,0,0,0,*
H,2,24,12,4,-2.48,-3,-2.3,68.24,67,69,1007.17,1007,1008,4.63,3.7,5.7,352,0.06,204,0,0,0,0,0,0,*
H,3,24,12,4,-2.88,-3.1,-2.5,72.09,69,73,1007.61,1007,1008,4.61,3.7,5.7,335,0.25,204,0,0,0,0,0,0,*
H,4,24,12,4,-2.44,-2.8,-2.1,65.4,58,71,1007,1007,1008,4.56,3,5.4,321,0.15,204,0,0,0,0,0,0,*
H,5,24,12,4,-2.11,-2.5,-1.9,54.07,52,58,1007,1007,1007,4.58,3.7,5.7,316,0.18,203,0,0,0,0,0,0,*
H,6,24,12,4,-2.33,-2.6,-2.2,53.31,52,55,1007,1007,1007,4.49,3.3,5.4,313,0.21,204,0,0,0,0,0,0,*
H,7,24,12,4,-2.2,-2.4,-1.9,52.49,52,55,1007,1007,1007,4.57,3.7,5.7,315,0.18,204,0,0,0,0,0,0,*
H,8,24,12,4,-2.29,-2.7,-2.1,52.96,52,54,1007,1007,1007,3.29,0,6.4,321,0.54,204,0,0,0,0,0,0,*
H,9,24,12,4,-2.47,-2.9,-1.7,57.46,53,59,1007.97,1007,1008,30.71,6.7,73.1,306,0.36,203,0,0,0,0,0,0,*
H,10,24,12,4,-0.57,-1.7,0.6,51.81,48,57,1008,1008,1008,112.32,75.5,164.1,339,0.2,204,0,0,0,0,0,0,*
H,11,24,12,4,1.09,0.6,2,47,45,51,1008,1008,1008,169,127.8,225,286,0.36,203,0,0,0,0,0,0,*
H,12,24,12,4,2.05,1.8,2.8,52.44,50,54,1008,1008,1008,146.5,94.7,317.7,240,0.41,204,0,0,0,0,0,0,*
H,13,24,12,4,3.99,2.7,5,48.5,32,54,1007.08,1007,1008,244.14,133.3,328.9,242,0.3,204,0,0,0,0,0,0,*
H,14,24,12,4,5.01,4.7,5.3,29.02,25,32,1007,1007,1007,189.37,122.4,273.9,236,0.31,203,0,0,0,0,0,0,*
H,15,24,12,4,4.51,4.2,5,38.71,32,43,1006.29,1006,1007,92.94,80,125.8,232,0.26,204,0,0,0,0,0,0,*
H,16,24,12,4,3.94,3.7,4.2,44.12,43,46,1006,1006,1007,52.25,27.6,85.4,226,0.2,204,0,0,0,0,0,0,*
H,17,24,12,4,3.33,3,3.7,48.44,46,53,1006.95,1006,1007,6.78,0,27.9,260,0.24,204,0,0,0,0,0,0,*
H,18,24,12,4,2.6,2.3,3,56.58,53,60,1006.75,1006,1007,3.73,2.6,4.7,248,0.37,204,0,0,0,0,0,0,*
H,19,24,12,4,2.48,2.3,2.7,60.92,60,62,1007,1007,1007,3.86,3,5,281,0.33,204,0,0,0,0,0,0,*
H,20,24,12,4,2.54,2,2.9,60.39,59,63,1007,1007,1007,3.97,3,5,278,0.64,204,0,0,0,0,0,0,*
H,21,24,12,4,1.85,1.7,2.1,68.24,63,71,1007,1007,1007,3.86,3,5,292,0.4,203,0,0,0,0,0,0,*
H,22,24,12,4,2.02,1.6,2.3,67.18,65,70,1007,1007,1007,3.94,3,5,2,0.43,205,0,0,0,0,0,0,*
H,23,24,12,4,1.69,1.6,1.9,63.74,63,65,1007,1007,1007,3.95,3.3,5,21,0.43,204,0,0,0,0,0,0,*
H,0,25,12,4,1.82,1.7,2,64.09,63,66,1006.81,1006,1007,3.9,2.6,5,179,1.25,204,0,0,0,0,0,0,-3.1,5.3,25,74,1006,1008,*
H,1,25,12,4,1.97,1.9,2.1,65.3,64,67,1006.06,1006,1007,3.86,2.6,4.7,280,0.51,204,0,0,0,0,0,0,*
H,2,25,12,4,2.14,2,2.3,62.79,62,64,1006,1006,1006,3.86,3,5,329,0.27,204,0,0,0,0,0,0,*
H,3,25,12,4,2.01,1.8,2.2,65.37,63,68,1005.16,1005,1006,3.92,3,5,350,0.24,204,0,0,0,0,0,0,*
H,4,25,12,4,2.14,1.8,2.5,63,56,69,1004.78,1004,1005,3.89,3,5,0,0.2,204,0,0,0,0,0,0,*
H,5,25,12,4,2.62,2.5,2.9,53.2,50,56,1004,1004,1004,3.85,3,4.7,358,0.42,204,0,0,0,0,0,0,*
H,6,25,12,4,3.23,2.9,3.4,41.72,39,50,1004,1004,1004,3.86,2.6,5,331,0.25,205,0,0,0,0,0,0,*
H,7,25,12,4,3.35,3.2,3.5,37.96,37,40,1003.47,1003,1004,3.81,3,4.7,347,0.27,204,0,0,0,0,0,0,*
H,8,25,12,4,3.38,3.2,3.6,43.27,39,48,1003,1003,1003,3.39,1.3,4.7,0,0.11,204,0,0,0,0,0,0,*
H,9,25,12,4,3.33,3.2,3.5,51.21,48,54,1003,1003,1003,5.54,0,11.1,355,0.21,204,0,0,0,0,0,0,*
H,10,25,12,4,3.94,3.4,4.3,53.75,52,55,1003.25,1003,1004,31.52,11.1,58.7,342,0.34,204,0,0,0,0,0,0,*
H,11,25,12,4,4.65,4.3,5,53.31,52,54,1003.13,1003,1004,61.77,50.9,77.2,354,0.42,204,0,0,0,0,0,0,*
H,12,25,12,4,5.09,4.9,5.3,53.97,52,58,1003,1003,1003,58.1,37.2,70.4,338,0.31,204,0,0,0,0,0,0,*
H,13,25,12,4,5.28,5.1,5.7,61.24,57,65,1001.59,1001,1003,83.75,37.9,129.9,358,0.31,204,0,0,0,0,0,0,*
H,14,25,12,4,5.66,5.5,5.9,55.68,54,59,1001,1001,1001,37.69,16.3,106.6,6,0.29,204,0,0,0,0,0,0,*
H,15,25,12,4,5.34,5.2,5.5,58.24,55,60,1000.6,1000,1001,17.3,10.9,26.3,12,0.21,204,0,0,0,0,0,0,*
H,16,25,12,4,5.12,5,5.3,62,59,63,1000,1000,1000,8.78,0.2,17,0,0.25,204,0,0,0,0,0,0,*
H,17,25,12,4,4.87,4.8,5,64.29,63,65,999.63,999,1000,2.19,0,4,358,0.21,204,0,0,0,0,0,0,*
H,18,25,12,4,4.74,4.7,4.8,65.17,64,67,999,999,999,3.58,2.6,4.7,6,0.17,205,0,0,0,0,0,0,*
H,19,25,12,4,4.56,4.5,4.7,69.84,67,73,998.7,998,999,3.63,2.6,5,22,0.3,204,0,0,0,0,0,0,*
H,20,25,12,4,4.93,4.6,5.1,72.67,72,74,998,998,998,3.62,2.6,4.4,9,0.17,204,0,0,0,0,0,0,*
H,21,25,12,4,5.11,4.9,5.3,74.86,73,77,997.72,997,998,3.62,3,4.7,13,0.28,205,0,0,0,0,0,0,*
H,22,25,12,4,5.23,5,5.4,77.95,77,78,997,997,997,3.56,2.6,4.7,21,0.27,204,0,0,0,0,0,0,*
H,23,25,12,4,5.66,5.3,5.9,80.46,78,84,996,995,997,3.63,3,4.7,13,0.21,205,0,0,0,0,0,0,*
H,0,26,12,4,5.47,5.3,5.7,90.62,84,97,995.27,995,996,3.56,2.6,4.7,21,0.21,204,0,0,0,0,0,0,1.8,5.9,37,97,995,1007,*
H,1,26,12,4,5.52,5.3,5.8,98.78,97,99,994.46,993,995,3.61,2.6,4.7,25,0.27,204,0,0,0,0.2,0,0.2,*
H,2,26,12,4,5.96,5.8,6.3,99,99,99,993.43,993,994,3.6,2.6,4.7,13,0.24,204,0,0,0,0,0,0,*
H,3,26,12,4,6.65,6.3,7,99,99,99,992.97,992,993,3.5,2.6,4.4,23,0.74,205,0,0,0,0,0,0,*
H,4,26,12,4,7.14,6.8,7.6,99,99,99,992.02,992,993,3.48,2.3,4.7,62,0.51,204,0,0,0,0,0,0,*
H,5,26,12,4,7.35,7.3,7.6,99,99,99,991.14,990,992,3.46,2.3,4.7,46,0.25,205,0,0,0,0.2,0,0.2,*
H,6,26,12,4,7.21,7,7.4,99,99,99,990,990,990,3.49,2.3,4.7,22,0.3,204,0,0,0,0,0,0,*
H,7,26,12,4,7.04,7,7.2,99,99,99,989.5,989,990,3.47,1.9,4.4,28,0.25,205,0,0,0,0,0,0,*
H,8,26,12,4,7.09,7,7.2,99,99,99,988.56,988,989,3.35,1.9,4.7,23,0.31,205,0,0,0,0,0,0,*
H,9,26,12,4,7.04,7,7.2,99,99,99,988,988,988,2.56,0,8.8,35,0.31,204,0,0,0,0,0,0,*
H,10,26,12,4,7.35,7.1,7.5,99,99,99,987.75,987,988,21.2,5,45,17,0.3,205,0,0,0,0,0,0,*
H,11,26,12,4,7.55,7.5,7.6,99,99,99,986.58,986,987,16.18,5.7,39.3,16,0.33,204,0,0,0,0.2,0,0.2,*
H,12,26,12,4,7.64,7.5,7.7,99,99,99,985.34,985,986,15.84,5,27.2,25,0.32,204,0,0,0,0,0,0,*
H,13,26,12,4,7.82,7.7,7.9,99,99,99,984.46,984,985,19.62,9.5,44.7,37,0.28,204,0,0,0,0,0,0,*
H,14,26,12,4,8.16,7.9,8.5,99,99,99,983.98,983,984,40.92,23.5,64.9,34,0.29,205,0,0,0,0,0,0,*
H,15,26,12,4,8.65,8.5,8.7,99,99,99,984.14,984,985,38.11,9.5,71.4,33,0.31,204,0,0,0,0,0,0,*
H,16,26,12,4,8.61,8.6,8.7,99,99,99,985.26,985,986,26.8,9.5,50,44,0.35,204,0,0,0,0,0,0,*
H,17,26,12,4,8.42,8.3,8.6,98.8,98,99,986.2,986,987,2.87,0,10.7,70,0.31,205,0,0,0,0,0,0,*
H,18,26,12,4,8.18,7.8,8.4,97.17,96,99,987.15,987,988,3.45,1.6,5,60,0.28,204,0,0,0,0.2,0,0.2,*
H,19,26,12,4,7.45,7,7.8,99,99,99,988.16,987,989,3.56,2.6,4.7,55,0.29,204,0,0,0,0,0,0,*
H,20,26,12,4,7.04,7,7.1,99,99,99,989,989,989,3.49,2.3,4.7,38,0.29,205,0,0,0,0,0,0,*
H,21,26,12,4,7.17,7,7.3,99,99,99,989.09,989,990,3.48,2.3,4.7,18,0.29,204,0,0,0,0,0,0,*
H,22,26,12,4,7.71,7.3,8.1,99,99,99,989.72,989,990,3.47,2.3,4.7,11,0.22,205,0,0,0,0,0,0,*
H,23,26,12,4,8.02,7.9,8.2,99,99,99,990,990,990,3.47,1.9,4.7,17,0.22,204,0,0,0,0,0,0,*
H,0,27,12,4,7.85,7.7,8,99,99,99,990,990,990,3.54,1.9,5,1,0.18,205,0,0,0,0,0,0,5.3,8.7,96,99,983,995,*
H,1,27,12,4,7.46,7.3,7.7,99,99,99,990,990,990,3.52,2.3,5,5,0.21,204,0,0,0,0,0,0,*
H,2,27,12,4,7.46,7.2,7.7,99,99,99,990,990,990,3.47,2.3,4.4,349,0.43,204,0,0,0,0.2,0,0.2,*
H,3,27,12,4,7.6,7.2,8.9,99,99,99,990,990,990,3.34,2.3,4.7,49,0.91,205,0,0,0,0,0,0,*
H,4,27,12,4,8.44,7.9,9.1,99,99,99,990.66,990,991,3.5,2.3,4.7,37,0.27,204,0,0,0,0,0,0,*
H,5,27,12,4,7.72,7.5,8,99,99,99,991.06,991,992,3.4,1.9,4.7,15,0.33,205,0,0,0,0,0,0,*
H,6,27,12,4,7.48,7.4,7.6,99,99,99,991.3,991,992,3.46,2.3,4.7,13,0.27,204,0,0,0,0,0,0,*
H,7,27,12,4,7.33,7.2,7.4,99,99,99,991.27,991,992,3.44,2.3,4.7,12,0.29,205,0,0,0,0,0,0,*
H,8,27,12,4,7.36,7.3,7.4,99,99,99,991.72,991,992,3.4,2.3,4.7,8,0.23,204,0,0,0,0,0,0,*
H,9,27,12,4,7.36,7.3,7.4,99,99,99,992.8,992,994,2.43,0,5.4,7,0.18,205,0,0,0,0,0,0,*
H,10,27,12,4,7.5,7.4,7.6,99,99,99,994.05,993,995,4.47,1.9,7.1,7,0.24,204,0,0,0,0,0,0,*
H,11,27,12,4,7.55,7.4,7.7,99,99,99,994.99,994,995,13.44,6,21.1,10,0.3,205,0,0,0,0,0,0,*
H,12,27,12,4,7.63,7.5,7.8,99,99,99,995.86,995,996,37.14,20.4,66.6,14,0.31,204,0,0,0,0,0,0,*
H,13,27,12,4,7.61,7.5,7.7,99,99,99,996.04,996,997,71.22,63.9,80.7,15,0.32,204,0,0,0,0.2,0,0.2,*
H,14,27,12,4,7.71,7.6,7.9,99,99,99,997.2,997,998,54.67,35.3,75.1,39,0.3,204,0,0,0,0,0,0,*
H,15,27,12,4,7.91,7.8,8.1,99,99,99,998,998,998,98.53,48.1,148.7,21,0.39,204,0,0,0,0,0,0,*
H,16,27,12,4,7.67,7.4,7.9,99,99,99,998.65,998,999,27.81,7.4,48.8,26,0.31,205,0,0,0,0,0,0,*
H,17,27,12,4,7.44,7.4,7.6,99,99,99,999.74,999,1000,2.62,0,7.8,23,0.56,204,0,0,0,0,0,0,*
H,18,27,12,4,7.35,7.3,7.5,99,99,99,1000,1000,1000,3.47,2.3,4.7,53,1.04,204,0,0,0,0,0,0,*
H,19,27,12,4,7.29,7.2,7.4,99,99,99,1000.8,1000,1001,3.47,2.3,4.7,20,0.38,204,0,0,0,0,0,0,*
H,20,27,12,4,7.3,7.3,7.3,99,99,99,1001,1001,1002,3.51,2.3,5,9,0.21,205,0,0,0,0,0,0,*
H,21,27,12,4,7.41,7.3,7.6,99,99,99,1001.83,1001,1002,3.46,2.6,5,28,0.38,204,0,0,0,0,0,0,*
H,22,27,12,4,7.63,7.6,7.7,99,99,99,1002.25,1002,1003,3.49,2.3,4.7,33,0.35,204,0,0,0,0,0,0,*
H,23,27,12,4,7.32,7.1,7.6,99,99,99,1003,1003,1003,3.47,2.3,4.7,37,0.29,204,0,0,0,0,0,0,*
H,0,28,12,4,6.98,6.9,7.1,99,99,99,1003.52,1003,1004,3.53,2.6,5,39,0.31,205,0,0,0,0,0,0,6.9,9.1,99,99,990,1004,*
H,1,28,12,4,6.76,6.6,6.9,99,99,99,1003.28,1003,1004,3.59,2.6,4.7,37,0.28,203,0,0,0,0.2,0,0.2,*
H,2,28,12,4,6.6,6.6,6.7,99,99,99,1003.09,1003,1004,3.49,2.6,4.4,35,0.31,205,0,0,0,0,0,0,*
H,3,28,12,4,6.42,6.2,6.6,99,99,99,1003.23,1003,1004,3.52,2.6,4.4,42,0.27,204,0,0,0,0,0,0,*
H,4,28,12,4,6.2,6.2,6.3,99,99,99,1003,1003,1003,3.52,2.6,4.7,33,0.34,204,0,0,0,0,0,0,*
H,5,28,12,4,6.21,6.2,6.3,99,99,99,1002.95,1002,1003,3.52,2.6,5,19,0.31,204,0,0,0,0,0,0,*
H,6,28,12,4,6.2,6.2,6.3,99,99,99,1002,1002,1002,3.55,2.3,4.4,21,0.28,204,0,0,0,0,0,0,*
H,7,28,12,4,6.27,6.2,6.4,99,99,99,1002,1002,1002,3.5,2.6,4.7,24,0.4,205,0,0,0,0,0,0,*
H,8,28,12,4,6.3,6.2,6.4,99,99,99,1001.61,1001,1002,2.93,0,4.7,9,0.31,204,0,0,0,0,0,0,*
H,9,28,12,4,6.3,6.2,6.5,99,99,99,1001,1001,1001,13.53,0,40.6,24,0.26,204,0,0,0,0,0,0,*
H,10,28,12,4,6.55,6.3,7.2,99,99,99,1001,1001,1001,87.97,20.1,292,26,0.29,204,0,0,0,0,0,0,*
H,11,28,12,4,7.95,7,8.6,95.82,92,99,1000.87,1000,1001,220.22,85.3,353.9,23,0.41,204,0,0,0,0,0,0,*
H,12,28,12,4,8.69,8,9,90.96,86,95,999.52,999,1000,314.92,274.9,343,21,0.4,204,0,0,0,0,0,0,*
H,13,28,12,4,9.27,8.8,9.9,86.14,85,87,998.61,998,999,343.81,268.5,450.2,57,0.59,204,0,0,0,0,0,0,*
H,14,28,12,4,9.53,9.2,9.8,86.2,84,90,997.91,997,998,121.39,72.8,315.7,75,0.87,204,0,0,0,0.2,0,0.2,*
H,15,28,12,4,9.36,9.2,9.5,89.43,89,91,997,997,997,74.86,38.9,148.8,114,0.38,204,0,0,0,0,0,0,*
H,16,28,12,4,9.29,9.1,9.4,90.55,89,92,997,997,997,26.71,5.7,59.6,116,0,204,0,0,0,0,0,0,*
H,17,28,12,4,8.77,8.4,9.1,95,92,98,997,997,997,2.55,0,7.8,115,0.04,205,0,0,0,0,0,0,*
H,18,28,12,4,8.25,8.2,8.4,98.96,98,99,997,997,997,3.33,2.5,4.4,72,0.48,204,0,0,0,0,0,0,*
H,19,28,12,4,8.04,7.8,8.3,98.83,98,99,996.23,996,997,3.43,2.3,4.4,299,0.87,204,0,0,0,0,0,0,*
H,20,28,12,4,7.65,7.3,8,98.89,98,99,996,996,996,3.46,2.3,5,24,0.29,205,0,0,0,0,0,0,*
H,21,28,12,4,7.19,7,7.4,99,99,99,996,996,996,3.53,1.9,4.7,30,0.3,204,0,0,0,0,0,0,*
H,22,28,12,4,6.91,6.8,7,99,99,99,996.6,996,997,3.48,2.3,4.7,33,0.32,205,0,0,0,0,0,0,*
H,23,28,12,4,6.54,6.4,6.8,99,99,99,997,997,997,3.54,1.9,4.4,32,0.25,204,0,0,0,0,0,0,*
H,0,29,12,4,6.27,6.1,6.5,99,99,99,997.44,997,998,3.58,2.6,5,30,0.2,205,0,0,0,0,0,0,6.1,10,84,99,996,1004,*
H,1,29,12,4,5.96,5.9,6.1,99,99,99,998,998,998,3.58,2.6,4.4,30,0.23,204,0,0,0,0,0,0,*
H,2,29,12,4,5.83,5.8,5.9,99,99,99,998,998,998,3.56,2.6,4.7,10,0.18,204,0,0,0,0,0,0,*
H,3,29,12,4,5.75,5.5,5.9,99,99,99,998.87,998,999,3.62,2.3,4.4,19,0.3,205,0,0,0,0,0,0,*
H,4,29,12,4,5.56,5.5,5.6,99,99,99,999.31,999,1000,3.68,3,4.7,19,0.29,204,0,0,0,0,0,0,*
H,5,29,12,4,5.53,5.5,5.6,99,99,99,1000,1000,1000,3.69,3,4.7,44,0.5,205,0,0,0,0,0,0,*
H,6,29,12,4,5.85,5.6,6,96.15,95,99,1000.34,1000,1001,3.71,3,4.7,28,0.48,204,0,0,0,0,0,0,*
H,7,29,12,4,5.41,5.3,5.6,98.71,97,99,1001,1001,1001,3.72,2.6,4.7,342,0.17,204,0,0,0,0,0,0,*
H,8,29,12,4,5.64,5.5,5.8,99,99,99,1001.99,1001,1002,2.97,0,4.7,346,0.25,204,0,0,0,0,0,0,*
H,9,29,12,4,5.52,5.4,5.6,99,99,99,1002.85,1002,1003,9.57,0.6,23.5,359,0.1,204,0,0,0,0.2,0,0.2,*
H,10,29,12,4,5.85,5.5,6.3,98.86,98,99,1003.93,1003,1004,59.69,23.5,85.4,358,0.25,205,0,0,0,0,0,0,*
H,11,29,12,4,7.01,6.3,7.4,97.31,96,98,1004.98,1004,1005,107.11,83,124.4,309,0.73,203,0,0,0,0,0,0,*
H,12,29,12,4,8.02,7.3,8.8,94.6,93,96,1005.38,1005,1006,135.63,120.3,155.9,299,0.28,204,0,0,0,0,0,0,*
H,13,29,12,4,9.51,8.7,10.2,79.96,61,93,1006,1006,1006,192.32,157,324.9,250,0.39,204,0,0,0,0,0,0,*
H,14,29,12,4,9.77,9.6,10.1,47.96,38,59,1006,1006,1006,139.23,124.5,163.5,221,0.36,203,0,0,0,0,0,0,*
H,15,29,12,4,9.44,9.1,9.9,62.88,58,67,1006.92,1006,1007,104.93,86,132,201,0.22,204,0,0,0,0,0,0,*
H,16,29,12,4,8.88,8.6,9.3,57.67,56,61,1007.66,1007,1008,52.72,21.1,89.4,207,0.52,204,0,0,0,0,0,0,*
H,17,29,12,4,7.98,7.1,8.6,64.75,58,75,1008.56,1008,1009,6.53,0,21.5,258,0.24,204,0,0,0,0,0,0,*
H,18,29,12,4,6.41,5.7,7.1,80.86,75,87,1009.68,1009,1010,3.26,2.3,4.7,106,0.9,204,0,0,0,0,0,0,*
H,19,29,12,4,5.69,5.1,6.5,88.52,86,92,1011.21,1010,1012,3.42,1.9,4.7,74,0.37,204,0,0,0,0,0,0,*
H,20,29,12,4,4.91,4,5.9,93.43,89,97,1012.4,1012,1013,3.6,1.9,5,5,0.38,205,0,0,0,0,0,0,*
H,21,29,12,4,4.12,3.6,4.8,93.38,88,98,1013.43,1013,1014,3.57,2.6,4.4,134,0.91,204,0,0,0,0,0,0,*
H,22,29,12,4,4.06,3.4,4.7,78.65,67,92,1014.28,1014,1015,3.4,1.9,4.7,103,1.34,204,0,0,0,0,0,0,*
H,23,29,12,4,3,2.5,3.8,91.94,88,94,1015.1,1015,1016,3.78,2.6,5,303,0.12,204,0,0,0,0,0,0,*
H,0,30,12,4,1.91,1.3,2.6,92.69,91,94,1016,1016,1016,3.87,3,4.7,273,0.45,204,0,0,0,0,0,0,1.3,10.3,38,99,997,1016,*
H,1,30,12,4,1.18,0.9,1.5,95.01,93,96,1016.55,1016,1017,3.8,2.6,4.7,228,0.5,203,0,0,0,0,0,0,*
H,2,30,12,4,1.37,1,1.8,89.79,86,95,1017,1017,1017,3.98,2.6,5,264,0.28,204,0,0,0,0,0,0,*
H,3,30,12,4,0.39,0,1,91.57,90,94,1017.06,1017,1018,4.1,2.6,5.4,269,0.74,205,0,0,0,0,0,0,*
H,4,30,12,4,-0.09,-0.3,0,92.24,90,94,1018,1018,1018,4.17,2.6,5.4,296,0.56,204,0,0,0,0,0,0,*
H,5,30,12,4,-0.65,-1,-0.2,91.66,90,93,1018.25,1018,1019,4.17,2.6,5.4,259,0.08,203,0,0,0,0,0,0,*
H,6,30,12,4,-0.33,-0.9,0.6,88.78,82,93,1018.82,1018,1019,4.14,3,5.4,237,0.2,204,0,0,0,0,0,0,*
H,7,30,12,4,-0.76,-1.2,-0.2,91.55,86,93,1019.07,1018,1020,4.37,3,5.7,280,0.93,204,0,0,0,0,0,0,*
H,8,30,12,4,-0.85,-1.3,0,91.02,84,93,1020.05,1020,1021,3.37,0,5.4,0,0.15,204,0,0,0,0,0,0,*
H,9,30,12,4,0.51,-0.6,1.7,77.91,72,85,1020.98,1020,1021,80.07,3.7,145.3,10,0.8,204,0,0,0,0,0,0,*
H,10,30,12,4,1.37,0.3,2.7,82.03,74,85,1021.75,1021,1022,192.26,146.3,232.8,67,0.73,204,0,0,0,0,0,0,*
H,11,30,12,4,3.97,2.6,5.1,48.54,33,74,1022.55,1022,1023,274.62,231.1,311.9,17,0.27,204,0,0,0,0,0,0,*
H,12,30,12,4,5.75,4.9,6.4,19.09,9,34,1022.99,1022,1023,332.33,312.2,347.8,16,0.24,204,0,0,0,0,0,0,*
H,13,30,12,4,6.41,6.1,6.8,31.28,10,37,1022,1022,1023,340.32,326.9,348.5,63,0.42,204,0,0,0,0,0,0,*
H,14,30,12,4,6.74,6.5,7,37.31,30,43,1021.13,1021,1022,303.77,272.3,328.2,72,0.54,203,0,0,0,0,0,0,*
H,15,30,12,4,7.17,6.8,8.1,48.66,40,55,1020.54,1020,1021,225.14,171,271.9,72,0.66,204,0,0,0,0,0,0,*
H,16,30,12,4,6.9,6.8,7.1,50.06,46,56,1020,1020,1020,106.51,49.2,170.7,115,0.25,204,0,0,0,0,0,0,*
H,17,30,12,4,6.18,5.2,6.8,43.33,32,51,1020,1020,1020,16.44,0,49.2,28,1.08,204,0,0,0,0,0,0,*
H,18,30,12,4,4.69,3.9,5.3,23.34,12,32,1020,1020,1020,3.31,1.9,4.4,24,0.01,204,0,0,0,0,0,0,*
H,19,30,12,4,3.65,3.1,4,21.35,9,50,1020,1020,1020,3.51,2.6,4.7,162,0.68,204,0,0,0,0,0,0,*
H,20,30,12,4,2.59,2,3.4,53.5,48,61,1020.69,1020,1021,3.76,3,4.7,302,0.23,204,0,0,0,0,0,0,*
H,21,30,12,4,1.64,1.2,2,65.7,61,74,1020.54,1020,1021,3.89,3,4.7,334,0.13,204,0,0,0,0,0,0,*
H,22,30,12,4,1.13,0.7,1.4,73.34,69,76,1020.81,1020,1021,3.85,3,4.7,252,1.3,204,0,0,0,0,0,0,*
H,23,30,12,4,1.16,1,1.4,78.69,76,81,1020.98,1020,1021,4.01,3,4.7,293,0.94,204,0,0,0,0,0,0,*
H,0,31,12,4,1.33,1.1,1.6,81.37,80,84,1021,1021,1021,4.04,3,5,336,0.68,204,0,0,0,0,0,0,-1.3,8.2,9,96,1016,1023,*
H,1,31,12,4,1.32,1.2,1.4,82.88,81,84,1021,1021,1021,4.08,3.3,4.7,343,0.39,204,0,0,0,0,0,0,*
H,2,31,12,4,1.49,1.3,1.7,73.52,71,80,1020.21,1020,1021,4.12,3.3,5,9,0.19,204,0,0,0,0,0,0,*
H,3,31,12,4,1.03,0.8,1.3,73.52,72,74,1020,1020,1020,4.18,3.3,5,7,0.13,205,0,0,0,0,0,0,*
H,4,31,12,4,1.44,1.2,1.7,67.58,65,73,1020,1020,1020,4.22,3.3,5,4,0.13,204,0,0,0,0,0,0,*
H,5,31,12,4,1.08,0.6,1.3,64.93,64,67,1019.09,1019,1020,4.22,3.3,5,359,0.18,205,0,0,0,0,0,0,*
H,6,31,12,4,0.88,0.6,1.2,65.66,64,67,1019,1019,1019,4.2,3,5.4,4,0.12,204,0,0,0,0,0,0,*
H,7,31,12,4,0.61,0.3,1,65.91,63,69,1019,1019,1019,4.29,3.3,5,357,0.19,204,0,0,0,0,0,0,*
H,8,31,12,4,0.37,-0.1,0.8,69.81,66,75,1019,1019,1019,3.32,0,5.7,351,0.2,204,0,0,0,0,0,0,*
H,9,31,12,4,0.71,0,1.8,70.22,60,76,1019,1019,1019,48.59,3.3,106.6,333,0.24,204,0,0,0,0,0,0,*
H,10,31,12,4,2.96,1.8,3.9,45.15,30,60,1019,1019,1019,168.36,108,226.4,331,0.31,204,0,0,0,0,0,0,*
H,11,31,12,4,4.93,3.8,5.8,20.66,9,31,1019,1019,1019,273.93,227.7,312.6,323,0.25,204,0,0,0,0,0,0,*
H,12,31,12,4,6.82,5.8,7.4,39,16,52,1018.98,1018,1019,334.48,313.6,346.9,351,1.05,203,0,0,0,0,0,0,*
H,13,31,12,4,7.48,6.8,8.8,53.83,49,57,1018.02,1018,1019,341.24,327.4,348.7,329,0.73,204,0,0,0,0,0,0,*
H,14,31,12,4,8.37,7.9,9,57.93,56,59,1017.19,1017,1018,301.65,267.5,327.4,334,1.15,204,0,0,0,0,0,0,*
H,15,31,12,4,8.31,8.1,8.9,56.35,52,58,1017,1017,1017,220.75,170.7,267.1,356,0.69,203,0,0,0,0,0,0,*
H,16,31,12,4,8.76,8.3,9.6,52.38,51,55,1016.4,1016,1017,108.29,49.9,169.3,296,0.38,204,0,0,0,0,0,0,*
H,17,31,12,4,7.25,6.1,8.8,44.02,31,53,1016,1016,1016,13.48,0,48.8,12,0.47,204,0,0,0,0,0,0,*
H,18,31,12,4,5.5,4.6,6.4,18.03,9,33,1016,1016,1016,3.49,2.1,5,0,0.04,204,0,0,0,0,0,0,*
H,19,31,12,4,3.79,2.9,4.8,35.25,12,47,1016.29,1016,1017,3.62,2.3,5,325,0.22,204,0,0,0,0,0,0,*
H,20,31,12,4,2.75,2.3,3.1,49.4,46,52,1016,1016,1016,3.72,2.6,4.7,324,0.26,204,0,0,0,0,0,0,*
H,21,31,12,4,1.96,1.7,2.5,56.03,50,59,1016.21,1016,1017,3.91,3,5,325,0.33,204,0,0,0,0,0,0,*
H,22,31,12,4,2.5,2.3,2.9,37.44,31,50,1016.89,1016,1017,4.02,3.3,5,337,0.25,204,0,0,0,0,0,0,*
H,23,31,12,4,2.87,2.5,3.1,20.94,12,31,1017,1017,1017,4.07,3,4.7,328,0.21,204,0,0,0,0,0,0,*
H,0,1,1,5,3.01,1.7,3.3,10.29,9,19,1017,1017,1017,4.05,3,4.7,345,0.6,204,0,0,0,0,0,0,-0.1,9.6,9,84,1016,1021,*
H,1,1,1,5,1.57,1.1,2.2,34.41,19,40,1017,1017,1017,4.03,3,5,12,0.51,204,0,0,0,0,0,0,*
H,2,1,1,5,2.41,2,2.8,22.77,14,31,1016.71,1016,1017,4.09,3,5.4,338,0.3,205,0,0,0,0,0,0,*
H,3,1,1,5,3.24,2.7,3.5,11.36,9,14,1016.52,1016,1017,4.08,3,5,342,0.27,204,0,0,0,0,0,0,*
H,4,1,1,5,3.24,3,3.4,12.47,11,13,1016,1016,1016,4,3,5,344,0.23,204,0,0,0,0,0,0,*
H,5,1,1,5,3.66,3.1,4,17.57,13,21,1015.43,1015,1016,3.89,3,5,345,0.25,205,0,0,0,0,0,0,*
H,6,1,1,5,3.96,3.7,4.2,20.16,16,28,1015,1015,1015,3.88,3,5,349,0.24,205,0,0,0,0,0,0,*
H,7,1,1,5,3.39,2.7,4.1,23.3,13,28,1015.15,1015,1016,3.93,3,5,9,0.3,204,0,0,0,0,0,0,*
H,8,1,1,5,2.56,1.8,3,12.57,9,14,1015.76,1015,1016,3.08,0,4.7,337,0.28,205,0,0,0,0,0,0,*
H,9,1,1,5,2.18,1.7,3.1,16.83,10,25,1016,1016,1017,60.61,3.7,125.8,257,0.8,204,0,0,0,0,0,0,*
H,10,1,1,5,4.25,2.9,5.5,21.19,9,28,1017,1017,1017,150.31,45.7,228.4,192,0,204,0,0,0,0,0,0,*
H,11,1,1,5,6.14,5.1,7.8,24.44,10,46,1017,1017,1017,274.7,228.4,312.9,266,0.63,204,0,0,0,0,0,0,*
H,12,1,1,5,8.42,7.7,9.6,47.4,43,55,1017,1017,1017,334.89,313.6,349.2,289,0.39,204,0,0,0,0,0,0,*
H,13,1,1,5,10.61,9.6,11.1,56.78,50,61,1016.04,1016,1017,341.11,329.1,347.2,248,0.45,204,0,0,0,0,0,0,*
H,14,1,1,5,11.3,10.8,11.6,56.79,53,59,1015.48,1015,1016,302.05,268.2,328.4,216,0.42,204,0,0,0,0,0,0,*
H,15,1,1,5,10.9,10.6,11.3,52.65,49,55,1015,1015,1015,221.91,169.3,267.8,218,0.33,203,0,0,0,0,0,0,*
H,16,1,1,5,10.21,9.6,10.9,47.3,44,51,1015,1015,1015,108.8,51.9,168.3,221,0.28,204,0,0,0,0,0,0,*
H,17,1,1,5,8.92,8.2,9.7,51.2,47,53,1015,1015,1016,14.58,0,51.3,242,0.28,204,0,0,0,0,0,0,*
H,18,1,1,5,7.3,6.7,8.2,39.59,32,46,1015.73,1015,1016,3.24,2.1,4.4,251,0.16,204,0,0,0,0,0,0,*
H,19,1,1,5,5.94,4.9,7,21.75,9,33,1016,1016,1016,3.42,2.3,4.7,241,0.13,205,0,0,0,0,0,0,*
H,20,1,1,5,4.69,4,5.1,23.89,10,39,1016,1016,1016,3.52,2.3,4.7,261,0.16,204,0,0,0,0,0,0,*
H,21,1,1,5,3.28,2.4,4.4,50.98,39,65,1016,1016,1016,3.69,2.6,4.7,261,0.85,204,0,0,0,0,0,0,*
H,22,1,1,5,2.52,2.2,2.8,68.02,65,72,1016,1016,1016,3.8,2.6,5,0,0.01,205,0,0,0,0,0,0,*
H,23,1,1,5,1.89,1,2.5,65.9,61,72,1016,1016,1016,3.98,3,5,324,0.32,204,0,0,0,0,0,0,*
H,0,2,1,5,0.77,0.5,1.1,75.83,72,78,1016,1016,1016,4,3,5,321,0.39,204,0,0,0,0,0,0,0.5,11.6,9,78,1015,1017,*
H,1,2,1,5,0.99,0.4,1.4,77.55,74,81,1016,1016,1016,4.11,3,5.4,355,0.12,204,0,0,0,0,0,0,*
H,2,2,1,5,1.38,1.1,1.7,71.68,71,74,1015.66,1015,1016,4.21,3.3,5.4,1,0.05,205,0,0,0,0,0,0,*
H,3,2,1,5,0.98,0.7,1.3,75.01,73,77,1015,1015,1015,4.15,3.3,5,4,0.12,205,0,0,0,0,0,0,*
H,4,2,1,5,0.93,0.6,1.2,75.62,73,79,1014.29,1014,1015,4.1,3,5,10,0.17,205,0,0,0,0,0,0,*
H,5,2,1,5,0.46,0.3,0.7,80.09,77,83,1014,1014,1014,4.16,3.3,5,18,0.16,204,0,0,0,0,0,0,*
H,6,2,1,5,0.74,0.3,1,83.67,83,85,1014,1014,1014,4.08,3,5,353,0.4,205,0,0,0,0,0,0,*
H,7,2,1,5,0.75,0.6,1,84.81,83,86,1014,1014,1014,4.11,3,5,321,0.16,204,0,0,0,0,0,0,*
H,8,2,1,5,1,0.7,1.3,83.55,82,85,1014,1014,1014,3.49,0.2,5.7,351,0.19,205,0,0,0,0,0,0,*
H,9,2,1,5,0.66,0.2,0.9,85.65,84,88,1014,1014,1014,12.67,0.2,41.3,336,0,204,0,0,0,0,0,0,*
H,10,2,1,5,1.01,0.3,2.8,86.89,78,90,1014,1014,1014,119.02,17,216.8,10,0.36,204,0,0,0,0,0,0,*
H,11,2,1,5,4.14,2.8,5,65.84,41,78,1014,1014,1014,259.24,217.1,294.1,43,0.57,204,0,0,0,0,0,0,*
H,12,2,1,5,5.25,4.7,5.9,37.05,30,41,1013.39,1013,1014,314.72,293,326.9,38,0.52,204,0,0,0,0,0,0,*
H,13,2,1,5,6.32,5.7,6.9,21.56,13,31,1012.98,1012,1013,319.46,180.6,399.6,31,0.46,204,0,0,0,0,0,0,*
H,14,2,1,5,6.82,6.6,7.2,24.49,14,32,1012,1012,1012,249.63,117.6,339.3,86,0.41,205,0,0,0,0,0,0,*
H,15,2,1,5,6.96,6.7,7.3,30.9,28,34,1011.56,1011,1012,196.8,108.9,295.5,86,0.42,204,0,0,0,0,0,0,*
H,16,2,1,5,6.94,6.6,7.3,31.91,30,35,1011.01,1011,1012,112.17,36.5,203.5,53,0.67,204,0,0,0,0,0,0,*
H,17,2,1,5,6.05,5.1,6.7,43.56,35,56,1011,1011,1011,13.26,0,52.3,43,0,204,0,0,0,0,0,0,*
H,18,2,1,5,4.35,3.8,5,69.99,56,79,1011,1011,1012,3.43,2.3,4.7,24,0.26,204,0,0,0,0,0,0,*
H,19,2,1,5,3.55,3,4.1,81.48,79,83,1011.66,1011,1012,3.52,2.3,4.7,0,0.18,205,0,0,0,0,0,0,*
H,20,2,1,5,2.71,2.3,3.3,86.06,83,89,1012,1012,1012,3.74,2.6,4.7,340,0.26,204,0,0,0,0,0,0,*
H,21,2,1,5,2.65,2.6,2.7,88.8,88,90,1012,1012,1012,3.83,2.6,5,358,0.08,204,0,0,0,0,0,0,*
H,22,2,1,5,2.9,2.6,3.2,89.45,89,90,1012.23,1012,1013,3.87,3,5,347,0.37,205,0,0,0,0,0,0,*
H,23,2,1,5,2.83,2.6,3.1,87.82,87,89,1013,1013,1013,3.92,3,5,3,0.15,204,0,0,0,0,0,0,*
H,0,3,1,5,2.48,1.9,3,88.29,87,90,1013.43,1013,1014,4.07,3,5,353,0.42,205,0,0,0,0,0,0,0.2,7.3,13,90,1011,1016,*
H,1,3,1,5,1.9,1.7,2.1,89.74,88,91,1014,1014,1014,4.05,3,5.4,358,0.11,204,0,0,0,0,0,0,*
H,2,3,1,5,2.14,1.9,2.3,86.83,85,88,1014.19,1014,1015,4.08,2.6,5.4,354,0.29,204,0,0,0,0,0,0,*
H,3,3,1,5,2.23,2,2.6,84.2,83,85,1015,1015,1015,4.17,3,5,359,0.16,205,0,0,0,0,0,0,*
H,4,3,1,5,1.78,1.6,2,83.81,83,84,1015.94,1015,1016,4.12,3,5,327,0.46,204,0,0,0,0,0,0,*
H,5,3,1,5,1.24,0.8,1.6,83.68,82,85,1016.48,1016,1017,4.16,3.3,5.4,323,0.44,205,0,0,0,0,0,0,*
H,6,3,1,5,1.45,1.1,1.7,83.36,81,85,1017,1017,1017,4.09,3.3,5.4,313,0.2,204,0,0,0,0,0,0,*
H,7,3,1,5,1.51,0.4,2.8,78.44,75,83,1017.36,1017,1018,4.17,3.3,5,309,0.4,204,0,0,0,0,0,0,*
H,8,3,1,5,0.51,-0.1,0.9,83.67,82,86,1018.02,1018,1019,3.27,0.2,5.4,331,0.39,204,0,0,0,0,0,0,*
H,9,3,1,5,0.73,0.1,2.5,86.11,84,87,1019,1019,1019,50.06,3,110.1,317,0.32,204,0,0,0,0,0,0,*
H,10,3,1,5,3.75,2.2,5.5,77.22,72,84,1019.39,1019,1020,155.72,75.8,257.2,315,0.56,204,0,0,0,0,0,0,*
H,11,3,1,5,6.34,5.1,7.4,65.13,57,73,1020,1020,1020,205.39,109.7,315.6,298,0.87,204,0,0,0,0,0,0,*
H,12,3,1,5,8.42,7.1,9,32.64,9,58,1020,1020,1020,329.81,312.1,346.9,235,0.49,204,0,0,0,0,0,0,*
H,13,3,1,5,8.78,8.4,9.3,29.63,18,39,1019.81,1019,1020,338.46,323.3,348.3,242,0.34,204,0,0,0,0,0,0,*
H,14,3,1,5,9.87,9.2,10.4,15.06,13,18,1019,1019,1019,294.09,258.2,324.3,212,0.36,204,0,0,0,0,0,0,*
H,15,3,1,5,10.37,10.1,10.6,16.89,13,24,1019,1019,1019,210.86,161.1,259.6,206,0.33,204,0,0,0,0,0,0,*
H,16,3,1,5,10.33,10.2,10.5,30.69,20,36,1019.58,1019,1020,104.83,48.2,160.7,221,0.29,203,0,0,0,0,0,0,*
H,17,3,1,5,8.23,6.9,10.2,38.02,9,62,1019.85,1019,1020,14.92,0.2,46.4,132,0.52,204,0,0,0,0,0,0,*
H,18,3,1,5,5.62,4.5,6.9,74.67,62,83,1020.06,1020,1021,3.27,2.3,4.4,77,0.53,205,0,0,0,0,0,0,*
H,19,3,1,5,4.08,2.9,4.9,89.29,83,93,1020.94,1020,1021,3.39,1.9,4.7,57,0.74,204,0,0,0,0,0,0,*
H,20,3,1,5,3.15,2.6,3.8,94.61,93,95,1021,1021,1021,3.65,2.6,4.7,7,0.64,204,0,0,0,0,0,0,*
H,21,3,1,5,2.29,1.7,2.7,95.64,95,97,1021.08,1021,1022,3.71,2.6,5,33,1.26,204,0,0,0,0,0,0,*
H,22,3,1,5,2.2,1.7,2.5,95.4,93,97,1022,1022,1022,3.91,2.6,5,23,0.49,204,0,0,0,0,0,0,*
H,23,3,1,5,2.22,1.9,2.4,92.32,92,93,1022,1022,1022,4.03,3,4.7,9,0.29,205,0,0,0,0,0,0,*
H,0,4,1,5,2.01,1.8,2.2,92.94,92,93,1022,1022,1022,4.1,3,5,4,0.19,204,0,0,0,0,0,0,-0.1,10.6,9,97,1014,1022,*
H,1,4,1,5,1.14,0.4,2,93.42,92,95,1022,1022,1022,4.12,3.3,5,11,0.13,204,0,0,0,0,0,0,*
H,2,4,1,5,0.41,-0.1,0.9,96.47,95,97,1022,1022,1022,4.1,3.3,5,352,0.49,205,0,0,0,0,0,0,*
H,3,4,1,5,-0.31,-0.7,0,96.9,96,98,1022.26,1022,1023,4.18,3.3,5,336,0.77,204,0,0,0,0,0,0,*
H,4,4,1,5,-0.58,-0.9,-0.2,98.36,98,99,1022,1022,1022,4.25,2.6,5.7,284,0.6,204,0,0,0,0,0,0,*
H,5,4,1,5,-0.44,-0.7,-0.2,99,99,99,1021.67,1021,1022,4.33,3.3,5.4,330,0.49,205,0,0,0,0,0,0,*
H,6,4,1,5,-0.58,-0.7,-0.4,98.02,96,99,1021,1021,1021,4.43,3.3,5.7,0,0.21,204,0,0,0,0,0,0,*
H,7,4,1,5,-0.7,-1.2,-0.3,94.95,94,96,1021,1021,1021,4.41,3.3,5.4,339,0.5,204,0,0,0,0,0,0,*
H,8,4,1,5,-1.16,-1.4,-0.8,95.41,95,96,1021,1021,1021,3.29,0.2,5,248,0.41,205,0,0,0,0,0,0,*
H,9,4,1,5,-0.63,-1.1,0,96.73,96,97,1020.95,1020,1021,44.65,2.6,97.7,278,0.3,204,0,0,0,0,0,0,*
H,10,4,1,5,1.33,0,3.4,91.22,85,96,1020.4,1020,1021,162.53,81.7,235.6,317,0.44,204,0,0,0,0.2,0,0.2,*
H,11,4,1,5,4.57,3.1,5.7,78.99,67,85,1020.47,1020,1021,253.48,163.7,296.1,344,0.34,203,0,0,0,0,0,0,*
H,12,4,1,5,6.05,5.7,6.6,60.16,52,67,1020,1020,1020,285.25,81.8,409,31,0.37,204,0,0,0,0,0,0,*
H,13,4,1,5,6.5,6.3,6.8,40.46,36,52,1019.67,1019,1020,194.68,128.7,371.8,31,0.39,204,0,0,0,0,0,0,*
H,14,4,1,5,6.22,6.1,6.4,44.75,41,48,1019,1019,1019,123.62,96.5,223.4,106,1,204,0,0,0,0,0,0,*
H,15,4,1,5,6.79,6.3,7.3,44.81,40,50,1019,1019,1019,197.11,152,285.2,314,0.64,204,0,0,0,0,0,0,*
H,16,4,1,5,6.95,6.8,7.2,48.05,44,53,1019,1019,1019,112.86,70.9,196.8,327,0.39,204,0,0,0,0,0,0,*
H,17,4,1,5,6.23,5.3,7.1,54.7,48,65,1019,1019,1019,25.5,0.2,76.7,302,0.56,204,0,0,0,0,0,0,*
H,18,4,1,5,4.83,4.3,5.3,73.73,65,80,1019.21,1019,1020,3.37,1.6,4.7,298,0.29,204,0,0,0,0,0,0,*
H,19,4,1,5,3.69,3,4.3,84.1,80,89,1020,1020,1020,3.65,2.6,4.7,296,0.71,204,0,0,0,0,0,0,*
H,20,4,1,5,3.2,2.9,3.4,87.97,87,90,1020,1020,1020,3.77,3,4.7,341,0.33,204,0,0,0,0,0,0,*
H,21,4,1,5,2.26,1.6,3,89.33,88,92,1020.82,1020,1021,3.79,2.6,4.7,309,0.17,204,0,0,0,0,0,0,*
H,22,4,1,5,1.38,1.1,1.7,92.99,92,94,1021,1021,1021,3.91,2.6,5,294,0.39,204,0,0,0,0,0,0,*
H,23,4,1,5,0.79,0.4,1.1,95.15,93,97,1021,1021,1021,4.08,2.6,5,308,0.35,204,0,0,0,0,0,0,*
H,0,5,1,5,0.52,0.3,0.8,97.26,97,98,1021,1021,1021,4.14,3,5.4,294,0.18,204,0,0,0,0,0,0,-1.4,7.3,36,99,1019,1023,*
H,1,5,1,5,0.16,-0.3,0.6,96.42,95,98,1020.71,1020,1021,4.15,2.6,5.7,336,0.61,204,0,0,0,0,0,0,*
H,2,5,1,5,0.44,-0.1,1,91.56,89,96,1020.14,1020,1021,4.27,3,5.4,285,0.96,204,0,0,0,0,0,0,*
H,3,5,1,5,0.03,-0.3,0.4,92.48,91,93,1020,1020,1020,4.19,3,5.4,320,0.14,205,0,0,0,0,0,0,*
H,4,5,1,5,-0.24,-0.9,0.3,93.27,92,94,1020,1020,1020,4.21,3,5.4,309,0.2,204,0,0,0,0,0,0,*
H,5,5,1,5,-1.23,-1.6,-0.9,94.95,92,97,1020,1020,1020,4.25,2.6,5.4,90,0.81,204,0,0,0,0,0,0,*
H,6,5,1,5,-0.92,-1.2,-0.3,96.96,96,98,1020,1020,1020,4.38,3.3,5.4,14,0.2,205,0,0,0,0,0,0,*
H,7,5,1,5,-0.67,-0.8,-0.5,94.48,92,96,1020.21,1020,1021,4.46,3.3,5.4,4,0.12,204,0,0,0,0,0,0,*
H,8,5,1,5,-0.89,-1.1,-0.6,92.64,92,93,1020.82,1020,1021,3.45,0,5.7,1,0.18,204,0,0,0,0,0,0,*
H,9,5,1,5,-0.1,-0.6,0.5,92.3,92,93,1021,1021,1021,56.24,6,108,8,0.14,205,0,0,0,0,0,0,*
H,10,5,1,5,0.95,0.4,1.8,90.9,90,91,1021.08,1021,1022,108.61,51.2,195.9,13,0.2,204,0,0,0,0,0,0,*
H,11,5,1,5,3.02,1.8,3.6,91.77,89,97,1022,1022,1022,150.54,90.2,275.6,9,0.2,204,0,0,0,0,0,0,*
H,12,5,1,5,3.89,3.6,4.5,98.75,97,99,1021.64,1021,1022,259.58,152.5,377.5,55,0.65,204,0,0,0,0,0,0,*
H,13,5,1,5,5.26,4.4,6.1,92.01,88,99,1021,1021,1021,321.26,233.4,465,94,0.56,204,0,0,0,0,0,0,*
H,14,5,1,5,6.2,5.7,6.7,82.92,79,88,1020.99,1020,1021,287.19,241.8,351.9,69,0.69,204,0,0,0,0,0,0,*
H,15,5,1,5,6.81,6.6,7,74.96,73,79,1020.57,1020,1021,161.26,56.7,313,16,0.46,204,0,0,0,0,0,0,*
H,16,5,1,5,6.53,6.2,6.7,73.22,72,76,1020,1020,1020,74.64,34.2,126.2,357,0.08,204,0,0,0,0,0,0,*
H,17,5,1,5,5.45,4.7,6.2,81.25,76,86,1020,1020,1020,9.22,0,39.8,11,0.09,205,0,0,0,0,0,0,*
H,18,5,1,5,4.2,3.7,4.7,88.13,87,90,1020,1020,1020,3.48,2.3,5,15,0.07,204,0,0,0,0,0,0,*
H,19,5,1,5,3.16,2.7,3.7,91.46,90,94,1020.94,1020,1021,3.72,2.6,4.7,17,0.02,204,0,0,0,0,0,0,*
H,20,5,1,5,2.32,1.7,2.9,94.36,94,96,1021,1021,1021,3.75,2.6,5,346,0.46,205,0,0,0,0,0,0,*
H,21,5,1,5,1.41,1.1,1.7,96.91,96,98,1021,1021,1021,3.85,3,4.7,293,0.21,204,0,0,0,0,0,0,*
H,22,5,1,5,1.01,0.7,1.4,98.55,98,99,1021,1021,1021,4.15,3.3,5,314,0.23,204,0,0,0,0,0,0,*
H,23,5,1,5,0.58,0.2,0.9,98.81,98,99,1021,1021,1021,4.11,3,5.7,313,0.18,205,0,0,0,0,0,0,*
H,0,6,1,5,0.24,0,0.5,98,98,98,1020.08,1020,1021,4.1,3.3,5,305,0.2,204,0,0,0,0,0,0,-1.6,7,72,99,1020,1022,*
H,1,6,1,5,0.24,0,0.5,98.66,98,99,1020,1020,1020,4.2,3,5,310,0.25,204,0,0,0,0,0,0,*
H,2,6,1,5,0.19,0,0.6,98.44,98,99,1019.94,1019,1020,4.22,3,5.7,310,0.25,204,0,0,0,0,0,0,*
H,3,6,1,5,-0.07,-0.3,0.2,98.39,98,99,1019.39,1019,1020,4.32,3,5,332,0.03,204,0,0,0,0,0,0,*
H,4,6,1,5,-0.34,-0.8,-0.1,98.87,98,99,1019,1019,1020,4.24,3,5,350,0.19,204,0,0,0,0,0,0,*
H,5,6,1,5,-0.35,-0.6,-0.1,97.08,96,99,1018.47,1018,1019,4.33,3.3,5.4,335,0.43,204,0,0,0,0,0,0,*
H,6,6,1,5,-0.75,-1.1,-0.5,96.18,96,97,1018.26,1018,1019,4.35,3,5.4,261,0.36,204,0,0,0,0,0,0,*
H,7,6,1,5,-0.87,-1.2,-0.5,97.82,97,98,1018.14,1018,1019,4.32,3.3,5.4,281,0.46,204,0,0,0,0,0,0,*
H,8,6,1,5,-0.97,-1.3,-0.6,97.89,97,98,1018,1018,1018,3.42,0,5.4,299,0.2,204,0,0,0,0,0,0,*
H,9,6,1,5,-0.94,-1.2,-0.6,97.37,97,98,1018.6,1018,1019,27.75,0.6,75.8,323,0.42,204,0,0,0,0,0,0,*
H,10,6,1,5,-0.18,-0.9,0.5,96.42,95,97,1019.31,1019,1020,112.54,61.5,170.6,217,0.35,204,0,0,0,0,0,0,*
H,11,6,1,5,1.63,0.4,2.7,93.32,91,95,1019.81,1019,1020,209.48,166.2,250.6,249,0.47,204,0,0,0,0,0,0,*
H,12,6,1,5,3.82,2.7,5,87.5,83,91,1020,1020,1020,272.61,251,291.7,247,0.5,204,0,0,0,0,0,0,*
H,13,6,1,5,6.24,5,7.4,73.58,63,82,1019.46,1019,1020,288.64,272.2,303.3,198,0.42,204,0,0,0,0,0,0,*
H,14,6,1,5,7.15,6.9,7.5,55.34,49,65,1019,1019,1019,261.53,230.9,280.9,266,0.56,203,0,0,0,0,0,0,*
H,15,6,1,5,7.72,7.3,8.1,50.43,49,52,1019.16,1019,1020,183.49,95.7,230.7,258,0.52,204,0,0,0,0,0,0,*
H,16,6,1,5,7.6,7.1,8,52.85,51,58,1020,1020,1020,79.8,35.9,130.3,276,0.64,204,0,0,0,0,0,0,*
H,17,6,1,5,6.21,5.2,7.3,67.71,58,77,1020.2,1020,1021,9.6,0,36.2,322,0.08,204,0,0,0,0,0,0,*
H,18,6,1,5,4.38,3.7,5.1,84,77,88,1021.08,1021,1022,3.22,2.3,4.7,327,0,204,0,0,0,0,0,0,*
H,19,6,1,5,3.55,2.8,4.2,91.46,88,94,1022.15,1022,1023,3.67,2.3,5,327,0,204,0,0,0,0,0,0,*
H,20,6,1,5,2.77,2.2,3.4,95.85,94,98,1023.01,1023,1024,3.8,2.6,5,341,0.26,204,0,0,0,0,0,0,*
H,21,6,1,5,2.22,1.7,2.6,97.91,97,98,1023.67,1023,1024,3.89,3,4.7,350,0.22,204,0,0,0,0,0,0,*
H,22,6,1,5,1.8,1.2,2.2,98.07,98,99,1023.98,1023,1024,4.02,3,5,349,0.17,204,0,0,0,0,0,0,*
H,23,6,1,5,1.5,1,1.9,98.91,98,99,1024.73,1024,1025,4.03,3,5,359,0.33,204,0,0,0,0,0,0,*
H,0,7,1,5,0.84,0.5,1.4,99,99,99,1025,1025,1025,4.05,3,5,319,0.12,204,0,0,0,0,0,0,-1.3,8.1,49,99,1018,1025,*
H,1,7,1,5,0.63,0.3,1,99,99,99,1025.1,1025,1026,4.06,2.6,5,303,0.18,204,0,0,0,0.2,0,0.2,*
H,2,7,1,5,0.46,0,0.9,99,99,99,1025.26,1025,1026,4.16,3,5,306,0.17,204,0,0,0,0,0,0,*
H,3,7,1,5,0.33,0,0.6,99,99,99,1025.98,1025,1026,4.26,3.3,5.4,319,0.19,205,0,0,0,0,0,0,*
H,4,7,1,5,-0.11,-0.5,0.9,99,99,99,1026,1026,1026,4.16,3,5,316,0.07,204,0,0,0,0,0,0,*
H,5,7,1,5,-0.06,-0.3,0.3,99,99,99,1026,1026,1026,4.2,3.3,5.7,293,0.14,204,0,0,0,0,0,0,*
H,6,7,1,5,-0.14,-0.5,0.1,99,99,99,1026,1026,1026,4.3,3.3,5.7,293,0.17,205,0,0,0,0,0,0,*
H,7,7,1,5,-0.67,-1.1,-0.1,99,99,99,1026,1026,1026,4.41,3,6,316,0.25,204,0,0,0,0,0,0,*
H,8,7,1,5,-0.96,-1.3,-0.6,99,99,99,1026.52,1026,1027,3.06,0,5.4,293,0.53,204,0,0,0,0,0,0,*
H,9,7,1,5,-0.89,-1.3,-0.3,99,99,99,1027,1027,1027,39.85,2.6,89.9,260,0.07,204,0,0,0,0,0,0,*
H,10,7,1,5,0.74,-0.3,2.3,99,99,99,1027.5,1027,1028,143.45,88.1,191.8,348,0.67,204,0,0,0,0,0,0,*
H,11,7,1,5,2.98,1.9,3.9,90.97,85,99,1028,1028,1028,238.61,193.2,277.7,101,1.31,204,0,0,0,0,0,0,*
H,12,7,1,5,4.89,3.7,7.2,78.91,73,85,1027.65,1027,1028,301.57,277.7,316.3,49,0.46,204,0,0,0,0,0,0,*
H,13,7,1,5,7.18,6.5,8.4,63.83,32,73,1027,1027,1027,310.47,298.3,318,68,0.87,204,0,0,0,0,0,0,*
H,14,7,1,5,8.52,8.2,9,27.08,20,40,1026.11,1026,1027,266.92,223,302.4,196,0.8,204,0,0,0,0,0,0,*
H,15,7,1,5,8.7,8.1,9.2,37.47,29,42,1026,1026,1026,194.68,140.2,249,183,0.65,204,0,0,0,0,0,0,*
H,16,7,1,5,8.02,7.3,8.8,50.25,41,62,1026.13,1026,1027,94.86,44.7,148.4,161,0.41,204,0,0,0,0,0,0,*
H,17,7,1,5,6.58,5.7,7.3,70.67,62,77,1026.97,1026,1027,13.75,0,43.7,166,0.18,204,0,0,0,0,0,0,*
H,18,7,1,5,4.85,4,5.7,85.66,77,92,1027,1027,1027,3.35,1.9,5,130,0.55,204,0,0,0,0,0,0,*
H,19,7,1,5,3.37,2.8,4.3,93.69,92,97,1027,1027,1027,3.58,2.3,5,83,0.02,204,0,0,0,0,0,0,*
H,20,7,1,5,2.62,2.1,3,98.52,97,99,1027,1027,1027,3.65,2.6,4.7,63,0.54,204,0,0,0,0,0,0,*
H,21,7,1,5,2.24,1.9,2.7,99,99,99,1027,1027,1027,3.87,3.3,4.7,6,0.11,205,0,0,0,0,0,0,*
H,22,7,1,5,1.7,1.3,2.3,99,99,99,1027,1027,1027,3.87,3,5,16,0.71,204,0,0,0,0,0,0,*
H,23,7,1,5,0.91,0.3,1.4,99,99,99,1027,1027,1027,4.04,3,5,155,1.14,204,0,0,0,0,0,0,*
H,0,8,1,5,0.72,0.4,1,99,99,99,1026.99,1026,1027,3.97,3,5,116,0.34,204,0,0,0,0,0,0,-1.3,9.2,20,99,1025,1028,*
H,1,8,1,5,1.12,0.8,1.3,99,99,99,1026.14,1026,1027,4,3,5,200,0.15,204,0,0,0,0,0,0,*
H,2,8,1,5,1.3,1.1,1.5,99,99,99,1026,1026,1026,4.01,3,5,230,0.46,204,0,0,0,0.2,0,0.2,*
H,3,8,1,5,0.69,0.2,1.2,99,99,99,1026,1026,1026,4.06,3,5.4,304,0.51,204,0,0,0,0,0,0,*
H,4,8,1,5,0.03,-0.1,0.4,99,99,99,1026,1026,1026,4.13,3,5,246,0.58,205,0,0,0,0,0,0,*
H,5,8,1,5,0.21,0,0.4,99,99,99,1025.01,1025,1026,4.18,3.3,5.4,253,0.34,204,0,0,0,0,0,0,*
H,6,8,1,5,0.26,0.1,0.5,99,99,99,1025,1025,1025,4.16,3,5,247,0.3,204,0,0,0,0,0,0,*
H,7,8,1,5,0.33,0.2,0.5,99,99,99,1024.86,1024,1025,4.16,3.3,5.4,266,0.49,204,0,0,0,0,0,0,*
H,8,8,1,5,0.26,0,0.5,99,99,99,1024.98,1024,1025,3.47,0.6,5.4,247,0.29,204,0,0,0,0,0,0,*
H,9,8,1,5,0.54,0.2,0.9,99,99,99,1025,1025,1025,8.45,0,17.7,254,0.35,204,0,0,0,0,0,0,*
H,10,8,1,5,0.75,0.4,1.2,99,99,99,1025,1025,1025,25.93,17,39.3,232,0.23,204,0,0,0,0,0,0,*
H,11,8,1,5,1.05,0.7,1.7,99,99,99,1025,1025,1025,43.78,36.5,50.2,237,0.32,204,0,0,0,0,0,0,*
H,12,8,1,5,1.49,1.2,1.8,99,99,99,1024.1,1024,1025,48.53,42.4,54,239,0.3,204,0,0,0,0,0,0,*
H,13,8,1,5,2.09,1.7,2.4,99,99,99,1023.26,1023,1024,59.46,53.6,65.9,251,0.38,204,0,0,0,0,0,0,*
H,14,8,1,5,2.79,2.2,3.9,99,99,99,1022.46,1022,1023,70.69,53.6,82,238,0.37,203,0,0,0,0,0,0,*
H,15,8,1,5,3.37,2.9,3.8,99,99,99,1022,1022,1022,76.92,65.3,93,249,0.38,204,0,0,0,0,0,0,*
H,16,8,1,5,3.97,3.5,4.2,99,99,99,1022,1022,1022,67.41,47.5,78.9,248,0.36,204,0,0,0,0,0,0,*
H,17,8,1,5,3.56,3,4.2,99,99,99,1022,1022,1022,12.45,0.2,54,259,0.37,204,0,0,0,0,0,0,*
H,18,8,1,5,2.57,2.1,3,99,99,99,1022,1022,1022,3.56,2.6,4.4,184,0.58,204,0,0,0,0,0,0,*
H,19,8,1,5,2.02,1.7,2.4,99,99,99,1022,1022,1022,3.81,2.3,4.7,240,0.36,204,0,0,0,0,0,0,*
H,20,8,1,5,1.43,1.2,1.7,99,99,99,1022,1022,1022,3.95,3,5,264,0.34,204,0,0,0,0,0,0,*
H,21,8,1,5,1.31,1.1,1.5,99,99,99,1022,1022,1022,3.94,3,5,245,0.29,204,0,0,0,0,0,0,*
H,22,8,1,5,0.97,0.7,1.2,99,99,99,1022,1022,1022,4.09,3.3,5,221,0.23,204,0,0,0,0,0,0,*
H,23,8,1,5,0.6,0.3,0.9,99,99,99,1022,1022,1022,4.08,2.6,5,243,0.29,204,0,0,0,0,0,0,*
H,0,9,1,5,0.47,0.3,0.7,99,99,99,1022,1022,1022,4.11,3,5,235,0.33,204,0,0,0,0,0,0,-0.1,4.2,99,99,1022,1027,*
H,1,9,1,5,0.7,0.5,0.9,99,99,99,1022,1022,1022,4.12,3,5,235,0.23,204,0,0,0,0,0,0,*
H,2,9,1,5,0.89,0.7,1.2,99,99,99,1021.14,1021,1022,4.14,3,5,228,0.57,204,0,0,0,0,0,0,*
H,3,9,1,5,1.1,1,1.4,99,99,99,1021.49,1021,1022,4.09,3,5,236,0.33,205,0,0,0,0,0,0,*
H,4,9,1,5,1.29,1.1,1.5,99,99,99,1021.13,1021,1022,4.07,3,5,240,0.46,204,0,0,0,0,0,0,*
H,5,9,1,5,1.52,1.3,1.7,99,99,99,1021,1021,1021,4.01,3,5,283,0.49,204,0,0,0,0,0,0,*
H,6,9,1,5,1.65,1.6,1.8,99,99,99,1021,1021,1021,4.03,3.3,5,333,0.31,204,0,0,0,0,0,0,*
H,7,9,1,5,2,1.8,2.2,99,99,99,1021,1021,1021,3.98,3,5,317,0.49,205,0,0,0,0,0,0,*
H,8,9,1,5,1.83,1.6,2.1,99,99,99,1021.66,1021,1022,2.89,0,5,295,0.5,204,0,0,0,0,0,0,*
H,9,9,1,5,1.63,1.4,1.8,99,99,99,1022.01,1022,1023,27.45,0.9,47.5,325,0.29,204,0,0,0,0,0,0,*
H,10,9,1,5,1.98,1.6,3,99,99,99,1022.81,1022,1023,114.72,43.7,242.1,292,0.26,204,0,0,0,0,0,0,*
H,11,9,1,5,4.67,3,6.2,96.15,90,99,1023.12,1023,1024,258.78,197.6,307.1,322,0.29,204,0,0,0,0,0,0,*
H,12,9,1,5,6.69,6.2,7.1,88.66,86,90,1023,1023,1023,224.01,171.9,292.7,299,0.57,204,0,0,0,0,0,0,*
H,13,9,1,5,7.49,7,7.7,82.93,80,86,1022.92,1022,1023,201.53,125.5,300.2,278,0.62,203,0,0,0,0,0,0,*
H,14,9,1,5,7.58,7.4,7.7,79.91,79,81,1022,1022,1023,97.86,79.3,125.8,259,0.47,204,0,0,0,0,0,0,*
H,15,9,1,5,7.37,7.1,7.7,83.14,81,85,1022,1022,1022,76.78,64.9,84.8,246,0.37,204,0,0,0,0,0,0,*
H,16,9,1,5,6.96,6.7,7.2,85.08,84,87,1022.66,1022,1023,55.19,33.4,66.3,262,0.43,204,0,0,0,0,0,0,*
H,17,9,1,5,6.11,5.4,6.7,88.89,87,92,1023,1023,1023,11.38,0,33.4,225,0.01,204,0,0,0,0,0,0,*
H,18,9,1,5,5,4.5,5.4,92.93,91,96,1023,1023,1023,3.41,1.9,4.7,234,0.16,204,0,0,0,0,0,0,*
H,19,9,1,5,3.98,3.6,4.6,96.34,96,97,1023.71,1023,1024,3.67,2.6,4.7,328,0.66,205,0,0,0,0,0,0,*
H,20,9,1,5,2.98,2.4,3.7,97.48,96,99,1024,1024,1024,3.72,2.6,4.7,274,0.61,204,0,0,0,0,0,0,*
H,21,9,1,5,2.45,2.3,2.7,99,99,99,1024,1024,1024,3.78,2.6,5,285,0.19,204,0,0,0,0,0,0,*
H,22,9,1,5,1.97,1.8,2.3,99,99,99,1024.58,1024,1025,3.84,3,4.7,302,0.36,204,0,0,0,0,0,0,*
H,23,9,1,5,1.94,1.8,2.1,99,99,99,1025,1025,1025,3.92,3,4.7,5,0.99,204,0,0,0,0,0,0,*
H,0,10,1,5,2.26,2,2.4,97.8,96,99,1025,1025,1025,4,3,5,359,0.25,205,0,0,0,0,0,0,0.5,7.8,79,99,1021,1025,*
H,1,10,1,5,2.4,2.2,2.7,95.66,95,96,1025,1025,1025,3.89,3,4.7,37,1.15,203,0,0,0,0,0,0,*
H,2,10,1,5,3.06,2.7,3.3,94.4,93,96,1025,1025,1025,3.92,3,5,44,0.46,205,0,0,0,0,0,0,*
H,3,10,1,5,3.04,2.7,3.4,94.08,93,95,1025,1025,1025,3.87,2.6,5.4,25,0.59,204,0,0,0,0,0,0,*
H,4,10,1,5,2.47,1.8,2.8,96.54,95,98,1025,1025,1025,3.88,3,4.7,19,0.48,204,0,0,0,0,0,0,*
H,5,10,1,5,1.1,0.7,1.8,98,98,98,1025,1025,1025,4.03,3,5,298,0.22,205,0,0,0,0,0,0,*
H,6,10,1,5,0.45,0.1,0.8,98.92,98,99,1025,1025,1025,4.06,3,5.4,307,0.02,204,0,0,0,0,0,0,*
H,7,10,1,5,0.13,0,0.4,99,99,99,1025,1025,1025,4.23,3.3,5.4,326,0.06,204,0,0,0,0,0,0,*
H,8,10,1,5,0.06,0,0.2,99,99,99,1025,1025,1025,3.23,0,5.4,328,0.21,204,0,0,0,0,0,0,*
H,9,10,1,5,0.46,0.2,1,99,99,99,1025,1025,1025,30.37,3.3,74.1,316,0.14,205,0,0,0,0,0,0,*
H,10,10,1,5,2.24,0.9,4,97.07,93,99,1025,1025,1025,139.67,75.8,202.4,314,0.14,204,0,0,0,0,0,0,*
H,11,10,1,5,4.86,3.9,5.7,87.1,83,93,1025,1025,1025,241.74,201,291.3,252,0.48,204,0,0,0,0,0,0,*
H,12,10,1,5,6.7,5.4,7.8,81.1,76,86,1025,1025,1025,322.39,280.4,334.7,240,0.39,204,0,0,0,0,0,0,*
H,13,10,1,5,8.11,7.5,8.6,65.55,58,76,1024.46,1024,1025,318.31,281.6,331.9,230,0.37,203,0,0,0,0,0,0,*
H,14,10,1,5,9.03,8.5,9.6,50.03,44,59,1023.79,1023,1024,292.06,261.3,322.6,220,0.37,204,0,0,0,0,0,0,*
H,15,10,1,5,9.3,9.1,9.7,43.5,42,45,1023,1023,1023,214.56,166.5,261.7,219,0.36,204,0,0,0,0,0,0,*
H,16,10,1,5,9.26,8.9,9.7,43.42,42,47,1023,1023,1023,106.73,50.9,165.2,224,0.2,204,0,0,0,0,0,0,*
H,17,10,1,5,7.99,7,8.9,58.6,47,71,1023,1023,1023,16.98,0,50.9,202,0.16,205,0,0,0,0,0,0,*
H,18,10,1,5,6.53,5.6,7.2,84.73,72,93,1023,1023,1023,2.95,1.3,4.4,149,0.18,204,0,0,0,0,0,0,*
H,19,10,1,5,4.91,4,5.6,96.3,93,99,1023,1023,1023,3.25,1.6,4.4,145,0.06,204,0,0,0,0,0,0,*
H,20,10,1,5,3.62,3.3,4,99,99,99,1023,1023,1023,3.56,2.6,4.7,131,0.21,205,0,0,0,0,0,0,*
H,21,10,1,5,2.83,2.5,3.3,99,99,99,1023,1023,1023,3.76,2.6,4.7,114,0.57,204,0,0,0,0,0,0,*
H,22,10,1,5,2.33,2.1,2.6,99,99,99,1023,1023,1023,3.88,3,4.7,11,0.09,204,0,0,0,0,0,0,*
H,23,10,1,5,2.05,1.9,2.2,99,99,99,1022.96,1022,1023,3.94,3,4.7,12,0.09,205,0,0,0,0,0,0,*
H,0,11,1,5,1.99,1.9,2.1,99,99,99,1022,1022,1022,4.05,3.3,5.4,6,0.1,204,0,0,0,0,0,0,0,9.7,42,99,1022,1025,*
H,1,11,1,5,1.42,1,2,99,99,99,1022.31,1022,1023,4.12,3,5.4,16,0.13,205,0,0,0,0,0,0,*
H,2,11,1,5,0.74,0.4,1,99,99,99,1022,1022,1022,4.22,3.3,5,6,0.08,204,0,0,0,0,0,0,*
H,2.09,11,1,5,0.95,0.9,1,99,99,99,1022,1022,1022,4.25,3.7,4.7,0,0,30,0,0,0,0,0,0,*
H,3,11,1,5,0.81,0.7,1,99,99,99,1022,1022,1022,4.32,3.3,5.4,2,0.08,173,0,0,0,0,0,0,*
H,4,11,1,5,1.23,0.8,1.5,99,99,99,1022,1022,1022,4.23,3.3,5.4,2,0.12,205,0,0,0,0,0,0,*
H,5,11,1,5,1.57,1.3,1.9,99,99,99,1022,1022,1022,4.11,3,5.4,14,0.15,204,0,0,0,0,0,0,*
H,6,11,1,5,2.19,1.8,2.4,99,99,99,1022,1022,1022,4.09,3.3,5,359,0.03,205,0,0,0,0,0,0,*
H,7,11,1,5,2.56,2.4,2.8,99,99,99,1022,1022,1022,4.02,3,4.7,10,0.11,204,0,0,0,0,0,0,*
H,8,11,1,5,2.95,2.7,3.2,99,99,99,1022,1022,1022,3.6,1.6,4.7,351,0.28,205,0,0,0,0,0,0,*
H,9,11,1,5,3.56,3.2,4.1,99,99,99,1022,1022,1022,8.03,0,21.8,359,0.24,204,0,0,0,0,0,0,*
H,10,11,1,5,4.41,4.1,4.8,97.82,95,99,1022.88,1022,1023,43.13,21.8,66.6,1,0.17,204,0,0,0,0,0,0,*
H,11,11,1,5,5.31,4.8,5.8,93.97,93,96,1023,1023,1023,66.26,61.8,76.9,344,0.23,204,0,0,0,0,0,0,*
H,12,11,1,5,5.89,5.7,6.2,89.76,86,93,1023,1023,1023,101.02,73.8,125.8,7,0.3,204,0,0,0,0,0,0,*
H,13,11,1,5,6.45,6.1,6.7,84.93,84,86,1022.98,1022,1023,113.87,98.7,132.3,13,0.32,204,0,0,0,0,0,0,*
H,14,11,1,5,6.76,6.6,7.3,84.96,84,86,1022,1022,1022,103.14,86.8,114.1,26,0.33,204,0,0,0,0,0,0,*
H,15,11,1,5,6.9,6.7,7.1,86.51,85,88,1022,1022,1022,69.6,45,85.3,27,0.38,204,0,0,0,0,0,0,*
H,16,11,1,5,6.98,6.9,7.1,87.09,87,88,1022,1022,1022,30.8,13.6,44.4,21,0.27,204,0,0,0,0,0,0,*
H,17,11,1,5,6.74,6.6,7,85.5,83,87,1022,1022,1022,5.53,0,13.9,13,0.22,204,0,0,0,0,0,0,*
H,18,11,1,5,6.15,5.8,6.6,85.43,84,87,1022,1022,1022,3.38,1.6,5,1,0.25,204,0,0,0,0,0,0,*
H,19,11,1,5,5.66,5.5,5.9,86.6,86,87,1022,1022,1022,3.52,2.3,4.7,351,0.33,204,0,0,0,0,0,0,*
H,20,11,1,5,5.5,5.2,5.8,85.89,85,86,1022,1022,1022,3.62,2.6,4.7,332,0.23,204,0,0,0,0,0,0,*
H,21,11,1,5,4.63,3.9,5.2,87.01,86,90,1022,1022,1022,3.77,2.6,4.7,322,0.21,204,0,0,0,0,0,0,*
H,22,11,1,5,3.35,2.8,3.9,92.47,90,95,1022,1022,1022,3.74,3,4.7,287,0.42,205,0,0,0,0,0,0,*
H,23,11,1,5,2.41,1.9,2.8,96.68,95,98,1021.92,1021,1022,3.83,2.6,5,271,0.33,204,0,0,0,0,0,0,*
H,0,12,1,5,1.82,1.5,2.1,98.98,98,99,1021.46,1021,1022,3.86,3,4.7,259,0.21,204,0,0,0,0,0,0,0.6,7.5,83,99,1021,1023,*
H,1,12,1,5,1.4,1.1,1.7,99,99,99,1021,1021,1021,4.02,3,5,279,0.22,203,0,0,0,0,0,0,*
H,2,12,1,5,1.11,1,1.2,99,99,99,1021,1021,1021,4.09,2.6,5,296,0.18,205,0,0,0,0,0,0,*
H,3,12,1,5,1.05,0.9,1.2,98.3,97,99,1021,1021,1021,4.17,3,5,305,0.18,204,0,0,0,0,0,0,*
H,4,12,1,5,0.66,0.2,1,97.71,97,99,1020.27,1020,1021,4.14,3,5,301,0.09,204,0,0,0,0,0,0,*
H,5,12,1,5,0.53,0.2,0.8,98.85,98,99,1020,1020,1020,4.16,3,5,313,0.13,204,0,0,0,0,0,0,*
H,6,12,1,5,-0.13,-0.3,0.3,98.66,98,99,1020,1020,1020,4.16,3.3,5,330,0.06,204,0,0,0,0,0,0,*
H,7,12,1,5,-0.37,-0.6,-0.1,99,99,99,1020,1020,1020,4.29,3,5.4,344,0.37,204,0,0,0,0,0,0,*
H,8,12,1,5,-0.28,-0.6,0,99,99,99,1020.01,1020,1021,3.25,0,5,14,0.1,204,0,0,0,0,0,0,*
H,9,12,1,5,0.01,-0.6,0.6,99,99,99,1020.78,1020,1021,39.58,4.7,88.1,17,0.2,204,0,0,0,0,0,0,*
H,10,12,1,5,1.95,0.6,3.2,97.17,94,99,1021,1021,1021,150.58,89.5,205.8,14,0.17,204,0,0,0,0,0,0,*
H,11,12,1,5,4.16,3.1,5.4,90,87,94,1021,1021,1021,251.04,207.2,290.3,25,0.37,204,0,0,0,0,0,0,*
H,12,12,1,5,6.15,5.3,6.8,83.04,80,87,1020.76,1020,1021,314.73,291,331.2,26,0.41,204,0,0,0,0,0,0,*
H,13,12,1,5,7.42,6.8,8.7,74.32,71,80,1019.87,1019,1020,329.02,319.5,333.6,26,0.6,204,0,0,0,0,0,0,*
H,14,12,1,5,8.68,8.1,9.2,59.08,52,71,1019,1019,1019,296.14,261,321.2,107,0.55,204,0,0,0,0,0,0,*
H,15,12,1,5,9.14,8.7,9.7,52.69,51,54,1018.85,1018,1019,213.69,159.1,261.3,138,0.59,203,0,0,0,0,0,0,*
H,16,12,1,5,8.82,8.4,9.4,62.56,55,70,1018,1018,1018,105.22,52.6,158.4,174,0.38,204,0,0,0,0,0,0,*
H,17,12,1,5,7.48,6.4,8.4,77.31,70,82,1018,1018,1018,18.49,0.1,54.3,201,0.26,204,0,0,0,0,0,0,*
H,18,12,1,5,5.84,5.2,6.3,85.17,82,89,1018,1018,1018,3.12,1.3,4.7,234,0.23,204,0,0,0,0,0,0,*
H,19,12,1,5,4.68,4.1,5.3,92.28,89,95,1018.08,1018,1019,3.41,2.3,4.7,243,0.15,204,0,0,0,0,0,0,*
H,20,12,1,5,3.55,3.1,4.1,97.19,95,98,1018.94,1018,1019,3.6,2.3,4.4,242,0.14,204,0,0,0,0,0,0,*
H,21,12,1,5,2.59,2.1,3.1,98.92,98,99,1019,1019,1019,3.7,2.6,4.7,248,0.21,204,0,0,0,0,0,0,*
H,22,12,1,5,1.67,0.9,2.2,99,99,99,1018.3,1018,1019,3.91,3,5,245,0.19,204,0,0,0,0,0,0,*
H,23,12,1,5,-0.12,-1.1,1,99,99,99,1018,1018,1018,4.09,3,5,231,0.16,204,0,0,0,0,0,0,*
H,0,13,1,5,-1.46,-2.2,-0.8,99,99,99,1018,1018,1018,4.24,3,5.4,249,0.31,203,0,0,0,0,0,0,-2.2,9.7,51,99,1018,1021,*
H,1,13,1,5,-2.2,-2.8,-1.8,99,99,99,1018,1018,1018,4.38,3.3,5.4,259,0.39,204,0,0,0,0,0,0,*
H,2,13,1,5,-2.88,-3.2,-2.5,99,99,99,1018,1018,1018,4.48,3.7,5.4,251,0.52,204,0,0,0,0,0,0,*
H,3,13,1,5,-3.2,-3.4,-2.9,99,99,99,1018,1018,1018,4.48,3.3,5.4,244,0.64,203,0,0,0,0,0,0,*
H,4,13,1,5,-3.08,-3.3,-2.8,99,99,99,1017.57,1017,1018,4.54,3.2,5.7,260,0.5,204,0,0,0,0,0,0,*
H,5,13,1,5,-3.41,-3.8,-3.2,99,99,99,1017,1017,1017,4.54,3.4,5.5,278,0.39,204,0,0,0,0,0,0,*
H,6,13,1,5,-3.53,-3.8,-3.2,99,99,99,1017,1017,1017,4.53,3.3,5.4,259,0.29,203,0,0,0,0,0,0,*
H,7,13,1,5,-2.94,-3.3,-2.7,99,99,99,1017,1017,1017,4.5,3.2,5.7,264,0.4,204,0,0,0,0,0,0,*
H,8,13,1,5,-3.08,-3.3,-2.6,99,99,99,1017,1017,1017,3.88,0,7.1,171,1.17,204,0,0,0,0,0,0,*
H,9,13,1,5,-2.74,-3.2,-2,99,99,99,1017.39,1017,1018,37.23,6.7,54.1,274,0.75,204,0,0,0,0,0,0,*
H,10,13,1,5,-2.15,-2.5,-1.5,99,99,99,1017.79,1017,1018,78.51,35.2,150.8,312,1.3,203,0,0,0,0,0,0,*
H,11,13,1,5,-0.82,-1.7,0.9,99,99,99,1017.5,1017,1018,119.14,80.3,189.7,156,0.51,204,0,0,0,0,0,0,*
H,12,13,1,5,0.03,-0.7,0.7,99,99,99,1017.06,1017,1018,146.24,105.6,197.6,103,1.47,204,0,0,0,0.2,0,0.2,*
H,13,13,1,5,1.09,0.3,2.3,99,99,99,1017,1016,1018,202.66,131.9,333.8,212,0.85,203,0,0,0,0,0,0,*
H,14,13,1,5,2.81,2.1,3.7,99,99,99,1016,1016,1016,212.13,112.5,321.8,282,0.62,204,0,0,0,0,0,0,*
H,15,13,1,5,4.55,3.7,5.3,92.55,88,99,1015.79,1015,1016,214.32,171.9,250.6,265,0.77,204,0,0,0,0,0,0,*
H,16,13,1,5,5.18,5,5.4,87.6,87,89,1015.04,1015,1016,114.56,58.4,172.4,222,0.33,203,0,0,0,0,0,0,*
H,17,13,1,5,4.33,3.6,5.1,91.87,89,96,1015.57,1015,1016,20.29,0,56.7,228,0.15,204,0,0,0,0,0,0,*
H,18,13,1,5,3.06,2.5,3.9,98.22,96,99,1016,1016,1016,3.25,0.6,4.4,221,0.18,204,0,0,0,0,0,0,*
H,19,13,1,5,1.08,0.1,2.4,99,99,99,1016,1016,1016,3.78,2.6,4.7,225,0.24,204,0,0,0,0,0,0,*
H,20,13,1,5,0.03,-0.1,0.4,99,99,99,1016.74,1016,1017,4.05,3.3,5,241,0.25,204,0,0,0,0,0,0,*
H,21,13,1,5,0.03,-0.2,0.3,99,99,99,1017,1017,1017,4.15,3.3,5,243,0.27,204,0,0,0,0,0,0,*
H,22,13,1,5,-0.32,-0.7,0.1,99,99,99,1017,1017,1017,4.21,3.3,5.4,262,0.35,204,0,0,0,0,0,0,*
H,23,13,1,5,-0.86,-1.4,-0.3,99,99,99,1017,1017,1017,4.26,3.3,5.4,246,0.56,204,0,0,0,0,0,0,*
H,0,14,1,5,-1.11,-1.5,-0.7,99,99,99,1017.01,1017,1018,4.33,3,5.4,243,0.33,204,0,0,0,0,0,0,-3.9,5.5,87,99,1015,1018,*
H,1,14,1,5,-1.24,-1.6,-0.7,99,99,99,1017,1017,1018,4.36,3,5.7,255,0.44,203,0,0,0,0,0,0,*
H,2,14,1,5,-1.69,-2.1,-1.3,99,99,99,1017.04,1017,1018,4.37,3.3,5,269,0.43,204,0,0,0,0,0,0,*
H,3,14,1,5,-2.17,-2.4,-1.9,99,99,99,1017.53,1017,1018,4.41,3.3,5.4,232,0.34,203,0,0,0,0,0,0,*
H,4,14,1,5,-2.53,-2.8,-2.3,99,99,99,1017.03,1017,1018,4.5,3,5.7,225,0,204,0,0,0,0,0,0,*
H,5,14,1,5,-2.91,-3.1,-2.8,99,99,99,1017,1017,1017,4.54,3.7,5.7,268,0.47,204,0,0,0,0,0,0,*
H,6,14,1,5,-3.31,-3.5,-3.1,99,99,99,1017,1017,1017,4.57,3,5.9,229,0.09,204,0,0,0,0,0,0,*
H,7,14,1,5,-3.37,-3.6,-3.2,99,99,99,1017,1017,1017,4.58,3.4,5.7,235,0.35,204,0,0,0,0,0,0,*
H,8,14,1,5,-3.52,-3.8,-3.3,99,99,99,1017.33,1017,1018,3.5,0.1,5.7,222,0,203,0,0,0,0,0,0,*
H,9,14,1,5,-3.4,-3.8,-3.1,99,99,99,1018,1018,1018,45.89,2.3,94.7,223,0,204,0,0,0,0,0,0,*
H,10,14,1,5,-2.93,-3.2,-2.3,99,99,99,1018.03,1018,1019,142.16,94.3,198.7,226,0.2,204,0,0,0,0,0,0,*
H,11,14,1,5,-1.12,-2.3,-0.1,99,99,99,1018.65,1018,1019,247.75,195.2,300.9,221,0.35,203,0,0,0,0.2,0,0.2,*
H,12,14,1,5,0.08,-0.4,0.8,99,99,99,1018.16,1018,1019,318.7,283.5,342.7,229,0.27,204,0,0,0,0,0,0,*
H,13,14,1,5,1.33,0.4,2.5,99,99,99,1017.9,1017,1018,341.13,331,350.5,231,0.24,203,0,0,0,0,0,0,*
H,14,14,1,5,3.94,2.2,5.5,99,99,99,1017,1017,1017,317.09,282.8,341.7,229,0.35,204,0,0,0,0,0,0,*
H,14.25,14,1,5,5.58,5,6.2,90.75,85,99,1017,1017,1017,266.79,247.5,282.3,214,0.36,84,0,0,0,0,0,0,*
H,15,14,1,5,5.88,5.4,6.3,83.87,83,85,1017,1017,1017,210.57,180.6,245.4,224,0.25,118,0,0,0,0,0,0,*
H,16,14,1,5,5.34,5,5.8,87.49,85,90,1017,1017,1017,121.59,67.6,179.6,232,0.33,204,0,0,0,0,0,0,*
H,17,14,1,5,4.67,3.8,5.2,90.9,90,93,1017.72,1017,1018,23.46,0,67.3,232,0.14,204,0,0,0,0,0,0,*
H,18,14,1,5,3.06,2.5,3.8,97.11,93,99,1018.07,1018,1019,3.01,0.9,4.4,212,0.37,204,0,0,0,0,0,0,*
H,19,14,1,5,1.83,1.3,2.5,99,99,99,1019,1019,1019,3.63,2.6,4.7,232,0.18,204,0,0,0,0,0,0,*
H,20,14,1,5,0.04,-1.2,1.3,99,99,99,1019.54,1019,1020,3.91,2.6,5,227,0.2,204,0,0,0,0,0,0,*
H,21,14,1,5,-1.05,-1.4,-0.8,99,99,99,1020,1020,1020,4.15,3.3,5.4,250,0.38,204,0,0,0,0,0,0,*
H,22,14,1,5,-1.79,-2.1,-1.3,99,99,99,1020,1020,1020,4.36,3.3,5.4,245,0.3,204,0,0,0,0,0,0,*
H,23,14,1,5,-1.92,-2.2,-1.5,99,99,99,1020,1020,1020,4.41,3,5.4,233,0.47,204,0,0,0,0,0,0,*
H,0,15,1,5,-2.31,-2.5,-2,99,99,99,1020,1020,1020,4.49,3.3,5.4,261,0.46,204,0,0,0,0,0,0,-2.5,6.3,83,99,1017,1020,*
H,1,15,1,5,-2.5,-2.8,-2.1,99,99,99,1020.77,1020,1021,4.38,3.3,5.7,158,0.7,203,0,0,0,0,0,0,*
H,2,15,1,5,-2.56,-2.7,-2.1,99,99,99,1021,1021,1021,4.5,3.7,5.7,253,1.32,204,0,0,0,0,0,0,*
H,3,15,1,5,-2.82,-3.1,-2.5,99,99,99,1021,1021,1021,4.46,3.7,5.7,190,0.9,204,0,0,0,0,0,0,*
H,4,15,1,5,-2.65,-2.8,-2.5,99,99,99,1020.54,1020,1021,4.59,3.7,5.4,301,0.89,204,0,0,0,0,0,0,*
H,5,15,1,5,-2.84,-2.9,-2.7,99,99,99,1020,1020,1020,4.51,3.3,5.4,243,0.63,203,0,0,0,0,0,0,*
H,6,15,1,5,-2.66,-2.9,-2.5,99,99,99,1020,1020,1020,4.52,3.2,5.7,258,0.3,204,0,0,0,0,0,0,*
H,7,15,1,5,-2.6,-2.7,-2.5,99,99,99,1020,1020,1020,4.62,3.7,5.7,288,0.46,204,0,0,0,0,0,0,*
H,8,15,1,5,-2.6,-2.7,-2.4,99,99,99,1020,1020,1020,3.47,0,6,288,0.27,203,0,0,0,0,0,0,*
H,9,15,1,5,-2.12,-2.5,-1.4,99,99,99,1020.12,1020,1021,14.17,1.6,26.3,256,0.35,204,0,0,0,0,0,0,*
H,10,15,1,5,-1.44,-1.9,-0.8,99,99,99,1021,1021,1021,32.15,10.2,71.7,295,0.4,204,0,0,0,0,0,0,*
H,11,15,1,5,-0.24,-0.8,0.3,99,99,99,1021,1021,1021,90.2,69,128.8,326,0.4,203,0,0,0,0,0,0,*
H,12,15,1,5,0.59,0.1,2.3,99,99,99,1021,1021,1021,95.81,69,136.7,17,0.44,204,0,0,0,0.2,0,0.2,*
H,13,15,1,5,1.7,1.1,2.2,97.29,92,99,1020.17,1020,1021,137.48,118.6,154.9,28,0.34,204,0,0,0,0,0,0,*
H,14,15,1,5,2.53,2.1,3.1,91.38,91,94,1020,1020,1020,169.31,140.5,393.6,40,0.49,204,0,0,0,0,0,0,*
H,15,15,1,5,2.7,2.5,3,96.88,94,98,1019.68,1019,1020,128.73,94.3,221.9,56,0.63,204,0,0,0,0,0,0,*
H,16,15,1,5,2.84,2.5,3.2,97.12,96,99,1019.63,1019,1020,109.69,46.8,165.1,77,0.59,204,0,0,0,0,0,0,*
H,17,15,1,5,2.05,1.3,2.5,99,99,99,1019.89,1019,1020,18.09,0,41.3,106,0.37,203,0,0,0,0,0,0,*
H,18,15,1,5,-0.07,-1.1,1.3,99,99,99,1020,1020,1020,3.63,1.3,5,50,0.47,204,0,0,0,0,0,0,*
H,19,15,1,5,-1.13,-1.4,-0.8,99,99,99,1020,1020,1020,4.22,2.3,5.4,6,0.14,204,0,0,0,0,0,0,*
H,20,15,1,5,-2.04,-2.6,-1.1,99,99,99,1020.95,1020,1021,4.27,2.6,5.4,75,0.88,204,0,0,0,0,0,0,*
H,21,15,1,5,-2.68,-3,-2.2,99,99,99,1021.51,1021,1022,4.36,3.3,5.4,90,0.32,204,0,0,0,0,0,0,*
H,22,15,1,5,-3.16,-3.4,-2.9,99,99,99,1022,1022,1022,4.53,3,5.7,28,0.23,204,0,0,0,0,0,0,*
H,23,15,1,5,-3.47,-3.7,-3.1,99,99,99,1022,1022,1022,4.62,3.7,5.4,12,0.14,204,0,0,0,0,0,0,*
H,0,16,1,5,-3.85,-4.2,-3.6,99,99,99,1022,1022,1022,4.54,2.8,6.4,35,0.52,204,0,0,0,0,0,0,-4.2,3.2,91,99,1019,1022,*
H,1,16,1,5,-4.15,-4.4,-3.9,99,99,99,1022,1022,1022,4.48,3.4,5.7,130,1.06,203,0,0,0,0,0,0,*
H,2,16,1,5,-4.2,-4.3,-3.9,99,99,99,1022,1022,1022,4.62,3.3,5.9,273,0.23,204,0,0,0,0,0,0,*
H,3,16,1,5,-4.08,-4.5,-3.8,99,99,99,1022,1022,1022,4.7,3.4,5.7,253,0.78,204,0,0,0,0,0,0,*
H,4,16,1,5,-4.16,-4.4,-3.8,99,99,99,1022,1022,1022,4.67,3.9,6,244,0.8,204,0,0,0,0,0,0,*
H,5,16,1,5,-3.97,-4.1,-3.8,99,99,99,1022,1022,1022,4.71,3.9,6.7,311,0.21,203,0,0,0,0,0,0,*
H,6,16,1,5,-3.5,-4,-2.6,99,99,99,1022,1022,1022,4.74,3.4,5.7,343,0.28,204,0,0,0,0,0,0,*
H,7,16,1,5,-2.29,-2.7,-1.8,99,99,99,1022,1022,1022,4.76,3.4,6,2,0.06,205,0,0,0,0,0,0,*
H,8,16,1,5,-1.8,-2.2,-1.5,98.45,96,99,1022,1022,1022,4.54,0,20.4,0,0.14,204,0,0,0,0,0,0,*
H,9,16,1,5,-1,-1.8,0,94.31,91,96,1022.89,1022,1023,79.34,20.8,135.7,2,0.1,204,0,0,0,0,0,0,*
H,10,16,1,5,1.21,0.1,2.6,89.06,85,91,1023,1023,1023,199.3,136.4,245.8,9,0.2,204,0,0,0,0,0,0,*
H,11,16,1,5,3.21,2.6,3.8,61.68,37,85,1023.59,1023,1024,287.98,244.1,331,18,0.28,203,0,0,0,0.2,0,0.2,*
H,12,16,1,5,4.25,3.7,4.9,23.98,9,38,1023.23,1023,1024,355.55,330,381.6,35,0.36,204,0,0,0,0,0,0,*
H,13,16,1,5,4.79,4.4,5.3,17.83,9,26,1023,1023,1023,367.94,357.4,375.1,54,0.39,204,0,0,0,0,0,0,*
H,14,16,1,5,5.18,4.9,5.6,25.64,21,30,1022.42,1022,1023,334.54,303.7,358.8,68,0.39,204,0,0,0,0,0,0,*
H,15,16,1,5,5.58,5.4,5.9,35.26,29,42,1022,1022,1022,257.19,208.7,304.6,75,0.51,204,0,0,0,0,0,0,*
H,16,16,1,5,5.72,5.5,6.5,46.35,41,49,1022,1022,1022,143.28,80.7,207.1,84,0.71,204,0,0,0,0,0,0,*
H,17,16,1,5,5.08,4.2,5.8,44.73,37,48,1021.75,1021,1022,30.41,0.1,79.3,7,0.7,205,0,0,0,0,0,0,*
H,18,16,1,5,3.45,2.7,4.3,25.06,13,37,1021.66,1021,1022,3.14,0,4.7,0,0,205,0,0,0,0,0,0,*
H,19,16,1,5,1.69,1.1,2.7,17.12,9,30,1022,1022,1022,3.74,2.6,4.7,0,0,204,0,0,0,0,0,0,*
H,20,16,1,5,1.25,0.6,1.8,39.28,25,51,1022,1022,1022,3.89,3,4.7,0,0.01,205,0,0,0,0,0,0,*
H,21,16,1,5,0.03,-0.5,0.6,63.98,51,73,1022,1022,1022,4.08,3,5,355,0.2,204,0,0,0,0,0,0,*
H,22,16,1,5,-0.67,-1.1,-0.3,75.9,73,81,1021.96,1021,1022,4.22,3.3,5.4,304,0.33,204,0,0,0,0,0,0,*
H,23,16,1,5,-1.19,-1.4,-1,84.86,81,87,1021.01,1021,1022,4.31,3,5.4,292,0,204,0,0,0,0,0,0,*
H,0,17,1,5,-1.99,-2.5,-1.4,89.19,87,92,1021.38,1021,1022,4.36,3.3,5.4,311,0.83,204,0,0,0,0,0,0,-4.5,6.5,9,99,1021,1024,*
H,1,17,1,5,-1.89,-2.4,-1.6,93.4,92,94,1021.42,1021,1022,4.44,3.3,5.7,16,0.39,203,0,0,0,0,0,0,*
H,2,17,1,5,-1.38,-1.8,-1,88.4,85,92,1021,1021,1021,4.5,3.3,5.4,5,0.09,205,0,0,0,0,0,0,*
H,3,17,1,5,-1.18,-1.4,-1,84.04,82,85,1021,1021,1021,4.57,3.7,5.7,4,0.16,204,0,0,0,0,0,0,*
H,4,17,1,5,-1.41,-1.7,-1.2,82.4,82,83,1021,1021,1021,4.62,3.7,5.7,355,0.1,204,0,0,0,0,0,0,*
H,5,17,1,5,-1.9,-2.1,-1.7,84.03,83,85,1020.65,1020,1021,4.64,3.7,5.4,358,0.1,204,0,0,0,0,0,0,*
H,6,17,1,5,-2.39,-2.9,-1.9,86.13,84,88,1020,1020,1020,4.56,3.7,5.7,345,0.13,204,0,0,0,0,0,0,*
H,7,17,1,5,-2.69,-2.9,-2.5,88.82,88,89,1020,1020,1020,4.59,3.7,5.4,332,0.13,204,0,0,0,0,0,0,*
H,8,17,1,5,-2.36,-2.8,-2.1,87.39,87,89,1020,1020,1020,4.25,0,19.8,311,0.19,204,0,0,0,0,0,0,*
H,9,17,1,5,-2.14,-2.8,-1.1,87.75,86,89,1020,1020,1020,93.67,19.4,171.9,294,0.12,204,0,0,0,0,0,0,*
H,10,17,1,5,0.05,-1.2,1.6,79.87,76,86,1020,1020,1020,228.87,173.3,264.3,281,0.36,204,0,0,0,0,0,0,*
H,11,17,1,5,2.54,1.4,3.4,56.19,23,76,1020,1020,1020,289.71,243.1,330,233,0.29,204,0,0,0,0,0,0,*
H,12,17,1,5,3.98,3.3,4.7,32.26,24,43,1019.36,1019,1020,350.59,326.3,367.3,260,0.39,203,0,0,0,0,0,0,*
H,13,17,1,5,4.85,4.2,5.6,16.71,13,23,1018.5,1018,1019,361.29,343.7,369.3,244,0.41,204,0,0,0,0,0,0,*
H,14,17,1,5,5.66,5,6.2,11.96,10,15,1017.73,1017,1018,318.35,290.3,351.5,241,0.45,204,0,0,0,0,0,0,*
H,15,17,1,5,5.95,5.6,6.3,10.97,9,14,1017,1017,1017,251.77,205.8,290.7,235,0.37,204,0,0,0,0,0,0,*
H,16,17,1,5,5.77,5.3,6.1,10.12,9,12,1016.72,1016,1017,142.78,82.9,204.3,243,0.32,203,0,0,0,0,0,0,*
H,17,17,1,5,4.16,3,5.3,27.59,11,40,1016,1016,1016,30.41,0.2,81,229,0.21,204,0,0,0,0,0,0,*
H,18,17,1,5,2.04,1,3,58.44,41,81,1015.93,1015,1016,3.19,0,4.7,255,0.22,205,0,0,0,0,0,0,*
H,19,17,1,5,0.06,-0.8,1.1,90.01,81,96,1015,1015,1015,3.93,3,5,245,0.26,204,0,0,0,0,0,0,*
H,20,17,1,5,-1.94,-2.7,-0.8,98.05,96,99,1015,1015,1015,4.16,3,5,257,0.2,204,0,0,0,0,0,0,*
H,21,17,1,5,-2.86,-3.1,-2.5,99,99,99,1014.78,1014,1015,4.47,3.3,5.4,251,0.3,204,0,0,0,0,0,0,*
H,22,17,1,5,-3.22,-3.6,-2.8,99,99,99,1014,1014,1014,4.55,3.3,5.7,249,0.3,203,0,0,0,0,0,0,*
H,23,17,1,5,-3.53,-3.8,-3.2,99,99,99,1014,1014,1014,4.59,3.7,5.4,250,0.28,204,0,0,0,0,0,0,*
H,0,18,1,5,-3.7,-4,-3.4,99,99,99,1013.26,1013,1014,4.56,3.9,5.4,251,0.26,204,0,0,0,0,0,0,-4,6.3,9,99,1013,1022,*
H,1,18,1,5,-3.93,-4.2,-3.6,99,99,99,1012.79,1012,1013,4.62,3.7,5.5,264,0.33,203,0,0,0,0,0,0,*
H,2,18,1,5,-4.34,-4.5,-4.1,99,99,99,1012,1012,1012,4.68,3.9,5.5,253,0.3,204,0,0,0,0,0,0,*
H,3,18,1,5,-4.3,-4.5,-4,99,99,99,1011.72,1011,1012,4.7,3.4,5.7,257,0.33,204,0,0,0,0,0,0,*
H,4,18,1,5,-4.57,-5.1,-4.1,99,99,99,1011,1011,1011,4.75,3.4,5.7,253,0.35,204,0,0,0,0,0,0,*
H,5,18,1,5,-4.85,-5.2,-4.6,99,99,99,1010.34,1010,1011,4.73,3.4,6,251,0.3,203,0,0,0,0,0,0,*
H,6,18,1,5,-5.13,-5.5,-4.6,99,99,99,1009.99,1009,1010,4.8,3.9,6,253,0.38,204,0,0,0,0,0,0,*
H,7,18,1,5,-5.2,-5.5,-5,99,99,99,1009,1009,1010,4.76,3.9,6,256,0.32,204,0,0,0,0,0,0,*
H,8,18,1,5,-5.2,-5.5,-4.9,99,99,99,1009,1009,1009,3.08,0,5.9,248,0.35,204,0,0,0,0,0,0,*
H,9,18,1,5,-4.74,-4.9,-4.6,99,99,99,1008.52,1008,1009,15.13,4,22.6,230,0.5,203,0,0,0,0,0,0,*
H,10,18,1,5,-4.4,-4.8,-4.1,99,99,99,1008,1008,1008,50.1,22.1,80.8,284,0.51,204,0,0,0,0,0,0,*
H,11,18,1,5,-4.32,-4.6,-4.1,99,99,99,1007.7,1007,1008,92.9,40.6,148,339,0.68,203,0,0,0,0,0,0,*
H,12,18,1,5,-3.43,-4.7,-2.6,99,99,99,1006.41,1006,1007,129.31,88.8,221.9,22,0.47,204,0,0,0,0,0,0,*
H,13,18,1,5,-2.98,-3.5,-2.6,99,99,99,1005.23,1005,1006,109.67,52.9,221.9,86,0.7,204,0,0,0,0,0,0,*
H,14,18,1,5,-3.28,-3.8,-1.9,99,99,99,1003.91,1003,1005,92.5,26.5,171.3,57,0.64,203,0,0,0,0,0,0,*
H,15,18,1,5,-2.65,-3,-1.9,99,99,99,1003,1002,1004,19.46,7.4,34.8,36,0.31,204,0,0,0,0,0,0,*
H,16,18,1,5,-1.6,-2.1,-1.1,99,99,99,1001.97,1001,1003,2.33,0,6.7,22,0.35,204,0,0,0,0,0,0,*
H,17,18,1,5,-0.65,-1.1,-0.3,99,99,99,1000.38,1000,1001,2.71,0,5,6,0.24,204,0,0,0,0,0,0,*
H,18,18,1,5,-0.61,-0.8,-0.3,99,99,99,999.34,999,1000,4.31,3.3,5.4,7,0.23,204,0,0,0,0,0,0,*
H,19,18,1,5,-0.24,-0.4,0,99,99,99,998.29,997,999,4.36,3.3,5.7,27,0.25,204,0,0,0,0,0,0,*
H,20,18,1,5,0,0,0,99,99,99,996.55,996,997,4.27,3.3,5,17,0.33,205,0,0,0,0,0,0,*
H,21,18,1,5,0,0,0,99,99,99,995.56,995,996,4.33,2.6,5.7,25,0.32,204,0,0,0,0,0,0,*
H,22,18,1,5,-0.01,-0.1,0,99,99,99,994.66,994,995,4.36,3.3,5.4,28,0.29,205,0,0,0,0,0,0,*
H,23,18,1,5,0.09,0,0.2,99,99,99,993.9,993,994,4.3,3.3,5.7,27,0.28,205,0,0,0,0,0,0,*
H,0,19,1,5,0.24,0.2,0.4,99,99,99,993.33,993,994,4.24,3.3,5.7,10,0.32,204,0,0,0,0,0,0,-5.5,0.4,99,99,993,1013,*
H,1,19,1,5,0.7,0.3,1.1,99,99,99,993,993,993,4.25,3,5.4,12,0.25,204,0,0,0,0.4,0,0.4,*
H,2,19,1,5,1.57,1.1,2,99,99,99,992.39,992,993,4.13,3,5.4,35,0.28,205,0,0,0,0,0,0,*
H,3,19,1,5,2.2,2,2.3,99,99,99,991.99,991,992,4.14,3.3,5,46,0.29,204,0,0,0,0.4,0,0.4,*
H,4,19,1,5,2.21,2,2.4,99,99,99,991.93,991,992,4.1,3,5,33,0.34,205,0,0,0,0.4,0,0.4,*
H,5,19,1,5,2.8,2.3,3.2,99,99,99,992.26,992,993,4.14,3,5,26,0.3,205,0,0,0,0,0,0,*
H,6,19,1,5,3.19,3,3.6,99,99,99,993,993,993,4.07,3.3,5.4,15,0.29,204,0,0,0,0,0,0,*
H,7,19,1,5,3.61,3.3,4.2,99,99,99,993.96,993,994,3.96,3,5.4,24,0.44,205,0,0,0,0,0,0,*
H,8,19,1,5,3.84,3.3,4.3,98.85,98,99,994.59,994,995,3.49,1.6,4.7,98,1.19,204,0,0,0,0,0,0,*
H,9,19,1,5,3.61,3.1,4.4,99,99,99,995.89,995,996,11.57,0,27.2,339,1.45,205,0,0,0,0,0,0,*
H,10,19,1,5,4.2,3.1,5.2,97.23,93,99,996.67,996,997,59.79,27.6,86.1,344,0.6,204,0,0,0,0,0,0,*
H,10.43,19,1,5,5.35,4.9,5.6,90.74,89,93,997.15,997,998,109.91,73.8,142.9,12,0.22,146,0,0,0,0,0,0,*
H,11,19,1,5,5.72,5.6,5.9,88.35,88,89,998,998,998,135.09,118.9,143.6,9,0.17,57,0,0,0,0,0,0,*
H,12,19,1,5,5.74,5.6,5.9,84.45,81,88,998,998,998,114.3,91.6,143.8,12,0.31,204,0,0,0,0,0,0,*
H,13,19,1,5,6.51,5.6,7,79.18,72,84,998,998,998,160.72,136.4,209.8,59,0.7,205,0,0,0,0,0,0,*
H,14,19,1,5,7.18,6.5,8.2,70.68,37,78,998.44,998,999,264.73,209.2,326.1,324,0.41,204,0,0,0,0,0,0,*
H,15,19,1,5,8.01,7.7,8.4,20.35,11,35,999,999,1000,175.37,122.4,285.7,328,0.82,204,0,0,0,0,0,0,*
H,16,19,1,5,7.88,7.4,8.2,20.33,11,28,999.94,999,1000,92.49,41.1,139.5,280,0.33,204,0,0,0,0,0,0,*
H,17,19,1,5,6.99,6.3,7.6,36.35,28,46,1000.62,1000,1001,17.45,0,40.6,286,0.15,204,0,0,0,0,0,0,*
H,18,19,1,5,6.31,5.7,6.9,40.07,36,44,1001.92,1001,1002,2.85,0,4.7,281,0.17,204,0,0,0,0,0,0,*
H,19,19,1,5,5.37,4.8,5.8,47.17,40,58,1002.62,1002,1003,3.55,2.3,5,285,0.19,204,0,0,0,0,0,0,*
H,20,19,1,5,4.71,4.3,4.9,65.64,58,70,1003.5,1003,1004,3.6,2.6,4.7,302,0.12,205,0,0,0,0,0,0,*
H,21,19,1,5,3.9,3.3,4.3,75.05,70,80,1004.31,1004,1005,3.74,2.6,5,299,0.08,204,0,0,0,0,0,0,*
H,22,19,1,5,2.41,1.9,3.3,87.24,80,91,1005.12,1005,1006,3.73,2.6,4.7,25,0.36,204,0,0,0,0,0,0,*
H,23,19,1,5,2.2,1.9,2.4,90.11,90,91,1006,1006,1006,3.89,2.6,4.7,22,0.3,205,0,0,0,0,0,0,*
H,0,20,1,5,1.91,1.6,2.3,90.11,89,91,1006.65,1006,1007,4.04,2.6,5,11,0.12,204,0,0,0,0,0,0,1.6,8.4,11,91,998,1007,*
H,1,20,1,5,1.34,1.1,1.7,89.94,89,91,1007,1007,1007,4.15,3.3,5,9,0.15,204,0,0,0,0,0,0,*
H,2,20,1,5,1.11,0.8,1.4,86.57,83,89,1007,1007,1007,4.17,3,5.4,3,0.16,204,0,0,0,0,0,0,*
H,3,20,1,5,0.89,0.7,1.3,78.89,77,82,1007.83,1007,1008,4.27,3,5.4,0,0.2,205,0,0,0,0,0,0,*
H,4,20,1,5,0.29,0,0.8,79.35,76,81,1008,1008,1008,4.32,3.3,5.4,359,0.22,204,0,0,0,0,0,0,*
H,5,20,1,5,0.08,-0.1,0.4,79.19,78,81,1007.83,1007,1008,4.39,3,5.4,6,0.11,205,0,0,0,0,0,0,*
H,6,20,1,5,-0.37,-0.7,-0.1,83.5,81,86,1007.9,1007,1009,4.36,3.3,5.4,3,0.2,204,0,0,0,0,0,0,*
H,7,20,1,5,-0.26,-0.5,0,83.87,83,85,1008.15,1008,1009,4.32,3.3,5.4,3,0.21,204,0,0,0,0,0,0,*
H,8,20,1,5,-0.09,-0.3,0,83.18,81,87,1008.74,1008,1009,4.07,0.2,13.2,348,0.46,204,0,0,0,0,0,0,*
H,9,20,1,5,0.28,-0.1,0.6,84.6,84,85,1009,1009,1009,46.68,12.9,105.6,345,0.27,204,0,0,0,0,0,0,*
H,10,20,1,5,1.47,0.6,2.9,78.29,68,85,1009,1009,1009,140.06,75.8,268.8,322,0.34,204,0,0,0,0,0,0,*
H,11,20,1,5,4.34,2.9,6,47.7,16,67,1009,1009,1009,282.99,97.4,346.8,315,0.37,204,0,0,0,0,0,0,*
H,12,20,1,5,5.98,5.3,6.8,16.28,9,31,1008.34,1008,1009,360.52,322.1,382.3,256,0.97,204,0,0,0,0,0,0,*
H,13,20,1,5,6.83,6.2,7.5,31.42,24,36,1007.29,1007,1008,374.74,359,386.9,225,0.87,204,0,0,0,0,0,0,*
H,14,20,1,5,7.53,7,8.5,37.15,28,41,1006.31,1005,1007,340.23,307.5,366,233,0.72,204,0,0,0,0,0,0,*
H,15,20,1,5,7.72,7.3,8.1,31.21,25,36,1005,1005,1005,254.72,96.8,312.3,220,0.41,203,0,0,0,0,0,0,*
H,16,20,1,5,7.77,6.7,8.4,27.97,9,34,1004.38,1004,1005,142.16,73.4,208.3,205,0.93,204,0,0,0,0,0,0,*
H,17,20,1,5,5.69,4.9,6.7,46.9,31,55,1003.66,1003,1004,31.63,1.3,82.4,87,0.36,204,0,0,0,0,0,0,*
H,18,20,1,5,4.29,3.6,5,65.26,55,73,1003,1003,1003,2.88,0.2,4.7,76,0.22,205,0,0,0,0,0,0,*
H,19,20,1,5,3.15,2.2,4,80.94,73,87,1002.9,1002,1003,3.57,2.6,4.7,36,1.3,204,0,0,0,0,0,0,*
H,20,20,1,5,2.37,1.9,2.7,91.47,88,93,1002.02,1002,1003,3.84,2.3,5,0,0.25,204,0,0,0,0,0,0,*
H,21,20,1,5,1.5,1.2,1.8,93.19,92,94,1001.75,1001,1002,3.86,3,5,32,0.28,204,0,0,0,0,0,0,*
H,22,20,1,5,0.97,0.7,1.3,92.6,92,94,1001.4,1001,1002,4.03,2.6,5,17,0.22,205,0,0,0,0,0,0,*
H,23,20,1,5,0.8,0.6,1,94.48,94,95,1000.68,1000,1001,4.2,3.3,5,7,0.16,204,0,0,0,0,0,0,*
H,0,21,1,5,0.57,0.3,0.8,93.75,93,95,999.91,999,1001,4.28,3.3,5.4,2,0.11,205,0,0,0,0,0,0,-0.7,8.7,9,95,999,1009,*
H,1,21,1,5,0.32,0.2,0.5,92.14,92,93,999.01,999,1000,4.29,3.3,5.4,12,0.15,204,0,0,0,0,0,0,*
H,2,21,1,5,0.24,0,0.4,90.43,89,92,997.76,997,999,4.36,3,5.4,3,0.16,205,0,0,0,0,0,0,*
H,3,21,1,5,0.1,-0.2,0.4,89.9,89,91,996.45,996,997,4.3,3,5.4,357,0.09,204,0,0,0,0,0,0,*
H,4,21,1,5,-0.47,-0.9,0.2,92.31,90,94,995.64,995,996,4.35,3.3,5.4,338,0.05,205,0,0,0,0,0,0,*
H,5,21,1,5,-0.85,-1,-0.7,95.06,94,96,994.5,994,995,4.29,3.3,5.4,316,0.45,204,0,0,0,0,0,0,*
H,6,21,1,5,-0.88,-1.3,-0.7,94.27,93,95,994,994,994,4.38,3.3,5.7,302,0.45,204,0,0,0,0,0,0,*
H,7,21,1,5,-1.17,-1.4,-0.9,95.49,94,96,993.41,993,994,4.42,3,5.7,294,0.37,204,0,0,0,0,0,0,*
H,8,21,1,5,-1.07,-1.3,-0.8,95.48,95,96,993,993,993,3.72,0,11.6,302,0.28,204,0,0,0,0,0,0,*
H,9,21,1,5,-0.35,-1,0.7,94.29,93,95,993,993,993,55.65,12.9,118.6,297,0.25,204,0,0,0,0,0,0,*
H,10,21,1,5,1.66,0.4,3,88.79,84,93,993,993,993,179.37,120,241.8,302,0.37,204,0,0,0,0,0,0,*
H,11,21,1,5,4.32,2.9,6,79.04,67,84,993,993,993,290.63,241.4,332.7,277,0.29,204,0,0,0,0,0,0,*
H,12,21,1,5,6.46,5.7,7.5,35.02,12,67,993,993,993,352.28,329.4,374.6,323,0.54,204,0,0,0,0,0,0,*
H,13,21,1,5,6.83,6.5,7.1,14.91,10,23,993.1,993,994,360.17,305.7,386.9,31,0.49,204,0,0,0,0,0,0,*
H,14,21,1,5,7.09,6.7,7.4,34.34,23,39,993,993,993,317.63,281.6,341.7,67,0.46,204,0,0,0,0,0,0,*
H,15,21,1,5,7.64,7.2,8.1,42.86,39,46,993.22,993,994,244.48,193.2,287,79,0.43,204,0,0,0,0,0,0,*
H,16,21,1,5,7.62,7.4,7.8,50.24,45,55,993.95,993,994,135.27,76.2,190.8,121,0.36,204,0,0,0,0,0,0,*
H,17,21,1,5,7.1,6.3,7.8,57.45,53,66,994.14,994,995,33.09,1.9,76.2,176,0.51,205,0,0,0,0,0,0,*
H,18,21,1,5,5.36,4.6,6.3,78.73,66,88,994.96,994,995,2.71,0,4.7,292,0.49,204,0,0,0,0,0,0,*
H,19,21,1,5,4.47,3.5,5,88.84,88,91,995.45,995,996,3.58,2.6,4.7,343,0.34,204,0,0,0,0,0,0,*
H,20,21,1,5,3.89,3.3,4.2,91.12,89,93,996,996,996,3.7,2.6,4.7,7,0.24,205,0,0,0,0,0,0,*
H,21,21,1,5,3.93,3.6,4.3,89.8,87,91,996.84,996,997,3.86,3,4.7,5,0.15,204,0,0,0,0,0,0,*
H,22,21,1,5,3.76,3.2,4.3,86.77,85,88,997,997,997,3.84,3,4.7,0,0.55,205,0,0,0,0,0,0,*
H,23,21,1,5,3.94,3.3,4.9,83.69,82,85,997,997,998,3.93,2.6,5,346,0.35,204,0,0,0,0,0,0,*
H,0,22,1,5,2.87,2.1,3.6,86.88,85,89,997.66,997,998,3.88,3,5,331,0.51,204,0,0,0,0,0,0,-1.4,8.1,10,96,993,1000,*
H,1,22,1,5,1.65,1,2.4,90.51,87,93,997.18,997,998,3.96,3,5,296,0.69,204,0,0,0,0,0,0,*
H,2,22,1,5,1.22,0.6,1.7,94.21,93,95,997.37,997,998,3.95,3,5,318,1.07,205,0,0,0,0,0,0,*
H,3,22,1,5,0.95,0.2,1.9,93.46,92,95,998,998,998,4.07,3,5,345,1.09,204,0,0,0,0,0,0,*
H,4,22,1,5,0.37,-0.1,1,97.07,94,99,998,998,998,4.14,3,5.4,10,0.26,205,0,0,0,0,0,0,*
H,5,22,1,5,0.9,0.3,1.2,96.15,94,98,997.88,997,998,4.14,3,5.4,6,0.33,205,0,0,0,0,0,0,*
H,6,22,1,5,1.04,0.4,1.6,94.25,90,96,998,998,998,4.14,3,5,1,0.28,204,0,0,0,0,0,0,*
H,7,22,1,5,1.31,0.8,1.6,87.14,86,90,998.61,998,999,4.25,3,5,14,0.34,205,0,0,0,0,0,0,*
H,8,22,1,5,1.32,1,1.6,85.18,85,86,999.1,999,1000,3.15,0.2,5.4,6,0.23,204,0,0,0,0,0,0,*
H,9,22,1,5,1.58,1,2.1,84.03,82,86,1000,1000,1000,60.73,5.4,126.5,337,0.54,204,0,0,0,0,0,0,*
H,10,22,1,5,4.36,2,6,65.4,42,84,1000.12,1000,1001,199.81,128.2,265.4,347,0.37,204,0,0,0,0,0,0,*
H,11,22,1,5,7.31,5.7,8.8,25.58,9,43,1001,1001,1001,319.6,266.4,364.1,341,0.83,204,0,0,0,0,0,0,*
H,12,22,1,5,9.04,8.1,10,37.46,20,49,1001.02,1001,1002,388.67,355.2,405.7,163,0.63,204,0,0,0,0,0,0,*
H,13,22,1,5,9.96,9.1,10.8,50,45,55,1001.62,1001,1002,402.31,389,411.2,157,0.61,204,0,0,0,0,0,0,*
H,14,22,1,5,10.59,10.3,11,52.46,46,56,1002,1002,1002,362.78,333.6,389.6,209,0.36,204,0,0,0,0,0,0,*
H,15,22,1,5,10.3,9.7,10.8,42.77,32,50,1001.83,1001,1002,281.41,236.3,334.2,219,0.33,204,0,0,0,0,0,0,*
H,16,22,1,5,10.32,10.2,10.6,45.44,42,48,1002,1002,1002,168.84,103.6,235.3,213,0.3,203,0,0,0,0,0,0,*
H,17,22,1,5,9.38,8.4,10.2,34.33,24,42,1002.55,1002,1003,44.23,2.6,103.2,226,0.25,204,0,0,0,0,0,0,*
H,18,22,1,5,7.68,6.8,8.4,16.47,9,25,1003.4,1003,1004,2.68,0,4.4,255,0.29,205,0,0,0,0,0,0,*
H,19,22,1,5,6.06,5.2,6.8,42.94,25,57,1004.21,1004,1005,3.38,1.6,4.7,264,0.21,204,0,0,0,0,0,0,*
H,20,22,1,5,4.68,3.6,5.3,61.87,58,65,1005.02,1005,1006,3.65,2.3,5,315,0.93,204,0,0,0,0,0,0,*
H,21,22,1,5,4.29,3.4,5.9,52.5,9,73,1006,1006,1006,3.56,2.3,4.7,307,1,205,0,0,0,0,0,0,*
H,22,22,1,5,3.77,2.7,4.5,43.22,23,55,1006,1006,1006,3.86,3,5,323,0.42,204,0,0,0,0,0,0,*
H,23,22,1,5,1.82,0.9,3,20.03,9,39,1006.44,1006,1007,3.83,2.6,5,307,0.68,204,0,0,0,0,0,0,*
H,0,23,1,5,1.9,0.7,2.9,27.21,9,54,1007,1007,1007,3.98,3,5,326,0.28,205,0,0,0,0,0,0,-0.1,11,9,99,997,1007,*
H,1,23,1,5,3,1.1,5.2,61.23,50,73,1007,1007,1007,3.95,3,5,339,0.5,203,0,0,0,0,0,0,*
H,2,23,1,5,3.44,1.1,5.3,72.75,67,78,1007,1007,1007,4.11,3.3,5,1,1.08,205,0,0,0,0,0,0,*
H,3,23,1,5,0.58,0.1,1.4,52.08,42,66,1007,1007,1007,3.78,2.3,4.7,126,0.39,204,0,0,0,0,0,0,*
H,4,23,1,5,-0.05,-0.5,0.5,36.87,28,45,1007,1007,1007,4.08,2.6,5,251,1.15,204,0,0,0,0,0,0,*
H,5,23,1,5,-0.32,-0.7,0.3,38.16,30,44,1007,1007,1007,4.18,2.6,5.4,291,0.69,204,0,0,0,0,0,0,*
H,6,23,1,5,-0.39,-1,0,21.77,9,36,1007,1007,1007,4.38,3,5.4,340,0.36,205,0,0,0,0,0,0,*
H,7,23,1,5,-0.35,-0.7,0,14.64,9,22,1007,1007,1007,4.38,3.3,5.7,358,0.42,204,0,0,0,0,0,0,*
H,8,23,1,5,0.01,-0.3,0.5,16.32,9,21,1007,1007,1007,3.24,0.2,5.7,351,0.22,204,0,0,0,0,0,0,*
H,9,23,1,5,0.76,0.2,1.2,14.16,10,23,1007,1007,1007,22.27,5,38.9,6,0.19,205,0,0,0,0,0,0,*
H,10,23,1,5,1.6,1.2,2.1,30.02,23,38,1007.37,1007,1008,53.62,38.9,66.6,354,0.17,204,0,0,0,0,0,0,*
H,11,23,1,5,2.41,1.9,3.2,39.05,33,48,1007,1007,1007,71.45,66.3,78.6,9,0.29,205,0,0,0,0,0,0,*
H,12,23,1,5,3.58,3.2,4,44.05,27,52,1007,1007,1007,89.94,73.8,109.7,248,1.05,204,0,0,0,0,0,0,*
H,13,23,1,5,3.89,3.7,4.2,32.81,19,41,1007,1007,1007,87.73,69.7,111.8,247,0.73,204,0,0,0,0,0,0,*
H,14,23,1,5,4.03,3.8,4.3,32.46,22,43,1006.05,1006,1007,67.11,61.5,73.1,85,0.74,204,0,0,0,0,0,0,*
H,15,23,1,5,3.84,3.3,4.4,32.82,19,52,1005.75,1005,1006,72.93,54.7,94.7,112,0.82,204,0,0,0,0,0,0,*
H,16,23,1,5,4.08,3.9,4.3,37.01,28,43,1005,1005,1005,57.65,37.9,77.9,13,1.07,205,0,0,0,0,0,0,*
H,17,23,1,5,3.72,3.3,4.2,16.36,9,31,1004.47,1004,1005,20.73,0.6,36.5,6,0.28,204,0,0,0,0,0,0,*
H,18,23,1,5,2.59,2.1,3.3,35.9,25,38,1004,1004,1004,3.09,0,4.7,14,0.22,205,0,0,0,0,0,0,*
H,19,23,1,5,1.68,1.2,2.1,35.48,34,39,1004,1004,1004,4.03,3,5,12,0.19,204,0,0,0,0,0,0,*
H,20,23,1,5,0.64,0,1.3,44.33,39,55,1004,1004,1004,4.15,3.3,5,112,1.4,205,0,0,0,0,0,0,*
H,21,23,1,5,0.5,0.2,0.8,50.88,45,57,1004,1004,1004,4.18,3.3,5,359,1.05,204,0,0,0,0,0,0,*
H,22,23,1,5,0.17,-0.4,0.8,47.86,43,55,1004,1004,1004,4.34,3.3,5,11,0.18,205,0,0,0,0,0,0,*
H,23,23,1,5,-0.23,-0.6,0,56.95,54,59,1004,1004,1004,4.34,3,5.4,354,0.13,204,0,0,0,0,0,0,*
H,0,24,1,5,-0.08,-0.3,0.2,43.37,32,54,1003.68,1003,1004,4.42,3,5.7,0,0.19,205,0,0,0,0,0,0,-1,5.3,9,78,1003,1008,*
H,1,24,1,5,-0.18,-0.3,0,29.1,25,32,1003,1003,1003,4.5,3.3,6,356,0.16,204,0,0,0,0,0,0,*
H,2,24,1,5,-0.77,-1.1,-0.3,29.27,21,35,1002.69,1002,1003,4.43,3.3,5.7,332,0.18,204,0,0,0,0,0,0,*
H,3,24,1,5,-0.55,-0.7,-0.3,15.76,11,21,1002,1002,1002,4.49,3.7,5.7,332,0.23,204,0,0,0,0,0,0,*
H,4,24,1,5,-1.48,-2.1,-0.6,22.58,11,34,1001.09,1001,1002,4.42,3,5.7,21,0.77,204,0,0,0,0,0,0,*
H,5,24,1,5,-1.69,-2.1,-1.2,24.12,12,33,1001,1001,1001,4.57,3.7,5.4,5,0.2,205,0,0,0,0,0,0,*
H,6,24,1,5,-1.48,-1.7,-0.7,20.31,15,24,1000.01,1000,1001,4.61,3.3,5.7,351,0.23,204,0,0,0,0,0,0,*
H,7,24,1,5,-0.92,-1.1,-0.7,11.83,10,17,1000,1000,1000,4.55,3.3,6,1,0.11,205,0,0,0,0,0,0,*
H,8,24,1,5,-0.48,-0.8,-0.1,11.22,9,14,999.28,999,1000,3.64,0,9.5,356,0.18,204,0,0,0,0,0,0,*
H,9,24,1,5,0.7,-0.2,1.6,27.55,12,40,999,999,999,25.24,5.4,86.8,8,0.16,205,0,0,0,0,0,0,*
H,10,24,1,5,1.97,1.3,2.7,39.84,34,43,999,999,999,134.17,85.8,208.9,5,0.24,204,0,0,0,0,0,0,*
H,11,24,1,5,3.67,2.7,4.2,51.52,38,61,998.99,998,999,262.31,193.8,341.3,35,0.39,204,0,0,0,0,0,0,*
H,12,24,1,5,4.23,4.1,4.4,60.11,57,63,998.38,998,999,226.65,200.7,256.1,47,0.26,204,0,0,0,0,0,0,*
H,13,24,1,5,4.68,4.2,5.1,52.8,50,57,998,998,998,272.17,197.5,420.6,57,0.35,205,0,0,0,0,0,0,*
H,14,24,1,5,5.23,4.9,6,52.57,51,54,998,998,998,204.92,191.1,231.8,69,0.42,204,0,0,0,0,0,0,*
H,15,24,1,5,5.19,5,5.5,55.24,53,57,997.36,997,998,210.97,162.1,264.5,60,0.39,204,0,0,0,0,0,0,*
H,16,24,1,5,5.18,5,5.4,55.63,54,57,997,997,998,146.13,61,257.2,20,0.33,204,0,0,0,0,0,0,*
H,17,24,1,5,4.64,4,5,52.89,47,56,997.52,997,998,42.39,1.6,102.2,9,0.18,205,0,0,0,0,0,0,*
H,18,24,1,5,3.38,3,4,41.71,39,47,998,998,998,2.84,0,4.4,3,0.14,204,0,0,0,0,0,0,*
H,19,24,1,5,2.65,2.1,3.1,35.67,29,40,998,998,998,3.83,3,4.7,359,0.03,205,0,0,0,0,0,0,*
H,20,24,1,5,1.58,1,2.3,15.32,9,31,998.04,998,999,3.98,3,5.4,342,0.23,204,0,0,0,0,0,0,*
H,21,24,1,5,0.72,0.3,1,12.99,9,18,998.75,998,999,4.08,3,5,358,0.08,205,0,0,0,0,0,0,*
H,22,24,1,5,0.54,0.4,0.7,12.66,10,19,999,999,999,4.19,3,5,340,0.19,204,0,0,0,0,0,0,*
H,23,24,1,5,0.55,0,1,10.79,9,30,999,999,999,4.19,3.3,5.4,337,0.33,205,0,0,0,0,0,0,*
H,0,25,1,5,1.42,1,1.7,49.27,31,57,999,999,999,4.12,3.3,5,351,0.19,204,0,0,0,0,0,0,-2.1,6.1,9,63,997,1003,*
H,1,25,1,5,1.13,0.9,1.6,54.44,51,62,998.78,998,999,4.23,3.3,5,356,0.14,204,0,0,0,0,0,0,*
H,2,25,1,5,1.17,0.5,1.8,63.01,58,68,998,998,998,4.18,3,5.4,17,0.57,205,0,0,0,0,0,0,*
H,3,25,1,5,0.87,0.1,1.6,61.5,55,69,998,998,998,4.1,3,5.4,326,0.83,204,0,0,0,0,0,0,*
H,4,25,1,5,1.25,0.4,2.3,68.45,58,76,998,998,998,4.14,3,5,24,0.48,205,0,0,0,0,0,0,*
H,5,25,1,5,1.55,1,1.9,73.56,70,76,998,998,998,4.13,3,5.4,36,0.43,205,0,0,0,0,0,0,*
H,6,25,1,5,1.62,1.2,2.1,75.55,74,78,998,998,998,4.1,3,5.4,23,0.26,204,0,0,0,0,0,0,*
H,7,25,1,5,1.45,1.2,1.9,75.52,74,78,998,998,998,4.06,3,5,27,0.26,205,0,0,0,0,0,0,*
H,8,25,1,5,1.72,1.4,2.1,76.9,75,79,998,998,998,3.43,0,9.5,24,0.23,205,0,0,0,0,0,0,*
H,9,25,1,5,1.88,1.4,2.4,75.85,74,78,998,998,998,36.74,9.8,59.7,15,0.23,204,0,0,0,0,0,0,*
H,10,25,1,5,2.76,2.4,3.1,77.96,77,81,998.36,998,999,96.21,61.1,111.8,25,0.35,205,0,0,0,0,0,0,*
H,11,25,1,5,3.39,3.1,3.9,79.7,77,81,999,999,999,139.71,95.4,255.1,26,0.31,204,0,0,0,0,0,0,*
H,12,25,1,5,4.34,3.8,4.9,80.66,77,85,998.52,998,999,213.12,160,307.1,40,0.36,204,0,0,0,0,0,0,*
H,13,25,1,5,5.16,4.8,5.7,85.65,84,87,997.56,997,998,384.42,282.5,466.5,38,0.28,205,0,0,0,0,0,0,*
H,14,25,1,5,5.47,5.2,5.8,86.73,86,88,996.99,996,997,349.54,178.7,460,31,0.37,204,0,0,0,0,0,0,*
H,15,25,1,5,5.06,4.9,5.3,85.5,83,88,996.99,996,997,152.77,124.1,263.8,44,0.3,204,0,0,0,0,0,0,*
H,16,25,1,5,4.57,4.2,4.9,81.84,80,84,997,997,997,95.83,51.6,129.1,51,0.28,204,0,0,0,0,0,0,*
H,17,25,1,5,3.81,3.4,4.3,79.05,78,81,997,997,997,22.01,2.6,51.2,57,0.26,205,0,0,0,0,0,0,*
H,18,25,1,5,3.3,3.2,3.4,78.96,78,81,996.98,996,997,2.89,0,4.4,56,0.3,204,0,0,0,0,0,0,*
H,19,25,1,5,3.23,3.1,3.4,80.61,80,83,996.98,996,997,3.75,3,4.7,51,0.27,205,0,0,0,0,0,0,*
H,20,25,1,5,3.2,2.9,3.4,83.5,82,84,996.86,996,997,3.88,3,5,45,0.32,204,0,0,0,0,0,0,*
H,21,25,1,5,2.73,1.9,3,83.4,80,85,996.04,996,997,4.04,3,5,32,0.37,205,0,0,0,0,0,0,*
H,22,25,1,5,1.85,1.6,2,79.79,79,81,996,996,996,4.01,3,5,17,0.28,205,0,0,0,0,0,0,*
H,23,25,1,5,1.53,1.2,1.9,80.38,80,82,996,996,996,4.12,3,5.4,13,0.27,204,0,0,0,0,0,0,*
H,0,26,1,5,1.15,1,1.3,80.19,80,81,995.87,995,996,4.12,3.3,5,11,0.23,205,0,0,0,0,0,0,0.1,5.8,51,88,995,999,*
H,1,26,1,5,1.22,0.9,1.8,81.21,80,83,995,995,995,4.19,3.3,5.4,16,0.3,204,0,0,0,0,0,0,*
H,2,26,1,5,1.76,1.5,2.1,83.48,83,85,995,995,995,4.1,3,5,28,0.27,205,0,0,0,0,0,0,*
H,3,26,1,5,2.1,1.7,2.5,84.23,83,85,994.37,994,995,4.03,3,5,29,0.29,204,0,0,0,0,0,0,*
H,4,26,1,5,2.07,0.3,2.9,84,77,87,994,994,994,4.14,3,5.4,14,0.49,205,0,0,0,0,0,0,*
H,5,26,1,5,1.38,0.3,2.4,79.93,77,83,994,994,994,4,3,5,19,0.33,205,0,0,0,0,0,0,*
H,6,26,1,5,2.97,1.8,3.4,85.04,81,87,993.99,993,994,3.94,3,5,40,0.29,205,0,0,0,0,0,0,*
H,7,26,1,5,1.86,0.7,3.1,80.7,76,86,994.04,994,995,4.06,2.6,4.7,352,0.45,205,0,0,0,0,0,0,*
H,8,26,1,5,3.31,2.6,3.7,76.04,75,79,994,994,994,2.77,0,4.4,8,0.38,204,0,0,0,0,0,0,*
H,9,26,1,5,2.9,2.8,3.1,75.62,75,78,994,994,994,21.85,2.3,51.6,8,0.23,205,0,0,0,0,0,0,*
H,10,26,1,5,3.32,3,3.8,76.69,76,77,994,994,994,44.9,40.3,53.6,351,0.28,204,0,0,0,0,0,0,*
H,11,26,1,5,3.7,3,4.4,77.22,71,82,994,994,994,62.46,47.1,83,59,0.89,204,0,0,0,0,0,0,*
H,12,26,1,5,4.78,4.4,5.1,82.93,82,85,994,994,994,98.78,82.7,114.8,36,0.4,205,0,0,0,0,0,0,*
H,13,26,1,5,5.1,4.7,5.5,82.85,77,85,993.99,993,994,87.89,70.7,110.4,4,0.6,204,0,0,0,0,0,0,*
H,14,26,1,5,4.86,4.1,5.4,76.98,66,81,993.07,993,994,62.33,52.6,75.1,330,0.79,204,0,0,0,0,0,0,*
H,15,26,1,5,4.02,3.7,4.6,63.84,61,66,993,993,993,49.78,37.5,62.8,256,0.41,205,0,0,0,0,0,0,*
H,16,26,1,5,3.77,3.5,4,64.72,63,66,993,993,993,28.6,17.7,37.9,227,0.62,204,0,0,0,0,0,0,*
H,17,26,1,5,3.47,3.1,3.8,64.74,63,66,993,993,993,8.52,0.2,18.7,189,0.59,204,0,0,0,0,0,0,*
H,18,26,1,5,3.18,3,3.4,67.91,65,71,993,993,993,3.27,0.9,4.4,188,0.27,205,0,0,0,0,0,0,*
H,19,26,1,5,2.86,2.4,3.1,69.96,67,72,993.46,993,994,3.66,2.6,4.4,121,0.48,204,0,0,0,0,0,0,*
H,20,26,1,5,2.14,1.6,2.7,66.3,62,70,994,994,994,3.89,3,5,74,0.61,205,0,0,0,0,0,0,*
H,21,26,1,5,1.33,1.2,1.6,58.45,55,62,994,994,994,3.91,3,4.7,298,0.94,204,0,0,0,0,0,0,*
H,22,26,1,5,1.51,1,1.9,63.8,56,69,994.27,994,995,3.94,3.3,4.7,146,1.09,204,0,0,0,0,0,0,*
H,23,26,1,5,1.33,0.8,1.9,64.39,61,68,995,995,995,4.05,3,5,311,0.75,205,0,0,0,0,0,0,*
H,0,27,1,5,0.62,0.2,1,53.76,47,61,995,995,995,4.11,3,5,304,0.44,204,0,0,0,0,0,0,0.2,5.6,47,87,993,996,*
H,1,27,1,5,0.17,0,0.4,44.17,41,47,995,995,995,4.13,3,5,294,0.34,204,0,0,0,0,0,0,*
H,2,27,1,5,-0.38,-0.7,0.3,37.07,23,47,995.78,995,996,4.09,3,5.4,139,0.99,205,0,0,0,0,0,0,*
H,3,27,1,5,-0.37,-0.7,0,24.49,19,31,996,996,996,4.07,3,5.4,145,0.58,204,0,0,0,0,0,0,*
H,4,27,1,5,-0.09,-0.4,0.2,32.65,23,40,996,996,996,4.16,3,5.4,230,0.26,205,0,0,0,0,0,0,*
H,5,27,1,5,-0.22,-0.8,0.2,31.53,21,41,996.06,996,997,4.21,3,5.4,224,1.06,204,0,0,0,0,0,0,*
H,6,27,1,5,-0.64,-0.8,-0.4,18.92,13,29,997,997,997,4.27,3,5.4,66,0.71,204,0,0,0,0,0,0,*
H,7,27,1,5,-0.79,-1.6,-0.1,23.89,9,33,997.17,997,998,4.31,3.3,5.7,20,0.62,205,0,0,0,0,0,0,*
H,8,27,1,5,-1.2,-1.4,-0.8,14.3,9,20,998,998,998,3.98,0.2,11.6,7,0.36,204,0,0,0,0,0,0,*
H,9,27,1,5,-0.97,-1.4,-0.1,11.72,9,18,998.63,998,999,68.65,12.2,132.9,336,0.37,205,0,0,0,0,0,0,*
H,10,27,1,5,0.56,-0.2,1.5,37.99,17,51,999,999,999,196.34,132.9,259.5,25,0.41,204,0,0,0,0,0,0,*
H,11,27,1,5,1.88,1.2,2.9,56.68,52,60,999.64,999,1000,309.18,260.2,350.8,85,0.55,204,0,0,0,0,0,0,*
H,12,27,1,5,2.78,2,3.9,63.3,58,72,1000,1000,1000,383.41,349.9,433.3,83,0.72,204,0,0,0,0,0,0,*
H,13,27,1,5,4.05,3.2,5.1,73.31,71,75,999.46,999,1000,442.34,379.2,547.5,216,1.2,204,0,0,0,0,0,0,*
H,14,27,1,5,4.5,3.8,6.3,74.87,73,76,999,999,999,278.97,213,547.1,243,0.63,204,0,0,0,0,0,0,*
H,15,27,1,5,4.31,3.7,5.4,73.25,72,74,999,999,999,170.44,118.9,230.8,254,0.54,204,0,0,0,0,0,0,*
H,16,27,1,5,4.43,4,5.8,73.23,72,74,999,999,999,119.48,74.5,161.7,245,0.56,204,0,0,0,0,0,0,*
H,17,27,1,5,4.04,3.2,4.7,69.17,66,73,999.61,999,1000,32.81,7.4,73.4,281,0.3,205,0,0,0,0,0,0,*
H,18,27,1,5,2.64,1.9,3.3,64.96,62,66,1000,1000,1000,3.01,0.2,7.4,162,0.52,204,0,0,0,0,0,0,*
H,19,27,1,5,1.49,0.8,2.1,58.71,52,62,1000,1000,1000,3.57,2.6,4.4,145,0.3,204,0,0,0,0,0,0,*
H,20,27,1,5,0.58,0.3,1,48.93,43,54,1000.62,1000,1001,3.98,3,5,297,0.98,204,0,0,0,0,0,0,*
H,21,27,1,5,-0.01,-0.7,0.5,39.67,31,44,1001,1001,1001,4.15,3,5.4,316,0.55,205,0,0,0,0,0,0,*
H,22,27,1,5,-0.68,-1.2,-0.1,18.93,10,34,1001.23,1001,1002,4.18,3,5.4,359,0.21,204,0,0,0,0,0,0,*
H,23,27,1,5,-0.58,-1,0,12.7,9,15,1002,1002,1002,4.3,3.3,5.4,6,0.25,204,0,0,0,0,0,0,*
H,0,28,1,5,-1,-1.1,-0.9,15.74,11,20,1002,1002,1002,4.37,3,5.7,38,0.17,204,0,0,0,0,0,0,-1.6,6.3,9,76,995,1002,*
H,1,28,1,5,-1.08,-1.2,-0.9,10.71,9,12,1002,1002,1002,4.5,3.3,5.7,25,0.17,203,0,0,0,0,0,0,*
H,2,28,1,5,-0.95,-1.1,-0.8,12.75,9,15,1002,1002,1002,4.4,3.7,5.7,26,0.23,204,0,0,0,0,0,0,*
H,3,28,1,5,-1.58,-1.9,-1.1,11.09,10,12,1002,1002,1002,4.43,3.7,5.7,11,0.23,205,0,0,0,0,0,0,*
H,4,28,1,5,-2.01,-2.2,-1.9,11.58,11,12,1001.98,1001,1002,4.48,3.3,5.4,14,0.27,204,0,0,0,0,0,0,*
H,5,28,1,5,-2.13,-2.3,-1.9,12.16,10,18,1001.9,1001,1002,4.5,3.7,5.7,20,0.29,204,0,0,0,0,0,0,*
H,6,28,1,5,-1.93,-2,-1.8,25.72,18,31,1001.06,1001,1002,4.49,3.7,6.4,41,0.32,204,0,0,0,0,0,0,*
H,7,28,1,5,-2.1,-2.4,-1.8,26.29,17,32,1001,1001,1001,4.54,3.3,6,34,0.27,205,0,0,0,0,0,0,*
H,8,28,1,5,-2.75,-2.9,-2.4,14.26,9,18,1001.66,1001,1002,3.32,0,6,9,0.18,204,0,0,0,0,0,0,*
H,8.39,28,1,5,-2.78,-2.9,-2.5,14.87,13,17,1002,1002,1002,14.91,3.3,25.6,12,0.21,139,0,0,0,0,0,0,*
