H,16,18,2,3,6.29,5.7,6.9,62.03,61,63,1012,1012,1012,282.47,204.5,358.2,246,0.61,207,0,0,0,0,0,0,*
H,17,18,2,3,5.99,5.7,6.5,60.76,60,62,1011.13,1011,1012,129.19,57.4,204.2,253,0.58,203,0,0,0,0,0,0,*
H,18,18,2,3,4.9,4.1,5.7,57.35,53,60,1011.16,1011,1012,15.83,0,56,242,0.25,203,0,0,0,0,0,0,*
H,19,18,2,3,4.22,2.8,7.2,47.57,43,53,1011.56,1011,1012,3.47,1.8,4.7,237,0.2,204,0,0,0,0,0,0,*
H,20,18,2,3,2.23,1.4,3.1,38.99,31,43,1011.98,1011,1012,3.78,2.6,5,259,0.51,203,0,0,0,0,0,0,*
H,21,18,2,3,0.64,-0.2,1.5,22.75,13,31,1012,1012,1012,3.94,2.6,5,158,1.36,204,0,0,0,0,0,0,*
H,22,18,2,3,0.1,-0.1,0.4,12.08,10,17,1012,1012,1012,4.17,3,5,86,0.55,203,0,0,0,0,0,0,*
H,23,18,2,3,0.72,0.1,1.4,23.96,16,31,1012,1012,1012,4.08,2.6,5.4,92,0.31,204,0,0,0,0,0,0,*
H,0,19,2,3,-0.24,-0.9,0.1,27.41,21,31,1012.03,1012,1013,4.35,3,5.4,50,0.3,203,0,0,0,0,0,0,-4.5,7.4,9,63,1011,1019,*
H,1,19,2,3,-0.93,-1.1,-0.7,31,26,35,1012.21,1012,1013,4.49,3.7,5.7,31,0.25,203,0,0,0,0,0,0,*
H,2,19,2,3,-1.29,-1.8,-0.9,25.39,13,35,1012.29,1012,1013,4.75,4,5.7,7,0.12,203,0,0,0,0,0,0,*
H,3,19,2,3,-2.05,-2.3,-1.6,10.03,9,13,1012.02,1012,1013,4.66,3.7,5.7,29,0.89,204,0,0,0,0,0,0,*
H,4,19,2,3,-2.54,-2.7,-2.1,10.16,9,12,1012,1012,1012,4.79,3.7,6,331,0.62,203,0,0,0,0,0,0,*
H,5,19,2,3,-2.64,-2.9,-2.4,16.59,12,18,1012,1012,1012,4.9,4,5.7,347,0.25,204,0,0,0,0,0,0,*
H,6,19,2,3,-2.52,-2.7,-2.3,14.88,11,19,1011.84,1011,1012,4.91,3.7,6,329,0.23,203,0,0,0,0,0,0,*
H,7,19,2,3,-2.79,-3.6,-2.4,13.34,11,21,1011.29,1011,1012,4.69,2.6,5.7,331,0.52,203,0,0,0,0,0,0,*
H,8,19,2,3,-3.02,-3.7,-2.3,24.26,21,26,1012,1012,1012,32.17,0,90.5,342,0.43,203,0,0,0,0,0,0,*
H,9,19,2,3,-0.47,-2.3,1.3,14.77,9,22,1012,1012,1012,170.08,91,251.3,328,0.33,203,0,0,0,0,0,0,*
H,10,19,2,3,2.53,1.2,3.8,33.33,14,49,1011.4,1011,1012,323.14,253.7,382.7,337,0.42,203,0,0,0,0,0,0,*
H,11,19,2,3,4.43,3.5,6.6,54.48,48,59,1011,1011,1011,445.05,382.3,495.9,279,0.65,203,0,0,0,0,0,0,*
H,12,19,2,3,5.52,4.5,7.8,59.65,58,61,1010.62,1010,1011,515.34,487,529.1,243,0.81,204,0,0,0,0,0,0,*
H,13,19,2,3,5.95,5,7.5,59.99,59,61,1009.99,1009,1010,527,512.8,536.4,235,0.54,203,0,0,0,0,0,0,*
H,14,19,2,3,6.41,5.7,7.2,60.13,59,61,1009.74,1009,1010,488.2,459.8,513.8,237,0.66,203,0,0,0,0,0,0,*
H,15,19,2,3,6.75,6.2,7.7,60.18,59,61,1009,1009,1009,406.13,353,458.1,234,0.56,203,0,0,0,0,0,0,*
H,16,19,2,3,6.78,6.3,7.2,60.04,59,61,1009,1009,1009,274.32,214.1,336.6,243,0.44,203,0,0,0,0,0,0,*
H,17,19,2,3,6.66,6.3,7.1,59.27,59,60,1008.15,1008,1009,123.72,57,213.1,230,0.39,203,0,0,0,0,0,0,*
H,18,19,2,3,5.74,4.8,6.4,55.77,52,58,1008,1008,1008,19.57,0.1,58.7,244,0.28,203,0,0,0,0,0,0,*
H,19,19,2,3,4.2,3.6,4.8,48.5,46,52,1008,1008,1008,3.45,2.1,4.7,265,0.22,203,0,0,0,0,0,0,*
H,20,19,2,3,2.35,1.4,3.6,39.31,31,45,1008.99,1008,1009,3.52,1.9,5,186,1.02,204,0,0,0,0,0,0,*
H,21,19,2,3,1.03,0.4,1.5,20.42,13,31,1009,1009,1009,4,2.6,5,108,0.82,203,0,0,0,0,0,0,*
H,22,19,2,3,0.96,0.5,1.5,14.54,12,17,1009,1009,1009,4.26,3.3,5.4,358,0.13,204,0,0,0,0,0,0,*
H,23,19,2,3,-0.07,-0.9,0.6,10.37,9,16,1009,1009,1009,4.35,3,5.4,19,0.21,203,0,0,0,0,0,0,*
H,0,20,2,3,-0.95,-1.2,-0.6,26,16,34,1009,1009,1009,4.45,3,5.4,11,0.16,204,0,0,0,0,0,0,-3.7,7.8,9,61,1008,1013,*
H,1,20,2,3,-1.45,-1.6,-1.2,41.6,35,45,1009,1009,1009,4.63,3.7,6,10,0.14,203,0,0,0,0,0,0,*
H,2,20,2,3,-1.38,-1.6,-1.2,41.74,37,46,1009,1009,1009,4.76,3.7,5.7,4,0.11,203,0,0,0,0,0,0,*
H,3,20,2,3,-1.28,-1.4,-1.2,35.88,35,37,1008.7,1008,1009,4.77,3.7,5.4,2,0.18,203,0,0,0,0,0,0,*
H,4,20,2,3,-1.75,-2.2,-1.2,39.59,35,45,1007.94,1007,1008,4.75,3.7,5.7,330,0.33,203,0,0,0,0,0,0,*
H,5,20,2,3,-2.02,-2.5,-1.8,45.08,44,47,1007.43,1007,1008,4.76,3.7,5.7,3,0.12,204,0,0,0,0,0,0,*
H,6,20,2,3,-2.54,-2.8,-2.3,50.71,47,53,1007.38,1007,1008,4.75,3.7,5.7,9,0.27,203,0,0,0,0,0,0,*
H,7,20,2,3,-2.83,-3.4,-2.7,55.59,53,59,1007.3,1007,1008,4.71,2.6,5.7,343,0.85,204,0,0,0,0,0,0,*
H,8,20,2,3,-3.22,-3.7,-2.5,63.54,59,65,1008,1008,1009,27.26,0,83,252,0.75,203,0,0,0,0,0,0,*
H,9,20,2,3,-0.79,-2.6,1,54.78,39,63,1007.85,1007,1008,157.42,84.4,236.3,250,0.29,202,0,0,0,0,0,0,*
H,10,20,2,3,2.42,0.8,3.6,22.02,10,39,1008,1008,1008,302.17,216.8,374.8,237,0.85,204,0,0,0,0,0,0,*
H,11,20,2,3,4.18,3.4,5.4,15.98,9,27,1008,1008,1008,427.52,373.1,471.3,249,0.6,203,0,0,0,0,0,0,*
H,12,20,2,3,6.14,5,6.8,39.86,26,49,1008.72,1008,1009,497.21,468.2,517.9,208,0.69,203,0,0,0,0,0,0,*
H,13,20,2,3,7.44,6.5,8.1,49.24,46,53,1008,1008,1008,519.07,507,532,221,0.65,203,0,0,0,0,0,0,*
H,14,20,2,3,8.69,7.7,10.1,56.1,50,62,1008,1008,1008,486.1,441.3,521.7,230,0.93,203,0,0,0,0,0,0,*
H,15,20,2,3,9.49,8.6,10,63.93,62,66,1007.44,1007,1008,416.5,366,453.6,233,0.86,203,0,0,0,0,0,0,*
H,16,20,2,3,9.87,9.2,10.7,66.28,66,67,1007,1007,1007,292.17,221.6,365.7,254,0.96,203,0,0,0,0,0,0,*
H,17,20,2,3,9.88,9.4,10.4,65.73,64,67,1007,1007,1007,143.85,69.7,219.6,226,0.6,203,0,0,0,0,0,0,*
H,18,20,2,3,8.55,7.5,9.6,62.13,59,64,1007.32,1007,1008,19.97,0,68.3,229,0.19,203,0,0,0,0,0,0,*
H,19,20,2,3,7.13,6.4,8.9,55.91,53,59,1008,1008,1008,3.25,2,4.5,230,0.16,203,0,0,0,0,0,0,*
H,20,20,2,3,5.05,3.8,6.5,47.36,39,53,1008,1008,1008,3.33,1.9,4.5,250,0.34,203,0,0,0,0,0,0,*
H,21,20,2,3,3.72,3.3,4.2,34.94,29,40,1008.88,1008,1009,3.58,2.6,4.7,273,0.32,204,0,0,0,0,0,0,*
H,22,20,2,3,2.91,2.2,3.6,22.92,14,29,1009,1009,1009,3.72,2.6,5,232,0.11,203,0,0,0,0,0,0,*
H,23,20,2,3,2.17,0.8,3.3,12.05,9,16,1009,1009,1009,3.96,2.6,5,241,0.13,203,0,0,0,0,0,0,*
H,0,21,2,3,0.26,0,0.8,25.13,13,33,1009.35,1009,1010,4.08,3,5,229,1.5,204,0,0,0,0,0,0,-3.7,10.7,9,67,1007,1010,*
H,1,21,2,3,0.44,0,1,29.47,25,33,1010,1010,1010,4.34,3.3,5.4,12,0.14,203,0,0,0,0,0,0,*
H,2,21,2,3,-0.28,-0.6,0.3,34.51,29,40,1010.09,1010,1011,4.44,3.3,5.7,15,0.2,204,0,0,0,0,0,0,*
H,3,21,2,3,-0.18,-0.5,-0.1,40.88,40,43,1011,1011,1011,4.53,3,5.4,18,0.16,204,0,0,0,0,0,0,*
H,4,21,2,3,-0.29,-0.3,-0.2,44.98,43,46,1011,1011,1011,4.56,3.7,5.7,9,0.16,203,0,0,0,0,0,0,*
H,5,21,2,3,-0.17,-0.3,0.1,42.64,39,46,1011,1011,1011,4.62,3.3,5.7,19,0.19,204,0,0,0,0,0,0,*
H,6,21,2,3,0.12,0,0.3,35.78,34,39,1011,1011,1011,4.63,4,5.7,15,0.13,204,0,0,0,0,0,0,*
H,7,21,2,3,0.03,-0.2,0.3,33.62,30,36,1011.71,1011,1012,4.21,1.6,5.4,30,0.22,204,0,0,0,0,0,0,*
H,8,21,2,3,0.01,-0.1,0.2,32.6,29,36,1012.41,1012,1013,34.12,0,91.6,16,0.21,203,0,0,0,0,0,0,*
H,9,21,2,3,1.13,0.1,2.6,32.86,26,35,1013.28,1013,1014,169.28,93,247.5,12,0.25,204,0,0,0,0,0,0,*
H,10,21,2,3,3.6,2.6,4.6,14.53,9,27,1014,1014,1014,323.33,248.9,396,17,0.38,203,0,0,0,0,0,0,*
H,11,21,2,3,5.8,4.7,6.6,17.93,9,26,1014.24,1014,1015,442.19,395.4,482.8,24,0.51,203,0,0,0,0,0,0,*
H,12,21,2,3,7.02,6.1,7.9,28.21,21,34,1015,1015,1015,511.49,482.9,535.6,58,0.45,204,0,0,0,0,0,0,*
H,13,21,2,3,8.56,7.8,9.4,42.28,34,49,1014.96,1014,1015,534,519.3,546.7,66,0.47,203,0,0,0,0,0,0,*
H,14,21,2,3,9.78,9,10.6,48.89,47,51,1014.31,1014,1015,500.53,463.2,534,96,0.49,203,0,0,0,0,0,0,*
H,15,21,2,3,10.57,10.1,10.9,52.31,50,54,1014,1014,1014,421.75,367,462.5,89,0.48,203,0,0,0,0,0,0,*
H,16,21,2,3,10.65,10.1,11,50.75,45,54,1014.14,1014,1015,296.72,222.3,366.4,116,0.71,203,0,0,0,0,0,0,*
H,17,21,2,3,10.28,9.8,10.9,45.4,43,48,1015,1015,1015,145.08,70.1,221.6,145,0.7,203,0,0,0,0,0,0,*
H,18,21,2,3,8.87,7.8,9.8,39.7,34,45,1015.07,1015,1016,21.98,0,70.1,124,0.27,204,0,0,0,0,0,0,*
H,19,21,2,3,6.93,5.8,7.8,23.31,12,34,1015.99,1015,1016,3.08,1.8,4.7,149,0.61,203,0,0,0,0,0,0,*
H,20,21,2,3,5.89,5.4,6.3,14.78,10,19,1016.48,1016,1017,3.25,1.8,4.7,81,0.39,204,0,0,0,0,0,0,*
H,21,21,2,3,6.01,5.8,6.2,12.13,10,14,1017,1017,1017,3.4,1.9,4.7,93,0.29,203,0,0,0,0,0,0,*
H,22,21,2,3,5.64,5,6.1,14.75,11,17,1017.77,1017,1018,3.62,2.6,5,96,0.31,204,0,0,0,0,0,0,*
H,23,21,2,3,4.71,4.4,5,11.48,10,14,1018,1018,1018,3.72,2.6,4.7,72,0.43,203,0,0,0,0,0,0,*
H,0,22,2,3,4.12,3.8,4.6,9.98,9,11,1018.22,1018,1019,3.73,2.6,4.7,55,0.36,204,0,0,0,0,0,0,-0.6,11,9,54,1010,1019,*
H,1,22,2,3,2.78,2.1,3.8,21.15,9,37,1019,1019,1019,4.01,2.6,5,18,0.22,203,0,0,0,0,0,0,*
H,2,22,2,3,1.77,1.6,2.1,42.71,37,45,1019,1019,1019,4.16,3.3,5,10,0.15,204,0,0,0,0,0,0,*
H,3,22,2,3,1.55,1.1,2.1,40.82,40,44,1019.81,1019,1020,4.33,3.3,5.7,359,0.14,204,0,0,0,0,0,0,*
H,4,22,2,3,1.28,1.1,1.5,40.02,38,42,1020,1020,1020,4.36,3.3,5.4,357,0.18,204,0,0,0,0,0,0,*
H,5,22,2,3,1.2,0.9,1.4,39.22,38,42,1020,1020,1020,4.46,3.3,5.7,5,0.1,204,0,0,0,0,0,0,*
H,6,22,2,3,0.56,0.3,0.9,44,40,46,1020.06,1020,1021,4.49,3.3,5.4,357,0.22,203,0,0,0,0,0,0,*
H,7,22,2,3,0.34,0,0.8,46.37,44,50,1020.44,1020,1021,4.14,0.9,5.7,0,0.25,204,0,0,0,0,0,0,*
H,8,22,2,3,0.28,-0.2,0.8,49.54,46,52,1021,1021,1021,36.36,0,94.7,359,0.21,204,0,0,0,0,0,0,*
H,9,22,2,3,2.31,0.8,4.1,37.64,26,46,1021.83,1021,1022,172.62,89.9,251,19,0.26,203,0,0,0,0,0,0,*
H,10,22,2,3,4.9,4.1,5.6,13.14,9,26,1022,1022,1022,325.18,252.4,389.8,49,0.43,203,0,0,0,0,0,0,*
H,11,22,2,3,5.92,5.2,6.4,20.57,15,29,1022,1022,1022,441.71,389.2,486.2,68,0.49,204,0,0,0,0,0,0,*
H,12,22,2,3,6.55,5.9,7.2,32.01,25,36,1022,1022,1022,510.48,482.6,530.2,57,0.69,203,0,0,0,0,0,0,*
H,13,22,2,3,7.29,6.7,8,35.39,33,37,1021.89,1021,1022,527.08,511.1,539.5,87,0.55,203,0,0,0,0,0,0,*
H,14,22,2,3,7.71,7.2,8.3,38.64,34,41,1021.02,1021,1022,492.02,458.1,520.4,70,0.57,203,0,0,0,0,0,0,*
H,15,22,2,3,8.01,7.7,8.5,41.46,39,43,1021,1021,1021,367.65,147.4,470,69,0.82,203,0,0,0,0,0,0,*
H,16,22,2,3,7.98,7.6,8.4,39.01,36,42,1021,1021,1021,186.45,110.8,350.6,105,0.56,204,0,0,0,0,0,0,*
H,17,22,2,3,7.17,6.6,7.6,34.07,32,38,1021.03,1021,1022,116.41,60.3,182.4,113,0.29,203,0,0,0,0,0,0,*
H,18,22,2,3,6.07,5.4,6.6,26.07,20,32,1021.91,1021,1022,25.06,0,76.4,111,0.25,203,0,0,0,0,0,0,*
H,19,22,2,3,4.89,4.5,5.4,11.97,9,20,1022.5,1022,1023,3.44,1.9,4.4,94,0.35,203,0,0,0,0,0,0,*
H,20,22,2,3,4.19,4,4.6,9.67,9,10,1023,1023,1023,3.67,2.6,4.7,62,0.44,204,0,0,0,0,0,0,*
H,21,22,2,3,3.88,3.8,4,11.5,10,14,1023.8,1023,1024,3.8,3,5,18,0.33,204,0,0,0,0,0,0,*
H,22,22,2,3,3.51,3.2,3.8,10.09,9,12,1024.18,1024,1025,3.83,2.6,4.7,15,0.25,203,0,0,0,0,0,0,*
H,23,22,2,3,3.05,2.9,3.2,9.4,9,11,1025,1025,1025,3.94,3,4.7,21,0.35,204,0,0,0,0,0,0,*
H,0,23,2,3,3,2.8,3.2,12.57,11,14,1025,1025,1025,4.02,3,5,36,0.44,203,0,0,0,0,0,0,-0.2,8.5,9,52,1019,1025,*
H,1,23,2,3,2.81,2.6,3.2,11.72,10,17,1025,1025,1025,3.99,3,5,26,0.34,204,0,0,0,0,0,0,*
H,2,23,2,3,3.15,3,3.3,18.39,16,21,1025,1025,1025,4.06,3.3,5,26,0.3,203,0,0,0,0,0,0,*
H,3,23,2,3,2.86,2.6,3,11.84,9,16,1025,1025,1025,4.01,3,5,7,0.14,204,0,0,0,0,0,0,*
H,4,23,2,3,2.33,2.1,2.6,9.41,9,10,1025,1025,1025,4.04,2.3,5,13,0.26,204,0,0,0,0,0,0,*
H,5,23,2,3,1.92,1.6,2.2,10.6,10,11,1025,1025,1025,4.26,3.3,5,7,0.16,204,0,0,0,0,0,0,*
H,6,23,2,3,1.04,0.7,1.7,13.4,11,17,1025,1025,1025,4.25,3,5.4,32,0.45,204,0,0,0,0,0,0,*
H,7,23,2,3,0.55,0.1,1,18.92,13,25,1025.18,1025,1026,3.9,0.6,5.4,8,0.52,204,0,0,0,0,0,0,*
H,8,23,2,3,-0.05,-0.8,0.3,29.57,24,34,1026,1026,1026,42.11,0.2,103.2,3,0.62,203,0,0,0,0,0,0,*
H,9,23,2,3,1.41,0.3,2.9,20.63,9,28,1026,1026,1026,185.01,84.1,273.6,11,0.25,204,0,0,0,0,0,0,*
H,10,23,2,3,4.03,2.9,4.9,24.66,9,41,1026,1026,1026,346.1,274.9,408,9,0.41,203,0,0,0,0,0,0,*
H,11,23,2,3,5.11,4.6,5.9,45.37,40,48,1026,1026,1026,467.64,410.4,518.5,42,0.57,203,0,0,0,0,0,0,*
H,12,23,2,3,6.18,5.6,6.9,49.17,47,51,1026,1026,1026,543.74,517.8,562.9,58,0.58,203,0,0,0,0,0,0,*
H,13,23,2,3,6.85,6.3,7.6,53.81,51,56,1026,1026,1026,561,544,569,53,0.49,204,0,0,0,0,0,0,*
H,14,23,2,3,7.64,7.2,8.3,58.45,55,62,1025.18,1025,1026,525.38,494.3,549.5,64,0.62,203,0,0,0,0,0,0,*
H,15,23,2,3,8.16,7.7,8.9,62.33,60,64,1025,1025,1025,445.19,393.4,494,66,0.73,203,0,0,0,0,0,0,*
H,16,23,2,3,8.45,8.1,8.9,66.35,64,68,1025,1025,1025,323.42,245.9,393.7,98,0.65,203,0,0,0,0,0,0,*
H,17,23,2,3,8.23,7.6,9.1,62.42,54,68,1025,1025,1025,163.61,82.7,245.6,144,0.78,203,0,0,0,0,0,0,*
H,18,23,2,3,6.69,5.9,7.7,50.91,47,54,1025,1025,1025,26.22,0.1,81.7,197,0.5,204,0,0,0,0,0,0,*
H,19,23,2,3,5.35,4.4,5.9,43.03,35,47,1025.03,1025,1026,3.11,1.6,4.7,248,0.25,203,0,0,0,0,0,0,*
H,20,23,2,3,3.56,3.2,4.4,27.14,20,36,1025,1025,1025,3.65,1.9,5,289,0.29,203,0,0,0,0,0,0,*
H,21,23,2,3,2.95,2.5,3.3,17.38,14,20,1025,1025,1026,3.8,2.6,4.7,287,0.23,204,0,0,0,0,0,0,*
H,22,23,2,3,2.21,1.6,2.5,11.3,9,14,1025,1025,1026,4.03,2.6,5,293,0.17,203,0,0,0,0,0,0,*
H,23,23,2,3,1.51,0.9,2,9.23,9,10,1025.13,1025,1026,4.25,3,5.4,317,0.09,203,0,0,0,0,0,0,*
H,0,24,2,3,0.4,0,1.2,17.85,10,26,1025.24,1025,1026,4.3,3,5.4,356,0.51,204,0,0,0,0,0,0,-0.8,9.1,9,68,1025,1026,*
H,1,24,2,3,0.5,0.3,0.8,11.61,9,19,1025.81,1025,1026,4.4,3.3,5.7,11,0.15,203,0,0,0,0,0,0,*
H,2,24,2,3,0.11,-0.1,0.4,16.15,15,17,1025,1025,1025,4.48,3.3,6,7,0.11,204,0,0,0,0,0,0,*
H,3,24,2,3,-0.01,-0.2,0.2,17.07,14,20,1025,1025,1025,4.59,3.3,5.7,6,0.11,204,0,0,0,0,0,0,*
H,4,24,2,3,-0.11,-0.4,0.2,17.73,13,23,1024.27,1024,1025,4.64,3.7,5.7,358,0.11,204,0,0,0,0,0,0,*
H,5,24,2,3,-0.8,-1.1,-0.3,10.62,9,13,1024,1024,1024,4.68,3.3,5.7,344,0.21,203,0,0,0,0,0,0,*
H,6,24,2,3,-1.49,-1.9,-0.7,19.82,12,25,1024,1024,1024,4.63,3.7,5.7,317,0.27,203,0,0,0,0,0,0,*
H,7,24,2,3,-1.84,-2.3,-1.5,23.16,21,26,1023.99,1023,1024,4.05,0,5.7,313,0.17,203,0,0,0,0,0,0,*
H,8,24,2,3,-1.54,-2.3,0,24.27,21,28,1023.87,1023,1024,48.16,0.2,116.6,320,0.22,204,0,0,0,0,0,0,*
H,9,24,2,3,1.47,0,3,11.65,9,21,1023.46,1023,1024,201.75,118.9,282.8,301,0.39,203,0,0,0,0,0,0,*
H,10,24,2,3,4.92,3,6.5,20.07,9,42,1023,1023,1023,353.8,284.5,413.1,263,0.59,203,0,0,0,0,0,0,*
H,11,24,2,3,6.7,6,7.6,52.36,42,56,1023,1023,1023,475.87,415.2,528.6,220,0.57,203,0,0,0,0,0,0,*
H,12,24,2,3,7.82,6.9,8.9,56.34,56,57,1023,1023,1023,549.24,527.7,566.8,227,0.65,203,0,0,0,0,0,0,*
H,13,24,2,3,9.23,8.6,10.2,58.96,56,61,1022.15,1022,1023,571,558,583.3,241,0.62,203,0,0,0,0,0,0,*
H,14,24,2,3,10.7,9.5,11.9,63.93,62,67,1021.26,1021,1022,528.75,486.5,565.5,235,0.81,203,0,0,0,0,0,0,*
H,15,24,2,3,10.89,10.3,11.7,68.13,66,70,1021,1021,1021,447.51,393.7,485.8,5,1.45,203,0,0,0,0,0,0,*
H,16,24,2,3,11.6,10.7,12.3,69.69,69,71,1020.29,1020,1021,324.88,245.6,392.7,253,0.98,203,0,0,0,0,0,0,*
H,17,24,2,3,11.69,11,12.2,71.18,70,72,1020,1020,1020,168.26,88.5,244.6,270,0.93,203,0,0,0,0,0,0,*
H,18,24,2,3,10.86,9.9,12.1,70.1,68,72,1020,1020,1020,29.23,0,88.2,254,0.26,203,0,0,0,0,0,0,*
H,19,24,2,3,8.46,7.6,9.9,65.83,64,68,1020,1020,1020,3.1,1.3,4,257,0.21,203,0,0,0,0,0,0,*
H,20,24,2,3,6.85,5.4,8.1,60.85,56,64,1020,1020,1020,3.29,2.1,4.4,280,0.24,203,0,0,0,0,0,0,*
H,21,24,2,3,4.92,4.1,5.7,51.6,48,56,1020,1020,1020,3.51,2.3,5,299,0.22,203,0,0,0,0,0,0,*
H,22,24,2,3,4.01,3.5,4.4,45.01,43,48,1020,1020,1020,3.6,2.6,4.4,298,0.13,204,0,0,0,0,0,0,*
H,23,24,2,3,2.46,1.2,3.6,33.85,19,43,1019.81,1019,1020,3.96,3,5,318,0.44,203,0,0,0,0,0,0,*
H,0,25,2,3,1.09,0.3,2.3,11.14,9,19,1019.01,1019,1020,4.05,3,5,13,0.41,204,0,0,0,0,0,0,-2.3,12.3,9,72,1019,1026,*
H,1,25,2,3,2.19,1.7,2.6,26.48,12,32,1019,1019,1019,4.27,3.3,5,6,0.12,203,0,0,0,0,0,0,*
H,2,25,2,3,1.37,0.4,2.3,26.23,16,33,1019,1019,1019,4.36,3.3,5.4,343,0.41,203,0,0,0,0,0,0,*
H,3,25,2,3,0.38,-0.2,0.9,12.76,10,16,1019,1019,1019,4.46,3.3,5.7,347,0.26,204,0,0,0,0,0,0,*
H,4,25,2,3,-0.13,-0.6,0.2,9.17,9,10,1018.68,1018,1019,4.5,3.3,5.7,5,0.09,204,0,0,0,0,0,0,*
H,5,25,2,3,0.11,-0.6,0.7,10.77,9,14,1018.32,1018,1019,4.57,3.3,5.4,352,0.45,203,0,0,0,0,0,0,*
H,6,25,2,3,-1.41,-1.9,-0.5,15.73,9,24,1019,1019,1019,4.52,3.3,5.7,27,1.41,204,0,0,0,0,0,0,*
H,7,25,2,3,-1.47,-1.8,-1.1,23.48,14,27,1019,1019,1019,3.78,0,6,20,0.2,203,0,0,0,0,0,0,*
H,8,25,2,3,0.63,-1.1,2.5,18.8,9,36,1019.08,1019,1020,55.78,0.9,130.6,6,0.13,204,0,0,0,0,0,0,*
H,9,25,2,3,4.2,2.4,6.3,40.64,36,45,1020,1020,1020,216.49,121.7,302.6,355,0.19,203,0,0,0,0,0,0,*
H,10,25,2,3,7.9,6.3,9.1,55.51,45,64,1019.99,1019,1020,375.52,302.6,439.4,12,0.4,203,0,0,0,0,0,0,*
H,11,25,2,3,9.91,9,10.7,68.36,63,71,1019.99,1019,1020,497.04,440.9,546.3,60,0.42,203,0,0,0,0,0,0,*
H,12,25,2,3,11.18,10.5,12,72.22,69,75,1019.83,1019,1020,568.82,542.2,586.4,73,0.53,203,0,0,0,0,0,0,*
H,13,25,2,3,12.19,11.6,13,76.52,75,78,1019,1019,1019,590.91,575.1,600.4,65,0.67,203,0,0,0,0,0,0,*
H,14,25,2,3,12.98,12.3,14.1,77.8,77,79,1018.49,1018,1019,551.18,519,580.6,44,1.13,203,0,0,0,0,0,0,*
H,15,25,2,3,13.59,13.1,14.5,78.22,78,80,1018,1018,1018,470.85,417.3,517.3,116,1.04,203,0,0,0,0,0,0,*
H,16,25,2,3,13.74,13.2,14.5,78.75,78,79,1017.13,1017,1018,343.78,265.3,416.2,113,0.82,203,0,0,0,0,0,0,*
H,17,25,2,3,13.52,13.3,14.2,78.59,78,79,1017,1017,1017,180.24,99,263.8,124,0.64,203,0,0,0,0,0,0,*
H,18,25,2,3,11.7,9.8,13.5,71.22,65,78,1017,1017,1017,33.24,0,98.2,155,0.45,203,0,0,0,0,0,0,*
H,19,25,2,3,9.06,8.4,9.8,68.29,64,71,1017,1017,1018,2.95,1.6,4,202,0.34,203,0,0,0,0,0,0,*
H,20,25,2,3,7.36,6.9,8.4,67.03,64,69,1017.77,1017,1018,3.19,2.3,4.4,201,0.25,204,0,0,0,0,0,0,*
H,21,25,2,3,6.43,6,7,59.64,56,64,1018,1018,1018,3.35,1.9,4.4,235,0.37,203,0,0,0,0,0,0,*
H,22,25,2,3,5.5,4,6.3,54.16,52,57,1018.01,1018,1019,3.63,2.3,4.7,289,0.31,203,0,0,0,0,0,0,*
H,23,25,2,3,3.74,2.5,4.8,49.72,43,53,1018.53,1018,1019,3.64,2.6,4.7,13,1.04,203,0,0,0,0,0,0,*
H,0,26,2,3,2.06,1.6,2.7,40.58,39,43,1019,1019,1019,3.7,2.6,4.7,61,0.22,204,0,0,0,0,0,0,-1.9,14.6,9,80,1017,1020,*
H,1,26,2,3,1.4,0.7,1.9,36.25,30,41,1019,1019,1019,4.14,3.3,5,17,0.3,203,0,0,0,0,0,0,*
H,2,26,2,3,0.74,0.6,0.9,17.43,9,30,1018.1,1018,1019,4.38,3.3,5.4,1,0.13,204,0,0,0,0,0,0,*
H,3,26,2,3,0.83,0.7,1,17.87,10,23,1018,1018,1018,4.44,3.3,5.7,2,0.1,204,0,0,0,0,0,0,*
H,4,26,2,3,0.43,0,0.9,26.12,22,29,1018,1018,1018,4.57,3.3,5.7,358,0.09,203,0,0,0,0,0,0,*
H,5,26,2,3,0.03,0,0.1,27.81,25,30,1018,1018,1018,4.57,3.3,5.7,0,0.11,204,0,0,0,0,0,0,*
H,6,26,2,3,-0.33,-0.8,0,25.99,24,31,1017.72,1017,1018,4.61,3.7,6,344,0.31,204,0,0,0,0,0,0,*
H,7,26,2,3,-0.38,-0.7,-0.1,20.55,18,24,1018,1018,1018,3.77,0.2,5.7,348,0.19,203,0,0,0,0,0,0,*
H,8,26,2,3,0.45,-0.6,2,13.71,9,20,1018,1018,1018,54.75,1.6,128.2,0,0.17,204,0,0,0,0,0,0,*
H,9,26,2,3,2.56,1.5,3.7,13.71,9,17,1018,1018,1018,210.87,130.2,290.6,61,0.3,203,0,0,0,0,0,0,*
H,10,26,2,3,4.72,3.4,5.7,15.37,13,25,1018,1018,1018,360.26,291.7,424.7,73,0.32,204,0,0,0,0,0,0,*
H,11,26,2,3,7.33,5.7,8.7,47.84,25,58,1018,1018,1018,477.97,424.1,530.7,40,0.45,203,0,0,0,0,0,0,*
H,12,26,2,3,8.98,8,9.8,50.11,42,59,1017.97,1017,1018,549.54,526.6,562.4,62,0.58,203,0,0,0,0,0,0,*
H,13,26,2,3,10.29,9.4,11.3,37.38,32,43,1017,1017,1017,565.07,439.9,588.4,111,0.89,203,0,0,0,0,0,0,*
H,14,26,2,3,10.91,10.3,11.8,42.67,40,47,1016.67,1016,1017,525.84,486.5,564.8,131,0.77,203,0,0,0,0,0,0,*
H,15,26,2,3,11.39,10.8,12.4,39.41,33,48,1016,1016,1016,439.84,149.4,494.3,151,0.8,203,0,0,0,0,0,0,*
H,16,26,2,3,11.37,10.8,12.1,37.8,34,43,1015.93,1015,1016,332.23,248.6,417.3,167,0.75,203,0,0,0,0,0,0,*
H,17,26,2,3,10.44,9.8,11.6,27.11,16,35,1015,1015,1015,169.59,91.9,250,162,0.48,203,0,0,0,0,0,0,*
H,18,26,2,3,9.11,8.1,9.9,12.16,9,17,1015,1015,1015,32.25,0,90.9,168,0.45,203,0,0,0,0,0,0,*
H,19,26,2,3,7.53,6.7,8.1,22.64,9,40,1015.04,1015,1016,2.88,1.4,4,161,0.29,203,0,0,0,0,0,0,*
H,20,26,2,3,6.21,5.5,6.8,51.23,40,58,1015.69,1015,1016,3.25,2.3,4.7,189,0.59,203,0,0,0,0,0,0,*
H,21,26,2,3,5.02,4.6,5.6,60,57,62,1016,1016,1016,3.71,2.6,5,340,0.39,204,0,0,0,0,0,0,*
H,22,26,2,3,4.32,3.9,4.7,63.04,62,66,1016,1016,1016,3.81,3,4.7,349,0.14,203,0,0,0,0,0,0,*
H,23,26,2,3,3.2,2.6,3.8,65.73,65,67,1016,1016,1016,3.95,3,4.7,332,0.15,203,0,0,0,0,0,0,*
H,0,27,2,3,2.33,1.6,2.8,69.22,67,72,1016,1016,1016,3.96,3,5.4,330,0.04,203,0,0,0,0,0,0,-0.8,12.4,9,72,1015,1019,*
H,1,27,2,3,1.28,0.8,1.7,76.63,73,80,1016,1016,1016,4.14,2.6,5.4,2,0.05,203,0,0,0,0,0,0,*
H,2,27,2,3,0.81,0.6,1.1,81.8,80,84,1016,1016,1016,4.29,3.3,5.4,4,0.1,204,0,0,0,0,0,0,*
H,3,27,2,3,0.75,0.6,0.9,84.33,84,85,1015.71,1015,1016,4.34,3.3,5.4,9,0.14,204,0,0,0,0,0,0,*
H,4,27,2,3,0.91,0.7,1.1,87.05,85,88,1015,1015,1015,4.4,3.3,5.4,9,0.15,204,0,0,0,0,0,0,*
H,5,27,2,3,1.09,0.8,1.3,86.12,86,87,1015,1015,1015,4.49,3,5.7,8,0.12,203,0,0,0,0,0,0,*
H,6,27,2,3,0.56,0.2,0.9,86.89,86,87,1015,1015,1015,4.48,3.3,5.4,2,0.06,204,0,0,0,0,0,0,*
H,7,27,2,3,0.14,0,0.4,86.51,85,87,1015,1015,1015,3.59,0,6,3,0.12,204,0,0,0,0,0,0,*
H,8,27,2,3,0.31,0,0.6,84.26,82,86,1015.56,1015,1016,30.28,2.3,100.8,4,0.19,203,0,0,0,0,0,0,*
H,9,27,2,3,2.29,0.6,4,78.88,73,82,1016,1016,1016,163.78,71.4,242.8,11,0.21,204,0,0,0,0,0,0,*
H,10,27,2,3,5.11,3.9,6.2,67.92,63,73,1016,1016,1016,315.59,140.9,391.6,17,0.35,203,0,0,0,0,0,0,*
H,11,27,2,3,7.43,6.1,8.5,52.75,38,63,1016,1016,1016,440.84,390.5,493.1,9,0.33,203,0,0,0,0,0,0,*
H,12,27,2,3,8.83,8.1,9.5,23.6,14,39,1016,1016,1016,513.29,489.6,548.7,23,0.74,203,0,0,0,0,0,0,*
H,13,27,2,3,9.96,9.3,10.9,11.31,9,15,1015.71,1015,1016,538,500.8,554.2,203,1.28,203,0,0,0,0,0,0,*
H,14,27,2,3,10.74,9.8,11.6,17.15,12,24,1015,1015,1015,494.61,457,530.9,262,1.24,203,0,0,0,0,0,0,*
H,15,27,2,3,11.4,10.6,12.1,25.28,20,29,1015,1015,1015,403.12,340.3,460.8,192,1.09,203,0,0,0,0,0,0,*
H,16,27,2,3,11.39,10.9,12.1,23.64,16,28,1015,1015,1015,284.88,215.8,351.3,183,1.08,203,0,0,0,0,0,0,*
H,17,27,2,3,10.97,10.4,11.6,12.55,9,17,1015,1015,1015,141.95,70.1,215.1,180,0.41,203,0,0,0,0,0,0,*
H,18,27,2,3,9.29,8.3,10.4,25.91,9,42,1015,1015,1015,22.71,0,68.7,178,0.32,203,0,0,0,0,0,0,*
H,19,27,2,3,8.12,7.2,10.9,49.01,42,55,1015.55,1015,1016,2.95,1.4,4,176,0.29,203,0,0,0,0,0,0,*
H,20,27,2,3,6.65,5.9,7.2,60.25,56,68,1016,1016,1016,3.32,1.9,4.7,227,0.83,203,0,0,0,0,0,0,*
H,21,27,2,3,5.53,5.3,5.9,73.8,68,77,1016.44,1016,1017,3.58,2.3,4.7,302,0.22,204,0,0,0,0,0,0,*
H,22,27,2,3,4.77,4.4,5.4,78.64,77,81,1017,1017,1017,3.69,3,4.7,312,0.37,203,0,0,0,0,0,0,*
H,23,27,2,3,3.71,2.8,4.5,82.03,81,85,1017,1017,1017,3.75,3,4.7,306,0.97,203,0,0,0,0,0,0,*
H,0,28,2,3,3.04,2.8,3.4,88.16,85,90,1017,1017,1017,3.81,3,5,66,0.74,204,0,0,0,0,0,0,-0.1,12.1,9,90,1015,1017,*
H,1,28,2,3,2.26,1.8,3,88.35,87,90,1017,1017,1017,4.03,3,5,350,0,203,0,0,0,0,0,0,*
H,2,28,2,3,1.57,1.2,1.8,92.46,90,95,1017,1017,1017,4.04,3,5,14,0.25,204,0,0,0,0,0,0,*
H,3,28,2,3,1.59,1.5,1.7,92.15,90,95,1017,1017,1017,4.15,3,5,12,0.12,203,0,0,0,0,0,0,*
H,4,28,2,3,1.42,1.2,1.6,88.68,88,90,1017,1017,1017,4.32,3.3,5.4,13,0.15,204,0,0,0,0,0,0,*
H,5,28,2,3,1.17,1,1.3,88.78,88,89,1017.69,1017,1018,4.3,3.3,5.4,39,0.38,204,0,0,0,0,0,0,*
H,6,28,2,3,1.26,1.1,1.4,88.56,88,89,1018,1018,1018,4.36,3.3,5.4,10,0.13,204,0,0,0,0,0,0,*
H,7,28,2,3,1.11,0.9,1.4,86.51,86,88,1018,1018,1018,3.55,0,5.7,6,0.15,204,0,0,0,0,0,0,*
H,8,28,2,3,1.31,0.9,1.8,85.1,84,86,1018.91,1018,1019,41.8,6.4,90.5,9,0.14,204,0,0,0,0,0,0,*
H,9,28,2,3,2.79,1.8,4,79.01,73,84,1019,1019,1019,164.33,90.5,249.6,22,0.31,203,0,0,0,0,0,0,*
H,10,28,2,3,4.73,3.9,5.3,67.49,65,73,1019.64,1019,1020,263.49,130.2,411.7,58,0.31,203,0,0,0,0,0,0,*
H,11,28,2,3,6.55,5.2,7.6,56.63,47,67,1020,1020,1020,372.18,326.3,478.4,50,0.46,204,0,0,0,0,0,0,*
H,12,28,2,3,7.93,7.3,8.8,46.27,42,50,1020,1020,1020,341.49,183.4,550.5,73,0.69,203,0,0,0,0,0,0,*
H,13,28,2,3,9.66,8.7,10.4,34.23,25,44,1019.7,1019,1020,520.22,498.1,547,141,0.87,203,0,0,0,0,0,0,*
H,14,28,2,3,10.72,9.7,11.5,17.28,11,28,1018.86,1018,1019,474.94,402.3,508.1,184,1.04,203,0,0,0,0,0,0,*
H,15,28,2,3,11.4,11,11.8,9.27,9,11,1018,1018,1018,394.33,348.3,458.4,191,0.85,203,0,0,0,0,0,0,*
H,16,28,2,3,11.37,11,11.8,10.46,9,12,1018,1018,1018,276.73,203.5,357.8,160,0.66,203,0,0,0,0,0,0,*
H,17,28,2,3,10.74,10,11.3,16.1,11,26,1018,1018,1018,135.9,71.4,203.5,158,0.47,203,0,0,0,0,0,0,*
H,18,28,2,3,9.25,8.4,10,33.77,26,40,1018,1018,1018,25.93,0,70.8,154,0.28,203,0,0,0,0,0,0,*
H,19,28,2,3,7.64,7.1,8.4,55.47,41,71,1018.53,1018,1019,2.84,1.1,3.9,161,0.32,204,0,0,0,0,0,0,*
H,20,28,2,3,6.76,5.8,7.2,82.06,71,90,1019,1019,1019,3.2,1.8,4.4,180,0.21,203,0,0,0,0,0,0,*
H,21,28,2,3,5.43,4.9,6.1,91.2,90,93,1019,1019,1019,3.47,2.3,4.7,200,0.99,203,0,0,0,0,0,0,*
H,22,28,2,3,4.58,4,5,92.58,92,94,1019,1019,1019,3.75,2.6,4.7,342,0.21,204,0,0,0,0,0,0,*
H,23,28,2,3,4.03,3.8,4.3,92.96,92,94,1019,1019,1019,3.8,3,4.7,344,0.37,203,0,0,0,0,0,0,*
H,0,1,3,3,3.5,3,3.9,93.17,93,94,1018.65,1018,1019,3.94,2.6,5,334,0.32,203,0,0,0,0,0,0,0.9,11.9,9,95,1017,1020,*
H,1,1,3,3,2.49,2.2,2.9,93.58,93,94,1018.06,1018,1019,3.91,3,4.7,345,0.38,204,0,0,0,0,0,0,*
H,2,1,3,3,2.07,1.7,2.4,94.36,93,95,1018.02,1018,1019,4.02,3,5.4,335,0.41,204,0,0,0,0,0,0,*
H,3,1,3,3,1.85,1.4,2.2,95,95,95,1018,1018,1018,4.11,3,5,27,0.29,204,0,0,0,0,0,0,*
H,4,1,3,3,1.62,1.2,1.9,94.16,93,95,1017.98,1017,1018,4.09,3.3,5,27,0.43,204,0,0,0,0,0,0,*
H,5,1,3,3,1.28,1.1,1.6,96.13,94,98,1018,1018,1018,4.18,3.3,5.4,42,0.43,204,0,0,0,0,0,0,*
H,6,1,3,3,1.05,0.9,1.2,98.29,98,99,1018,1018,1018,4.24,3.3,5,26,0.36,204,0,0,0,0,0,0,*
H,7,1,3,3,0.73,0.4,1.1,99,99,99,1018,1018,1018,3.4,0,5,48,0.25,203,0,0,0,0,0,0,*
H,8,1,3,3,1.09,0.6,1.6,99,99,99,1018,1018,1018,32.07,0,85.8,1,0.1,204,0,0,0,0,0,0,*
H,9,1,3,3,2.45,1.6,3.3,98.29,95,99,1018.91,1018,1019,144.3,86.1,212,11,0.36,204,0,0,0,0,0,0,*
H,10,1,3,3,4.45,3.4,5.6,89.58,87,95,1018.35,1018,1019,278.48,212.3,344.8,52,0.39,203,0,0,0,0,0,0,*
H,11,1,3,3,6.77,5.4,8,79.67,74,86,1018,1018,1018,394.4,344.8,426.1,84,0.47,204,0,0,0,0,0,0,*
H,12,1,3,3,8.68,7.6,9.8,66.97,52,75,1018,1018,1018,431.55,378,459.8,128,1.09,203,0,0,0,0,0,0,*
H,13,1,3,3,10.03,9,10.9,40.85,34,52,1017.68,1017,1018,427.75,370.1,469.7,224,1.23,203,0,0,0,0,0,0,*
H,14,1,3,3,11.01,10.4,11.6,26.26,21,35,1016.25,1016,1017,430.4,334.2,477.3,194,0.77,203,0,0,0,0,0,0,*
H,15,1,3,3,11.39,11,11.8,14.62,11,22,1016,1016,1016,345.88,258.2,406.8,196,0.57,203,0,0,0,0,0,0,*
H,16,1,3,3,11.3,11,11.7,13.58,12,18,1015.11,1015,1016,238.84,177.8,296.6,154,0.79,203,0,0,0,0,0,0,*
H,17,1,3,3,10.61,9.5,11.4,22.32,16,31,1015,1015,1015,121.34,66,176.8,180,0.47,203,0,0,0,0,0,0,*
H,18,1,3,3,8.58,7.8,9.6,35.01,30,45,1015,1015,1015,24.6,0.1,66.3,156,0.33,203,0,0,0,0,0,0,*
H,19,1,3,3,7.05,6.2,7.8,55.21,45,67,1015,1015,1015,2.9,1.1,4,162,0.2,204,0,0,0,0,0,0,*
H,20,1,3,3,5.62,5,6.3,78.89,67,86,1015,1015,1015,3.23,1.9,4.4,152,0.28,203,0,0,0,0,0,0,*
H,21,1,3,3,4.81,4.3,5.2,89.57,86,92,1015,1015,1015,3.53,2.3,4.7,221,0.55,203,0,0,0,0,0,0,*
H,22,1,3,3,4.35,4.2,4.5,91.87,91,93,1015,1015,1015,3.67,2.6,4.4,335,0.45,204,0,0,0,0,0,0,*
H,23,1,3,3,4.28,4.1,4.5,91.15,91,92,1014.74,1014,1015,3.84,2.6,4.7,354,0.12,203,0,0,0,0,0,0,*
H,0,2,3,3,3.98,3.7,4.5,90.32,90,91,1014,1014,1014,3.8,2.6,4.7,275,0.75,204,0,0,0,0,0,0,0.4,11.8,11,99,1014,1019,*
H,1,2,3,3,3.8,3.6,3.9,92.16,91,94,1013.26,1013,1014,3.79,2.6,4.7,32,0.59,203,0,0,0,0,0,0,*
H,2,2,3,3,3.75,3.6,3.9,93.93,93,94,1013.15,1013,1014,3.74,2.6,4.7,15,0.22,204,0,0,0,0,0,0,*
H,3,2,3,3,3.67,3.6,3.8,93.44,93,95,1012.66,1012,1013,3.84,3,4.7,7,0.25,203,0,0,0,0,0,0,*
H,4,2,3,3,3.3,3.2,3.6,95,95,95,1011.93,1011,1012,3.89,3,4.7,20,0.26,204,0,0,0,0,0,0,*
H,5,2,3,3,3.63,3.3,3.8,94.86,94,95,1011,1011,1011,3.88,3,5,9,0.24,204,0,0,0,0,0,0,*
H,6,2,3,3,3.98,3.8,4.1,93.7,93,94,1010.96,1010,1011,3.85,3,5,16,0.28,204,0,0,0,0,0,0,*
H,7,2,3,3,4.11,4,4.2,92.42,92,93,1010,1010,1010,3.51,0.9,4.7,25,0.25,203,0,0,0,0,0,0,*
H,8,2,3,3,4.32,4.1,4.7,92.49,92,93,1010,1010,1010,11.25,0,23.9,4,0.15,204,0,0,0,0,0,0,*
H,9,2,3,3,5.05,4.7,5.6,91.81,89,93,1010,1010,1010,47.98,22.5,117.5,11,0.25,204,0,0,0,0,0,0,*
H,10,2,3,3,6.19,5.5,6.9,83.73,79,89,1010,1010,1010,127.95,86.8,206.5,17,0.33,203,0,0,0,0,0,0,*
H,11,2,3,3,6.99,6.7,7.5,77.76,76,79,1009.49,1009,1010,120.09,76.2,203.4,27,0.45,203,0,0,0,0,0,0,*
H,12,2,3,3,7.81,7.2,8.2,72.19,67,76,1009,1009,1009,142.31,115.9,186.6,61,0.4,204,0,0,0,0,0,0,*
H,13,2,3,3,8.74,8.1,9.2,60.5,42,68,1008.31,1008,1009,157.51,90.6,255.2,150,1.31,203,0,0,0,0,0,0,*
H,14,2,3,3,9.04,8.8,9.2,42.3,39,44,1007.69,1007,1008,98.61,60.8,156.1,249,0.43,203,0,0,0,0,0,0,*
H,15,2,3,3,9.28,9.1,9.7,39.16,37,42,1006.95,1006,1007,108.79,73.8,190.4,193,0.46,203,0,0,0,0,0,0,*
H,16,2,3,3,9.79,9.5,10.1,37.03,35,39,1006.02,1006,1007,163.55,127.8,231,192,0.41,204,0,0,0,0,0,0,*
H,17,2,3,3,9.49,9.1,10.1,37.42,35,41,1005.5,1005,1006,71.45,35.5,156.7,206,0.27,203,0,0,0,0,0,0,*
H,18,2,3,3,9.04,9,9.2,41.99,40,44,1005.01,1005,1006,25.97,0,74,207,0.08,203,0,0,0,0,0,0,*
H,19,2,3,3,8.39,8,9,50.16,44,57,1005.06,1005,1006,3.09,1.3,4,277,1.03,204,0,0,0,0,0,0,*
H,20,2,3,3,8,7.8,8.2,64.32,57,69,1005.48,1005,1006,3.29,2.3,4.4,110,0.74,203,0,0,0,0,0,0,*
H,21,2,3,3,7.23,6.7,7.8,72.89,69,78,1004.82,1004,1005,3.5,2.3,4.7,65,0.11,204,0,0,0,0,0,0,*
H,22,2,3,3,6.38,6.2,6.7,80.9,78,83,1004,1004,1004,3.47,2.3,4.7,43,0.36,203,0,0,0,0,0,0,*
H,23,2,3,3,6.13,6,6.3,82.92,82,83,1004,1004,1004,3.52,2.3,5,23,0.31,204,0,0,0,0,0,0,*
H,0,3,3,3,5.7,5.5,6.1,83.82,83,85,1003.69,1003,1004,3.65,2.6,4.7,3,0.22,203,0,0,0,0,0,0,3.2,10.1,35,95,1003,1014,*
H,1,3,3,3,5.62,5.5,5.7,85,85,85,1003,1003,1004,3.63,2.6,4.4,5,0.21,204,0,0,0,0,0,0,*
H,2,3,3,3,5.79,5.7,5.9,85.78,85,87,1003,1003,1003,3.62,2.6,4.4,12,0.24,203,0,0,0,0,0,0,*
H,3,3,3,3,5.98,5.8,6.1,89.33,88,90,1002.45,1002,1003,3.61,2.6,5,7,0.16,204,0,0,0,0,0,0,*
H,4,3,3,3,6.18,6.1,6.5,92.75,90,96,1002,1002,1002,3.68,2.6,4.7,10,0.27,204,0,0,0,0.2,0,0.2,*
H,5,3,3,3,6.45,6.3,6.7,97.69,96,99,1001.25,1001,1002,3.67,2.6,4.7,359,0.19,203,0,0,0,0.2,0,0.2,*
H,6,3,3,3,6.72,6.6,6.8,96.09,95,98,1001,1001,1001,3.72,2.6,4.7,0,0.14,204,0,0,0,0,0,0,*
H,7,3,3,3,6.76,6.6,7.1,93.4,91,95,1001,1001,1001,3.17,0.2,4.7,356,0.13,204,0,0,0,0,0,0,*
H,8,3,3,3,7.27,7.1,7.6,88.72,87,91,1002.03,1001,1003,11.8,0,27.6,3,0.14,204,0,0,0,0,0,0,*
H,9,3,3,3,8.07,7.5,9.1,84.07,79,87,1003,1003,1003,39.5,27.2,51.9,358,0.17,203,0,0,0,0,0,0,*
H,10,3,3,3,9.39,9,9.7,73.88,71,79,1003.53,1003,1004,69.87,51.9,82.7,25,0.29,204,0,0,0,0,0,0,*
H,11,3,3,3,9.84,9.5,10.4,72.12,66,76,1004,1004,1004,96.61,73.1,131.9,8,0.22,203,0,0,0,0,0,0,*
H,12,3,3,3,10.71,10.3,11,50.34,37,66,1004,1004,1004,145.21,129.5,161.9,6,0.3,203,0,0,0,0,0,0,*
H,13,3,3,3,11.29,10.9,12,31.75,27,38,1004,1004,1004,191.74,154.7,232.4,335,0.9,203,0,0,0,0,0,0,*
H,14,3,3,3,12.09,11.6,12.8,27.01,24,32,1004,1004,1004,227.79,208.3,265.2,264,0.59,203,0,0,0,0,0,0,*
H,15,3,3,3,12.43,12.1,12.7,22.3,20,26,1004,1004,1004,201.96,153.7,263,259,0.31,203,0,0,0,0,0,0,*
H,16,3,3,3,12.63,12.4,12.9,19.5,15,24,1004,1004,1004,132.41,110.6,154.7,252,0.38,203,0,0,0,0,0,0,*
H,17,3,3,3,12.68,12.3,12.9,18.53,15,22,1004,1004,1004,81.14,37.9,111.2,228,0.67,203,0,0,0,0,0,0,*
H,18,3,3,3,11.93,11.6,12.4,22.98,21,26,1004.74,1004,1005,15.54,0.1,37.9,262,0.45,203,0,0,0,0,0,0,*
H,19,3,3,3,11.57,11.4,11.7,28.34,23,34,1005.43,1005,1006,3.09,1.4,4.4,276,0.41,204,0,0,0,0,0,0,*
H,20,3,3,3,11.51,11.3,11.7,35.69,33,41,1006,1006,1007,3.32,2.1,4.4,273,0.85,203,0,0,0,0,0,0,*
H,21,3,3,3,11,10.6,11.3,42.62,41,46,1007,1007,1007,3.4,2.3,4.4,291,0.73,203,0,0,0,0,0,0,*
H,22,3,3,3,10.55,10.1,10.8,47.66,46,50,1007.78,1007,1008,3.37,2.3,4.4,177,1.08,203,0,0,0,0,0,0,*
H,23,3,3,3,9.76,9.4,10.1,56.63,50,61,1008.19,1008,1009,3.36,2.6,4.4,146,0.77,204,0,0,0,0,0,0,*
H,0,4,3,3,9.48,8.7,10.1,60.73,58,67,1009,1009,1009,3.37,2.3,4.7,73,1.16,203,0,0,0,0,0,0,5.5,12.9,15,99,1001,1009,*
H,1,4,3,3,8.4,7.9,8.9,70.69,67,74,1009,1009,1009,3.42,2.1,4.7,106,1,203,0,0,0,0,0,0,*
H,2,4,3,3,7.47,7.1,7.9,80.94,74,85,1009.75,1009,1010,3.43,1.9,4.7,349,0.4,204,0,0,0,0,0,0,*
H,3,4,3,3,7.26,7.2,7.4,85.74,85,86,1010,1010,1010,3.57,2.3,4.7,347,0.2,204,0,0,0,0,0,0,*
H,4,4,3,3,6.78,6.3,7.2,87.52,86,89,1010,1010,1010,3.68,2.6,4.7,330,0.26,203,0,0,0,0,0,0,*
H,5,4,3,3,5.89,5.4,6.3,90.31,89,92,1010,1010,1010,3.65,2.6,4.7,329,0.18,204,0,0,0,0,0,0,*
H,6,4,3,3,4.89,4.4,5.4,93.36,92,95,1010.23,1010,1011,3.81,3,5.4,354,0.17,203,0,0,0,0,0,0,*
H,7,4,3,3,4.15,3.8,4.5,95.21,95,96,1011,1011,1011,3.61,0,11.1,354,0.11,204,0,0,0,0,0,0,*
H,8,4,3,3,4.18,3.8,4.9,93.53,91,95,1011.81,1011,1012,61.8,10.5,129.5,357,0.2,204,0,0,0,0,0,0,*
H,9,4,3,3,6.64,4.9,8.4,81.98,73,91,1012.5,1012,1013,205.26,130.6,281.8,349,0.24,203,0,0,0,0,0,0,*
H,10,4,3,3,9.89,8.4,11,51.78,29,72,1013,1013,1013,358.44,282.8,428.5,319,1,203,0,0,0,0,0,0,*
H,11,4,3,3,11.75,11,12.3,15.47,9,28,1013,1013,1013,485.19,428.4,532,193,1.29,203,0,0,0,0,0,0,*
H,12,4,3,3,12.64,11.9,13.7,12.66,9,22,1013,1013,1013,554.75,528.2,575.4,268,0.88,203,0,0,0,0,0,0,*
H,13,4,3,3,13.71,13,14.7,28.86,19,37,1013,1013,1013,566.12,551.4,584,186,0.91,204,0,0,0,0,0,0,*
H,14,4,3,3,14.45,13.4,15.1,39.16,33,43,1012.07,1012,1013,528.72,492,572.3,224,0.69,203,0,0,0,0,0,0,*
H,15,4,3,3,14.76,14.3,15.4,42.82,41,45,1012,1012,1012,443.17,358.2,493.7,227,0.85,203,0,0,0,0,0,0,*
H,16,4,3,3,14.8,14.3,15.2,41.5,39,44,1012,1012,1012,291.68,123.4,361.9,219,0.66,203,0,0,0,0,0,0,*
H,17,4,3,3,14.35,13.9,15.1,41.79,39,44,1011.99,1011,1012,155.1,85.8,258.6,205,0.55,203,0,0,0,0,0,0,*
H,18,4,3,3,12.97,11.8,13.9,41.31,36,45,1012,1012,1013,37.01,2,92.3,176,0.41,203,0,0,0,0,0,0,*
H,19,4,3,3,11.17,10.7,11.8,41.77,40,43,1012.98,1012,1013,2.63,0,4,177,0.27,203,0,0,0,0,0,0,*
H,20,4,3,3,10.04,9.2,10.7,37.38,33,41,1013.26,1013,1014,3.18,2.1,4.4,220,0.48,204,0,0,0,0,0,0,*
H,21,4,3,3,8.62,7.8,9.4,24.42,11,34,1014,1014,1014,3.46,2.1,4.4,271,0.44,203,0,0,0,0,0,0,*
H,22,4,3,3,7.52,7,7.9,10.25,9,12,1014,1014,1014,3.56,2.6,4.7,319,0.15,203,0,0,0,0,0,0,*
H,23,4,3,3,7.18,6.6,7.7,12.83,11,18,1014.87,1014,1015,3.52,1.9,4.7,325,0.09,204,0,0,0,0,0,0,*
H,0,5,3,3,6.17,5.7,6.8,23.6,18,29,1015,1015,1015,3.57,2.3,4.7,37,0.59,203,0,0,0,0,0,0,3.8,15.5,9,96,1009,1015,*
H,1,5,3,3,5.66,5.1,6,36.75,29,48,1015,1015,1015,3.64,3,4.4,15,0.29,204,0,0,0,0,0,0,*
H,2,5,3,3,4.79,4.5,5.3,60.51,48,67,1015,1015,1015,3.77,3,5,12,0.24,204,0,0,0,0,0,0,*
H,3,5,3,3,4.58,4.4,4.7,65.42,64,67,1015,1015,1015,3.81,2.6,5,9,0.16,204,0,0,0,0,0,0,*
H,4,5,3,3,4.44,4.2,4.7,62.99,62,64,1015,1015,1015,3.88,3,4.7,20,0.15,204,0,0,0,0,0,0,*
H,5,5,3,3,4.69,4.3,5,62.49,61,64,1015,1015,1015,3.89,3,5,10,0.16,203,0,0,0,0,0,0,*
H,6,5,3,3,4.54,4.4,4.7,64.3,61,67,1015,1015,1015,3.92,3,4.7,12,0.14,204,0,0,0,0,0,0,*
H,7,5,3,3,4.16,4,4.5,69.43,66,73,1015,1015,1015,4.07,0,12.9,12,0.15,204,0,0,0,0,0,0,*
H,8,5,3,3,4.45,4.1,5,71.84,70,73,1015,1015,1015,45.9,13.2,101.8,15,0.13,204,0,0,0,0,0,0,*
H,9,5,3,3,6.43,5,7.8,63.19,51,70,1015.81,1015,1016,203.7,83.7,291.3,19,0.31,204,0,0,0,0,0,0,*
H,10,5,3,3,8.79,7.8,9.9,42.41,35,52,1015.48,1015,1016,356.99,209.9,453.8,29,0.41,204,0,0,0,0,0,0,*
H,11,5,3,3,10.67,9.6,11.8,21.09,11,35,1015,1015,1015,458.83,406.1,513.8,70,0.59,203,0,0,0,0,0,0,*
H,12,5,3,3,11.99,11.1,12.9,15.02,9,26,1015,1015,1015,500.07,339.3,575.8,122,1.23,203,0,0,0,0,0,0,*
H,13,5,3,3,13.17,12.3,14.1,30.43,24,36,1014.15,1014,1015,540.67,375.3,572,208,0.89,204,0,0,0,0,0,0,*
H,14,5,3,3,14.11,13.5,14.8,36.38,34,38,1013.57,1013,1014,509.25,353,559,205,0.86,203,0,0,0,0,0,0,*
H,15,5,3,3,14.22,13.6,14.8,38.55,37,40,1012.87,1012,1013,428.5,374.2,486.5,229,0.58,203,0,0,0,0,0,0,*
H,16,5,3,3,14.13,13.4,15.6,34.35,29,40,1012,1012,1012,307.42,231.2,376.2,197,0.79,204,0,0,0,0,0,0,*
H,17,5,3,3,13.3,12.7,14.1,24.76,19,29,1012,1012,1012,150.36,71.4,232.9,161,0.44,203,0,0,0,0,0,0,*
H,18,5,3,3,12.14,11.1,12.8,13.77,9,20,1012,1012,1012,34.14,0.2,78.3,157,0.33,204,0,0,0,0,0,0,*
H,19,5,3,3,9.68,8.7,11.1,41.81,20,60,1012,1012,1012,2.66,0.2,4,154,0.27,203,0,0,0,0,0,0,*
H,20,5,3,3,8.5,8.1,8.8,67,60,72,1012,1012,1012,3.21,2.3,4.4,164,0.22,204,0,0,0,0,0,0,*
H,21,5,3,3,7.48,7.2,8.1,76.03,72,80,1011.95,1011,1012,3.49,2.6,4.7,236,1.05,204,0,0,0,0,0,0,*
H,22,5,3,3,6.67,6.2,7.2,81.63,78,85,1011.23,1011,1012,3.54,2.3,4.7,339,0.46,203,0,0,0,0,0,0,*
H,23,5,3,3,6.17,5.8,6.4,86.09,85,87,1011,1011,1011,3.67,2.3,5,358,0.18,204,0,0,0,0,0,0,*
H,0,6,3,3,5.5,5.1,5.9,88.48,86,91,1010.95,1010,1011,3.63,2.6,4.4,0,0,205,0,0,0,0,0,0,4,15.7,9,91,1010,1016,*
H,1,6,3,3,4.78,4.2,5.3,91.72,91,93,1010,1010,1010,3.68,2.6,4.7,13,0.27,203,0,0,0,0,0,0,*
H,2,6,3,3,3.92,3.6,4,95.06,93,96,1010,1010,1010,3.74,2.6,4.7,37,0.37,204,0,0,0,0,0,0,*
H,3,6,3,3,3.4,2.8,3.9,95.19,95,96,1009.76,1009,1010,3.91,3,4.7,9,0.19,204,0,0,0,0,0,0,*
H,4,6,3,3,2.83,2.7,3,95.74,95,96,1009,1009,1009,4,3,4.7,6,0.2,204,0,0,0,0,0,0,*
H,5,6,3,3,2.95,2.7,3.1,94.6,94,95,1009,1009,1009,4.11,3,5,10,0.21,204,0,0,0,0,0,0,*
H,6,6,3,3,2.75,2.6,2.9,94.96,94,95,1008.65,1008,1009,4.09,3,5.4,13,0.18,204,0,0,0,0,0,0,*
H,7,6,3,3,2.62,2.5,2.7,94.07,94,95,1008.36,1008,1009,4.99,0,22.1,13,0.15,203,0,0,0,0,0,0,*
H,8,6,3,3,2.96,2.5,3.7,92.91,90,94,1008.18,1008,1009,80.23,21.8,135,16,0.16,204,0,0,0,0,0,0,*
H,9,6,3,3,4.76,3.8,5.8,86.21,83,90,1008.18,1008,1009,177.41,115.5,273.2,20,0.28,203,0,0,0,0,0,0,*
H,10,6,3,3,6.82,5.8,8,80.99,79,83,1008,1008,1008,318.84,211.3,422.7,26,0.38,204,0,0,0,0,0,0,*
H,11,6,3,3,8.65,7.8,9.6,74.2,69,80,1008,1008,1008,416.8,230.1,546.2,44,0.48,203,0,0,0,0,0,0,*
H,12,6,3,3,10.29,9.3,11.6,55.5,38,69,1008,1008,1008,469.9,270.5,593.4,72,0.64,203,0,0,0,0,0,0,*
H,13,6,3,3,11.83,11.1,12.6,24.29,15,38,1008,1008,1008,521.02,301,609,118,0.97,203,0,0,0,0,0,0,*
H,14,6,3,3,12.4,11.8,13.4,11.71,9,16,1007.25,1007,1008,455.9,322.2,575.1,64,0.93,203,0,0,0,0,0,0,*
H,15,6,3,3,12.9,12.5,13.8,12.32,10,16,1006.99,1006,1007,332.51,138.5,522.8,91,0.78,204,0,0,0,0,0,0,*
H,16,6,3,3,12.74,12.2,13.5,23.12,15,27,1006.5,1006,1007,192.95,165.5,238.7,170,0.7,203,0,0,0,0,0,0,*
H,17,6,3,3,12.19,11.8,12.7,24.59,21,27,1006,1006,1006,102.82,64.9,174.7,165,0.51,203,0,0,0,0,0,0,*
H,18,6,3,3,11.91,11.1,13,18.52,13,22,1006.38,1006,1007,36.95,4.8,64.6,144,0.47,203,0,0,0,0,0,0,*
H,19,6,3,3,10.69,9.7,12.3,10.15,9,13,1007,1007,1007,2.83,0.2,4.5,166,0.72,204,0,0,0,0,0,0,*
H,20,6,3,3,9.26,8.9,9.9,17.43,11,23,1007.01,1007,1008,3.34,2.3,4.4,51,0.31,203,0,0,0,0,0,0,*
H,21,6,3,3,9.23,9,9.5,27.54,21,33,1007.74,1007,1008,3.34,2.6,4.4,23,0.31,204,0,0,0,0,0,0,*
H,22,6,3,3,8.37,7.9,9.1,40.29,33,48,1008,1008,1008,3.37,2.3,4.7,25,0.35,203,0,0,0,0,0,0,*
H,23,6,3,3,7.87,7.7,8,47.32,47,48,1008,1008,1008,3.36,1.9,4.4,29,0.29,204,0,0,0,0,0,0,*
H,0,7,3,3,7.54,7.3,7.8,46.77,46,48,1008.57,1008,1009,3.47,2.3,4.7,16,0.33,204,0,0,0,0,0,0,2.5,13.9,9,96,1006,1011,*
H,1,7,3,3,7.13,7,7.3,49.18,48,50,1008.99,1008,1009,3.51,2.6,4.7,10,0.19,203,0,0,0,0,0,0,*
H,2,7,3,3,6.78,6.6,7,50.71,49,53,1009,1009,1009,3.56,2.3,4.7,12,0.21,204,0,0,0,0,0,0,*
H,3,7,3,3,6.44,6.2,6.6,53.96,53,55,1009,1009,1009,3.59,2.6,4.7,15,0.26,203,0,0,0,0,0,0,*
H,4,7,3,3,6.34,6.1,6.6,52.57,51,54,1008.48,1008,1009,3.57,2.6,4.7,34,0.27,204,0,0,0,0,0,0,*
H,5,7,3,3,6.51,6.3,6.7,51.6,50,53,1009,1009,1009,3.54,2.6,4.7,38,0.24,204,0,0,0,0,0,0,*
H,6,7,3,3,6.56,6.3,6.7,50.69,50,53,1009,1009,1009,3.71,3,4.7,31,0.32,203,0,0,0,0,0,0,*
H,7,7,3,3,6.24,6.1,6.3,56.52,53,60,1009.52,1009,1010,2.79,0,4.7,13,0.21,204,0,0,0,0,0,0,*
H,8,7,3,3,6.37,6.3,6.6,60.66,58,67,1010.32,1010,1011,10.31,1.9,19.4,17,0.22,204,0,0,0,0,0,0,*
H,9,7,3,3,6.46,6.2,7,74.3,67,77,1011.07,1011,1012,71.54,19.4,126.5,21,0.33,203,0,0,0,0,0,0,*
H,10,7,3,3,7.28,6.9,8,71.93,71,73,1012,1012,1012,174.9,123.7,314,38,0.33,203,0,0,0,0,0,0,*
H,11,7,3,3,8.95,7.9,9.8,66.23,60,72,1012,1012,1012,342.33,245.1,457.6,35,0.4,204,0,0,0,0,0,0,*
H,12,7,3,3,10.71,9.8,11.8,49.03,37,61,1012.03,1012,1013,518.4,377.2,567.8,60,0.53,203,0,0,0,0,0,0,*
H,13,7,3,3,12.04,11.3,12.7,21.43,14,38,1012.42,1012,1013,596.86,554.5,642.5,49,0.77,203,0,0,0,0,0,0,*
H,14,7,3,3,12.82,12.1,13.7,13.78,11,19,1012,1012,1012,513.63,449.9,555.9,102,0.93,203,0,0,0,0,0,0,*
H,15,7,3,3,13.11,12.6,14,11.04,9,14,1011.62,1011,1012,397.28,279.1,472.1,77,0.97,203,0,0,0,0,0,0,*
H,16,7,3,3,13.65,13.3,14.4,9.86,9,10,1011.13,1011,1012,243.12,146.3,380.7,209,0.82,203,0,0,0,0,0,0,*
H,17,7,3,3,13.36,12.9,13.8,15.87,10,20,1011,1011,1011,139.64,94.4,180.6,180,0.55,203,0,0,0,0,0,0,*
H,18,7,3,3,11.59,10.5,13.1,29.62,20,38,1011.63,1011,1012,37.2,1.3,93.7,146,0.43,204,0,0,0,0,0,0,*
H,19,7,3,3,9.98,9.6,10.5,44.05,38,50,1012.54,1012,1013,2.64,0,4,170,0.3,203,0,0,0,0,0,0,*
H,20,7,3,3,9.5,9.3,9.6,52.75,50,54,1013,1013,1013,3.2,2.1,4,194,0.23,204,0,0,0,0,0,0,*
H,21,7,3,3,9.29,9,9.5,54.14,51,58,1013.19,1013,1014,3.33,2.3,4.4,238,0.6,203,0,0,0,0,0,0,*
H,22,7,3,3,8.35,7.8,9,59.61,55,62,1013.19,1013,1014,3.37,2.3,4.7,145,1.47,203,0,0,0,0,0,0,*
H,23,7,3,3,7.55,7.3,8,58.49,54,61,1013.7,1013,1014,3.38,2.3,4.7,63,0.42,204,0,0,0,0,0,0,*
H,0,8,3,3,7.59,7.4,7.8,49.58,48,54,1013.59,1013,1014,3.46,1.9,4.7,145,0.81,204,0,0,0,0,0,0,6.1,14.5,9,77,1008,1014,*
H,1,8,3,3,6.98,6.5,7.5,54.26,50,57,1013,1013,1013,3.67,2.3,5.4,36,0.58,203,0,0,0,0,0,0,*
H,2,8,3,3,5.99,5.7,6.5,60.28,57,63,1013,1013,1013,3.6,2.6,4.7,17,0.14,203,0,0,0,0,0,0,*
H,3,8,3,3,5.61,5.3,5.9,65.25,62,68,1013,1013,1013,3.7,2.6,4.7,348,0.36,204,0,0,0,0,0,0,*
H,4,8,3,3,5.31,5.2,5.5,71.39,69,75,1013,1013,1013,3.67,2.6,4.7,338,0.44,203,0,0,0,0,0,0,*
H,5,8,3,3,4.94,4.6,5.5,77.07,75,80,1013,1013,1013,3.8,3,5,325,0.43,204,0,0,0,0,0,0,*
H,6,8,3,3,4.73,4.4,5.1,79.61,76,81,1013,1013,1013,3.72,2.6,4.7,12,0.52,204,0,0,0,0,0,0,*
H,7,8,3,3,4.71,4.5,4.9,77.38,75,80,1013,1013,1013,3.75,0,9.5,15,0.47,203,0,0,0,0,0,0,*
H,8,8,3,3,5.09,4.8,5.5,78.6,78,80,1013.26,1013,1014,49.48,8.1,125.5,6,0.12,204,0,0,0,0,0,0,*
H,9,8,3,3,6.75,5.5,7.9,73.59,64,79,1014,1014,1014,149.2,123.1,173.7,2,0.23,204,0,0,0,0,0,0,*
H,10,8,3,3,8.88,7.8,9.8,45.99,30,63,1014,1014,1014,265.79,175.7,431.2,51,0.39,203,0,0,0,0,0,0,*
H,11,8,3,3,9.94,9.4,10.5,21.88,13,30,1014,1014,1014,298.78,214.8,402.6,50,0.45,203,0,0,0,0,0,0,*
H,12,8,3,3,10.98,10.2,12.5,9.72,9,12,1014,1014,1014,444.64,287.4,584.8,49,0.48,203,0,0,0,0,0,0,*
H,13,8,3,3,12.65,11.7,13.7,12.74,9,17,1014,1014,1014,542.71,334.9,609.3,95,1.02,204,0,0,0,0,0,0,*
H,14,8,3,3,13.65,12.9,14.2,16.18,13,19,1013.06,1013,1014,508.57,363.6,568.2,169,0.96,203,0,0,0,0,0,0,*
H,15,8,3,3,13.8,13.3,14.2,13.55,11,15,1013,1013,1013,332.53,260,472.1,208,1.06,203,0,0,0,0,0,0,*
H,16,8,3,3,13.6,13.2,14.1,10.78,10,12,1013,1013,1013,203.99,168.3,265.4,260,0.8,203,0,0,0,0,0,0,*
H,17,8,3,3,13.51,13.2,14.1,9.94,9,11,1013,1013,1013,133.35,74.8,231.9,218,0.86,203,0,0,0,0,0,0,*
H,18,8,3,3,12.34,11.7,13.4,15.49,9,23,1013,1013,1013,33.32,2,73.4,167,0.37,204,0,0,0,0,0,0,*
H,19,8,3,3,10.85,10.1,11.7,31.27,23,40,1013.15,1013,1014,2.42,0,4.5,137,0.25,203,0,0,0,0,0,0,*
H,20,8,3,3,9.94,9.8,10.2,42.67,40,44,1014,1014,1014,3.14,2.3,4.4,183,0.55,203,0,0,0,0,0,0,*
H,21,8,3,3,9.16,8.5,10,50.66,43,60,1014.1,1014,1015,3.39,2.6,4.4,243,0.26,204,0,0,0,0,0,0,*
H,22,8,3,3,8.42,8.1,8.7,63.4,60,67,1015,1015,1015,3.35,2.6,4.4,263,0.17,203,0,0,0,0,0,0,*
H,23,8,3,3,7.61,7,8.3,69.42,67,75,1015,1015,1015,3.53,2.3,4.7,263,0.35,204,0,0,0,0,0,0,*
H,0,9,3,3,6.56,5.8,7.3,77.73,75,82,1015.31,1015,1016,3.54,2.3,5,320,0.8,203,0,0,0,0,0,0,4.4,14.2,9,82,1013,1016,*
H,1,9,3,3,5.48,5.1,5.9,84.4,82,87,1016,1016,1016,3.48,2.6,4.7,71,0.26,203,0,0,0,0,0,0,*
H,2,9,3,3,5.32,5,5.7,85.61,84,88,1016,1016,1016,3.66,2.6,4.7,20,0.38,204,0,0,0,0,0,0,*
H,3,9,3,3,4.71,4.4,5.2,85.75,85,87,1016,1016,1016,3.76,2.6,4.7,20,0.28,204,0,0,0,0,0,0,*
H,4,9,3,3,4.34,4.2,4.5,88,87,89,1016,1016,1016,3.89,3,5,6,0.17,204,0,0,0,0,0,0,*
H,5,9,3,3,4.28,3.8,4.6,87.37,86,88,1016,1016,1016,3.94,3,5,10,0.16,204,0,0,0,0,0,0,*
H,6,9,3,3,4.01,3.9,4.1,88.79,88,90,1016,1016,1016,3.97,3,5,351,0.14,203,0,0,0,0,0,0,*
H,7,9,3,3,3.58,3.3,4,88.58,87,90,1016,1016,1016,6.37,0.2,22.8,0,0.16,204,0,0,0,0,0,0,*
H,8,9,3,3,4.3,3.8,4.9,87.26,85,90,1016,1016,1016,52.36,23.2,69.4,5,0.14,203,0,0,0,0,0,0,*
H,9,9,3,3,6.08,4.7,7.9,80.86,72,85,1016.27,1016,1017,177.09,58.7,291,8,0.19,204,0,0,0,0,0,0,*
H,10,9,3,3,9.3,7.9,10.4,50.68,29,72,1017,1017,1017,349.95,240.4,424.8,56,0.77,203,0,0,0,0,0,0,*
H,11,9,3,3,11.18,10.3,11.9,23.15,20,29,1017,1017,1017,420.93,378.2,465.6,185,0.94,203,0,0,0,0,0,0,*
H,12,9,3,3,12.55,11.7,13.6,14.54,11,23,1017,1017,1017,481.1,400.3,566.6,209,1.02,203,0,0,0,0,0,0,*
H,13,9,3,3,13.96,13.1,14.6,12.22,9,17,1016.12,1016,1017,513,430.4,586.7,203,0.58,203,0,0,0,0,0,0,*
H,14,9,3,3,14.48,13.8,15,19.66,15,26,1015.23,1015,1016,419.1,344.8,502.5,220,0.47,204,0,0,0,0,0,0,*
H,15,9,3,3,14.61,14,15,21.4,18,25,1015,1015,1015,318.16,292.5,373.6,243,0.54,203,0,0,0,0,0,0,*
H,16,9,3,3,14.91,14.6,15.4,22.36,19,28,1015,1015,1015,262.57,199.4,328.7,224,0.52,203,0,0,0,0,0,0,*
H,17,9,3,3,14.83,13.9,15.2,24.24,9,29,1015,1015,1015,156.17,82.1,222.7,227,0.69,203,0,0,0,0,0,0,*
H,18,9,3,3,13.19,12.5,13.9,14.68,9,24,1015,1015,1015,34.22,0.9,80.7,168,0.36,203,0,0,0,0,0,0,*
H,19,9,3,3,11.84,11.3,12.5,33.54,24,40,1015.68,1015,1016,2.64,0,4.1,173,0.31,203,0,0,0,0,0,0,*
H,20,9,3,3,10.71,10.4,11.3,41.65,38,47,1016,1016,1016,3.18,1.9,4.1,177,0.31,204,0,0,0,0,0,0,*
H,21,9,3,3,9.8,9.2,10.4,54.2,47,63,1016,1016,1016,3.27,2.3,4.4,193,0.8,203,0,0,0,0,0,0,*
H,22,9,3,3,9.29,8.8,9.8,65.09,62,69,1016,1016,1016,3.46,2.6,4.7,273,0.29,204,0,0,0,0,0,0,*
H,23,9,3,3,8.44,8,8.8,72.84,69,75,1016,1016,1016,3.39,2.3,4.7,281,0.28,203,0,0,0,0,0,0,*
H,0,10,3,3,7.46,6.9,8.1,79.42,74,84,1016,1016,1016,3.41,2.3,5,205,1.02,203,0,0,0,0,0,0,3.3,15.4,9,90,1015,1017,*
H,1,10,3,3,6.85,6.4,7.3,86.01,84,87,1016,1016,1016,3.57,2.3,5,62,1.11,204,0,0,0,0,0,0,*
H,2,10,3,3,5.94,5.4,6.4,88.96,87,92,1016.01,1016,1017,3.58,2.6,4.4,31,0.29,203,0,0,0,0,0,0,*
H,3,10,3,3,5.62,5.2,6,90.95,90,92,1016.01,1016,1017,3.68,2.6,4.7,11,0.15,204,0,0,0,0,0,0,*
H,4,10,3,3,4.88,4.7,5.2,91.84,91,93,1016,1016,1016,3.77,1.9,4.7,9,0.16,204,0,0,0,0,0,0,*
H,5,10,3,3,4.72,4.6,4.9,93.69,93,94,1016,1016,1016,3.81,3,4.7,8,0.18,203,0,0,0,0,0,0,*
H,6,10,3,3,4.71,4.6,4.9,93.75,93,94,1016,1016,1016,3.88,3,5,11,0.14,204,0,0,0,0,0,0,*
H,7,10,3,3,4.54,4.3,4.7,93.27,92,94,1016.42,1016,1017,7.04,0,27,17,0.21,203,0,0,0,0,0,0,*
H,8,10,3,3,5.23,4.7,6.1,87.69,83,92,1017,1017,1017,87.78,26.5,165.8,22,0.26,204,0,0,0,0,0,0,*
H,9,10,3,3,7.03,5.9,8.2,77.75,71,83,1017,1017,1017,246.9,147,322.5,17,0.35,203,0,0,0,0,0,0,*
H,10,10,3,3,8.96,8.1,10.1,66.82,63,70,1017,1017,1017,338.99,281.1,417.5,23,0.37,203,0,0,0,0,0,0,*
H,11,10,3,3,10.91,10,11.7,53.61,43,64,1017.44,1017,1018,374.81,299.7,451.7,31,0.56,203,0,0,0,0,0,0,*
H,12,10,3,3,12.06,11.3,12.7,38.1,33,44,1017.54,1017,1018,406.88,300,603.8,52,0.45,203,0,0,0,0,0,0,*
H,13,10,3,3,13.29,12.5,14.8,26.65,18,34,1017.03,1017,1018,552.78,304.4,605.6,61,0.75,203,0,0,0,0,0,0,*
H,14,10,3,3,14.77,14,15.7,12.85,9,19,1016.38,1016,1017,508.43,362.6,591.2,90,0.87,203,0,0,0,0,0,0,*
H,15,10,3,3,15.18,14.7,15.9,9.19,9,10,1016.07,1016,1017,443.33,213.1,603.5,56,0.66,204,0,0,0,0,0,0,*
H,16,10,3,3,15.52,15.1,16.1,11,9,13,1016,1016,1016,319.26,146.7,422.1,71,0.75,203,0,0,0,0,0,0,*
H,17,10,3,3,15.42,14.3,15.8,11.67,9,25,1016,1016,1016,147.8,85.5,213.4,98,0.75,203,0,0,0,0,0,0,*
H,18,10,3,3,13.72,13,14.3,36.84,25,44,1016,1016,1016,44.48,4.4,99.5,154,0.26,203,0,0,0,0,0,0,*
H,19,10,3,3,12,11.1,12.9,50.61,44,60,1016.96,1016,1017,2.6,0,4.4,122,0.21,203,0,0,0,0,0,0,*
H,20,10,3,3,10.5,9.8,11.2,67.67,60,76,1017.52,1017,1018,3.15,2.1,4.4,114,0.15,203,0,0,0,0,0,0,*
H,21,10,3,3,9.02,8.4,9.8,79.81,75,85,1017.95,1017,1018,3.38,2.3,4.7,130,0.4,204,0,0,0,0,0,0,*
H,22,10,3,3,8.34,8,8.9,87.5,85,89,1018,1018,1018,3.45,2.5,4.7,7,0.36,203,0,0,0,0,0,0,*
H,23,10,3,3,7.83,7.2,8.4,89.57,89,91,1018,1018,1018,3.55,2.3,4.7,355,0.09,204,0,0,0,0,0,0,*
H,0,11,3,3,6.91,6.5,7.3,91.71,91,92,1018,1018,1018,3.55,1.9,5,344,0.22,203,0,0,0,0,0,0,4.3,16.1,9,94,1015,1018,*
H,1,11,3,3,6.27,6,6.6,92.06,91,93,1018,1018,1018,3.53,2.3,4.4,359,0.02,204,0,0,0,0,0,0,*
H,2,11,3,3,5.7,4.9,6.4,91.59,91,93,1018,1018,1018,3.62,2.6,4.7,39,0.65,204,0,0,0,0,0,0,*
H,3,11,3,3,4.81,4.3,5.1,94.91,93,96,1017.67,1017,1018,3.61,2.6,4.7,165,0.88,203,0,0,0,0,0,0,*
H,4,11,3,3,4.51,4.2,4.7,96.69,96,97,1017.09,1017,1018,3.78,2.6,5,318,0.41,203,0,0,0,0,0,0,*
H,5,11,3,3,3.73,3.5,4.1,96.25,95,98,1017,1017,1017,3.81,3,5,289,1.07,204,0,0,0,0,0,0,*
H,6,11,3,3,3.94,3.8,4.1,98.75,98,99,1017,1017,1017,3.82,2.6,5,324,0.5,204,0,0,0,0,0,0,*
H,7,11,3,3,3.54,3,3.8,97.28,97,98,1017,1017,1017,5.91,0,23.5,331,1.22,203,0,0,0,0,0,0,*
H,8,11,3,3,4.14,3.2,5.6,98.91,98,99,1017.34,1017,1018,83.37,25.6,170.6,296,1.19,203,0,0,0,0,0,0,*
H,9,11,3,3,6.75,5.6,8.2,91.89,84,99,1018,1018,1018,187.74,89.2,296.5,72,0.85,204,0,0,0,0,0,0,*
H,10,11,3,3,9.5,8.2,10.7,73.78,66,84,1018,1018,1018,347.46,198,538,83,0.65,203,0,0,0,0,0,0,*
H,11,11,3,3,11.36,10.6,12.6,63.92,58,67,1018,1018,1018,383.25,268.3,552.1,70,0.78,203,0,0,0,0,0,0,*
H,12,11,3,3,13.61,12.3,15.2,33.47,19,58,1018,1018,1018,535.6,274.6,610.4,127,1.34,203,0,0,0,0,0,0,*
H,13,11,3,3,15.5,14.6,16.2,13.63,10,21,1017.41,1017,1018,528.22,456.7,580.9,173,0.82,204,0,0,0,0,0,0,*
H,14,11,3,3,16.21,15.7,17,12.45,9,17,1016.77,1016,1017,479.17,396.5,554.9,227,0.85,203,0,0,0,0,0,0,*
H,15,11,3,3,16.74,16.1,17.3,23.07,16,28,1016,1016,1016,391.47,167.9,471.4,232,1.33,203,0,0,0,0,0,0,*
H,16,11,3,3,16.65,15.9,17.3,16.44,9,29,1016,1016,1016,236.99,150.4,365.7,155,0.7,203,0,0,0,0,0,0,*
H,17,11,3,3,15.04,14.1,16.1,23.33,17,32,1015.25,1015,1016,132.03,81.4,162.8,157,0.38,203,0,0,0,0,0,0,*
H,18,11,3,3,12.95,11.9,14.2,37.46,28,54,1015.73,1015,1016,38.65,5.4,83.4,157,0.37,204,0,0,0,0,0,0,*
H,19,11,3,3,11.01,10.2,12,66.82,55,76,1016,1016,1016,2.59,0,4.7,143,0.26,203,0,0,0,0,0,0,*
H,20,11,3,3,9.67,9.2,10.2,80.65,76,84,1016,1016,1016,3.32,2.3,4.7,120,0.29,204,0,0,0,0,0,0,*
H,21,11,3,3,8.73,8.3,9.3,87.2,84,90,1016,1016,1016,3.31,2.3,4.4,36,0.48,203,0,0,0,0,0,0,*
H,22,11,3,3,8.25,7.9,8.8,92.49,90,94,1016,1016,1016,3.32,2.3,4.7,73,0.29,204,0,0,0,0,0,0,*
H,23,11,3,3,8.39,7.9,9.1,94.77,94,95,1015.64,1015,1016,3.38,2.3,4.7,89,0.31,204,0,0,0,0,0,0,*
H,0,12,3,3,7.74,7.2,9,96.16,95,97,1015.05,1015,1016,3.54,2.3,4.7,16,0.32,203,0,0,0,0,0,0,3,17.4,9,99,1015,1018,*
H,1,12,3,3,7.19,7.1,7.3,98.28,97,99,1015,1015,1015,3.5,2.3,4.4,18,0.19,203,0,0,0,0,0,0,*
H,2,12,3,3,6.99,6.9,7.2,99,99,99,1014.88,1014,1015,3.59,2.3,4.7,29,0.19,204,0,0,0,0,0,0,*
H,3,12,3,3,6.63,6.4,6.9,99,99,99,1014,1014,1014,3.55,2.3,4.7,24,0.19,203,0,0,0,0,0,0,*
H,4,12,3,3,6.25,6,6.4,99,99,99,1013.37,1013,1014,3.57,2.6,4.7,34,0.02,204,0,0,0,0,0,0,*
H,5,12,3,3,5.78,5.4,6,99,99,99,1013,1013,1013,3.52,2.6,4.4,93,0.39,203,0,0,0,0,0,0,*
H,6,12,3,3,5.74,5.6,5.9,99,99,99,1012.62,1012,1013,3.61,2.6,4.7,68,0.39,204,0,0,0,0,0,0,*
H,7,12,3,3,5.94,5.8,6.1,99,99,99,1012.2,1012,1013,2.78,0,5.4,32,0.42,203,0,0,0,0,0,0,*
H,8,12,3,3,6.32,5.9,6.6,99,99,99,1012.89,1012,1013,12.08,5.4,15.3,23,0.34,204,0,0,0,0,0,0,*
H,9,12,3,3,6.66,6.5,6.8,99,99,99,1013,1013,1013,16.72,11.6,26.3,358,0.23,203,0,0,0,0,0,0,*
H,10,12,3,3,6.95,6.7,7.4,99,99,99,1012.27,1012,1013,51.49,22.5,93.3,4,0.26,203,0,0,0,0,0,0,*
H,11,12,3,3,7.48,6.9,8.6,99,99,99,1012,1012,1012,126.29,49.2,217.8,22,0.46,204,0,0,0,0,0,0,*
H,12,12,3,3,9.57,8.6,10.2,97.94,95,99,1011.17,1011,1012,202.08,113.1,334.5,35,0.53,203,0,0,0,0,0,0,*
H,13,12,3,3,10.83,10.2,11.5,89.1,84,95,1010.77,1010,1011,312.12,210.6,375.7,43,0.67,203,0,0,0,0,0,0,*
H,14,12,3,3,11.83,11.4,12.7,82.5,80,85,1009.88,1009,1010,322.85,262,396.8,81,0.68,203,0,0,0,0,0,0,*
H,15,12,3,3,12.73,12.2,13.1,76.56,74,80,1009,1009,1009,299.42,215.1,376.9,250,1.3,203,0,0,0,0,0,0,*
H,16,12,3,3,12.87,12.6,13.1,71.99,70,74,1008.58,1008,1009,208.1,162.4,269.9,253,1,203,0,0,0,0,0,0,*
H,17,12,3,3,12.78,12.5,13.1,71.59,70,74,1008,1008,1008,88.84,34.5,171,77,1.2,203,0,0,0,0,0,0,*
H,18,12,3,3,12.4,12.1,12.6,74.12,73,75,1008,1008,1008,22.22,5.4,36,83,0.5,203,0,0,0,0,0,0,*
H,19,12,3,3,11.34,10.8,12.1,78.86,75,82,1008,1008,1008,2.51,0,4.7,80,0.39,203,0,0,0,0,0,0,*
H,20,12,3,3,10.74,10.6,10.9,84.27,82,86,1008.07,1008,1009,3.24,2.3,4.4,101,0.67,203,0,0,0,0,0,0,*
H,21,12,3,3,9.85,8.9,10.6,92.83,86,99,1009,1009,1009,3.35,2.3,4.4,151,0.41,203,0,0,0,0,0,0,*
H,22,12,3,3,8.04,7.5,9,99,99,99,1009.75,1009,1010,3.42,2.3,4.4,86,0.5,204,0,0,0,0,0,0,*
H,23,12,3,3,7.75,7.6,7.9,99,99,99,1010.35,1010,1011,3.4,2.3,4.7,37,0.37,203,0,0,0,0,0,0,*
H,0,13,3,3,7.93,7.8,8.2,99,99,99,1011,1011,1011,3.36,1.9,4.4,26,0.38,203,0,0,0,0,0,0,5.4,13.2,70,99,1008,1015,*
H,1,13,3,3,8.11,8,8.2,99,99,99,1011,1011,1011,3.48,1.9,4.7,18,0.31,204,0,0,0,0,0,0,*
H,2,13,3,3,8.02,8,8.1,99,99,99,1011,1011,1011,3.47,1.9,4.7,21,0.31,203,0,0,0,0,0,0,*
H,3,13,3,3,7.86,7.7,8,99,99,99,1011,1011,1011,3.55,1.9,4.7,0,0.34,204,0,0,0,0,0,0,*
H,4,13,3,3,7.77,7.6,7.9,99,99,99,1011.2,1011,1012,3.56,2.3,5,9,0.26,204,0,0,0,0,0,0,*
H,5,13,3,3,7.56,7.4,7.7,99,99,99,1011.9,1011,1012,3.49,2.3,4.7,358,0.23,203,0,0,0,0,0,0,*
H,6,13,3,3,7.72,7.5,7.9,99,99,99,1012,1012,1012,3.57,2.3,4.7,8,0.15,204,0,0,0,0,0,0,*
H,7,13,3,3,7.51,6.8,7.9,99,99,99,1012.06,1012,1013,8.02,0,33.8,9,0.72,203,0,0,0,0,0,0,*
H,8,13,3,3,7.8,7.2,9.1,99,99,99,1012.89,1012,1013,95.54,34.1,172.6,259,0.37,203,0,0,0,0,0,0,*
H,9,13,3,3,10.34,8.9,11.8,96.41,94,99,1013,1013,1013,249.43,174.7,320.4,256,0.67,203,0,0,0,0,0,0,*
H,10,13,3,3,12.51,11.2,14.4,86.89,78,94,1013,1013,1013,401.05,321.4,485.8,233,0.43,203,0,0,0,0,0,0,*
H,11,13,3,3,14.16,13.4,15,70,61,78,1013,1013,1013,520.62,463,583.6,207,0.4,203,0,0,0,0,0,0,*
H,12,13,3,3,15.38,14.5,16.3,31.3,9,61,1012.6,1012,1013,587.43,444,628.8,203,0.37,203,0,0,0,0,0,0,*
H,13,13,3,3,16.09,15.4,16.7,19.79,9,30,1011.48,1010,1012,601.38,577.5,623.3,206,0.4,203,0,0,0,0,0,0,*
H,14,13,3,3,16.72,16,17.5,34.61,25,42,1010.18,1009,1011,559.83,502.9,602.5,204,0.42,203,0,0,0,0,0,0,*
H,15,13,3,3,17,16.3,17.6,44.57,41,47,1009.05,1009,1010,468.77,396.1,517.3,211,0.36,203,0,0,0,0,0,0,*
H,16,13,3,3,17.08,16.6,17.5,42.16,38,47,1008.31,1008,1009,328.01,191.2,411.5,217,0.43,203,0,0,0,0,0,0,*
H,17,13,3,3,16.33,15.8,17,29.88,23,37,1008,1008,1008,194.68,125.8,275,221,0.32,203,0,0,0,0,0,0,*
H,18,13,3,3,15.56,15.4,15.9,20.3,16,25,1008.46,1008,1009,89.57,48.5,125.8,208,0.4,203,0,0,0,0,0,0,*
H,19,13,3,3,12.29,9.3,15.4,45.35,9,92,1010.36,1009,1011,8.73,0.2,47.1,110,0.47,203,0,0,0,3.8,0,3.8,*
H,20,13,3,3,9.3,9.1,9.5,86.71,82,93,1011.97,1011,1013,3.33,2.6,4.4,101,0.43,203,0,0,0,0,0,0,*
H,21,13,3,3,8.91,8.5,9.3,87.36,84,90,1013.45,1013,1014,3.39,2.3,4.7,111,0.7,204,0,0,0,0,0,0,*
H,22,13,3,3,8.45,8.1,8.7,91.74,90,93,1014.31,1014,1015,3.37,2.3,4.7,117,0.5,203,0,0,0,0,0,0,*
H,23,13,3,3,8.07,7.7,8.4,95.06,93,97,1015,1015,1015,3.49,1.9,4.4,123,1.24,204,0,0,0,0,0,0,*
H,0,14,3,3,7.38,7.1,7.7,95.11,94,97,1015.35,1015,1016,3.52,2.3,5,21,0.27,203,0,0,0,0,0,0,6.8,17.6,9,99,1008,1016,*
H,1,14,3,3,6.59,6.3,7.1,96.81,95,98,1015.83,1015,1016,3.55,2.3,5,17,0.23,203,0,0,0,0,0,0,*
H,2,14,3,3,6.53,6.3,6.7,96.19,95,98,1016,1016,1016,3.61,2.6,4.7,33,0.28,204,0,0,0,0,0,0,*
H,3,14,3,3,5.85,5.4,6.3,96.06,95,97,1016,1016,1016,3.7,2.6,4.7,26,0.25,203,0,0,0,0,0,0,*
H,4,14,3,3,5.29,5.1,5.5,93.93,86,97,1016,1016,1016,3.57,2.6,4.7,36,0.3,204,0,0,0,0,0,0,*
H,5,14,3,3,5.26,5.1,5.5,82.41,80,85,1016,1016,1016,3.63,2.3,5,46,0.27,203,0,0,0,0,0,0,*
H,6,14,3,3,5.02,4.9,5.2,79.74,78,81,1016,1016,1016,3.77,2.6,4.7,13,0.18,204,0,0,0,0,0,0,*
H,7,14,3,3,4.7,4.4,4.9,81.27,80,83,1016,1016,1016,3.18,0,11.8,7,0.16,204,0,0,0,0,0,0,*
H,8,14,3,3,4.76,4.5,5.1,81.41,79,83,1016.67,1016,1017,41.23,11.6,87.4,10,0.18,203,0,0,0,0,0,0,*
H,9,14,3,3,5.67,5.1,6.3,75.57,72,79,1017,1017,1017,107.69,41.9,223.3,56,0.63,204,0,0,0,0,0,0,*
H,10,14,3,3,7.57,6.4,8.4,53.65,31,75,1017,1017,1017,446.42,217.4,522.3,104,0.61,203,0,0,0,0,0,0,*
H,11,14,3,3,8.39,7.8,9.1,24.89,14,36,1017.04,1017,1018,573.55,248.9,712.4,134,0.69,203,0,0,0,0,0,0,*
H,12,14,3,3,9.08,8.3,10.1,13.54,9,24,1017.66,1017,1018,489.94,194.7,811.2,204,0.74,203,0,0,0,0,0,0,*
H,13,14,3,3,9.48,8.7,10.5,9.95,9,14,1017,1017,1017,405.39,217.3,858.1,198,0.76,203,0,0,0,0,0,0,*
H,14,14,3,3,10.33,9.2,11.2,10.2,9,15,1016.44,1016,1017,539.64,274.3,868.7,194,0.73,203,0,0,0,0,0,0,*
H,15,14,3,3,10.42,9.6,11.6,9.48,9,13,1016,1016,1016,516.6,317.1,620.6,160,0.47,203,0,0,0,0,0,0,*
H,16,14,3,3,10.4,9.8,11.2,9.7,9,12,1016,1016,1016,387.9,309.5,467,173,0.5,203,0,0,0,0,0,0,*
H,17,14,3,3,10.04,9.6,10.7,9.47,9,11,1016,1016,1016,257.08,200.4,307.2,177,0.4,203,0,0,0,0,0,0,*
H,18,14,3,3,9.45,9.1,10.4,27.91,9,39,1016.22,1016,1017,50.42,2.6,197,176,0.47,204,0,0,0,0,0,0,*
H,19,14,3,3,8.62,8.3,9.1,11.96,9,22,1017,1017,1017,2.5,0.1,4,162,0.39,203,0,0,0,0,0,0,*
H,20,14,3,3,8.41,8.3,8.8,18.69,16,23,1017.65,1017,1018,3.33,2.3,4.4,31,1.37,203,0,0,0,0,0,0,*
H,21,14,3,3,8.26,7.8,8.7,11.14,9,17,1018.37,1018,1019,3.47,2.6,4.7,356,0.74,204,0,0,0,0,0,0,*
H,22,14,3,3,6.92,6.4,8,43.1,11,55,1019.01,1019,1020,3.49,1.9,4.7,89,0.36,203,0,0,0,0,0,0,*
H,23,14,3,3,6.26,6,6.5,55.48,51,59,1019.64,1019,1020,3.49,2.3,4.7,153,0.67,204,0,0,0,0,0,0,*
H,0,15,3,3,6.03,5.7,6.5,73.9,59,80,1019.4,1019,1020,3.62,2.6,4.7,288,0.63,203,0,0,0,0,0,0,4.4,11.6,9,98,1015,1020,*
H,1,15,3,3,5.63,5.4,5.9,79.54,78,81,1020,1020,1020,3.66,3,4.7,3,0.24,203,0,0,0,0,0,0,*
H,2,15,3,3,5.32,5.1,5.5,80.87,80,83,1020,1020,1020,3.72,3,4.4,23,0.29,204,0,0,0,0,0,0,*
H,3,15,3,3,4.82,4.5,5.1,86.62,83,89,1020,1020,1020,3.69,2.6,4.7,77,0.29,203,0,0,0,0,0,0,*
H,4,15,3,3,4.34,4.2,4.6,87.87,87,89,1020,1020,1020,3.64,3,4.7,101,0.2,204,0,0,0,0,0,0,*
H,5,15,3,3,4.28,4.2,4.5,87.31,87,88,1020.47,1020,1021,3.85,3,4.7,97,1.3,203,0,0,0,0,0,0,*
H,6,15,3,3,3.64,3.1,4.2,90.76,88,94,1021,1021,1021,4.04,3.3,5.4,351,0.37,204,0,0,0,0,0,0,*
H,7,15,3,3,2.98,2.8,3.1,96.03,94,97,1021.66,1021,1022,8.16,0,42.6,358,0.23,204,0,0,0,0,0,0,*
H,8,15,3,3,3.98,3.2,5.3,93.44,87,97,1022.57,1022,1023,127.71,40.3,208.9,352,0.58,203,0,0,0,0,0,0,*
H,9,15,3,3,5.35,4.5,6.1,81.58,74,87,1023.58,1023,1024,288.84,209.2,370.7,90,0.59,203,0,0,0,0,0,0,*
H,10,15,3,3,6.88,5.7,8.1,58.17,20,74,1024,1024,1024,442.73,370.7,512.3,137,0.62,203,0,0,0,0,0,0,*
H,11,15,3,3,8.37,7.6,9.3,15.34,9,22,1024,1024,1024,571.1,453.5,620.7,189,0.84,204,0,0,0,0,0,0,*
H,12,15,3,3,9.04,8.2,10.9,34.9,19,44,1024,1024,1024,637.2,616.2,664.4,169,1.03,203,0,0,0,0,0,0,*
H,13,15,3,3,9.78,8.9,11,43.45,39,46,1024,1024,1024,633.59,156,727,182,1.24,203,0,0,0,0,0,0,*
H,14,15,3,3,9.71,9.1,10.5,43.02,41,46,1023.44,1023,1024,607.83,357.1,690.7,138,0.92,203,0,0,0,0,0,0,*
H,15,15,3,3,10.09,9.4,10.8,44.21,41,47,1023,1023,1023,479.78,152.5,591.9,150,0.83,203,0,0,0,0,0,0,*
H,16,15,3,3,10.1,9.3,11.2,44.64,41,48,1022.56,1022,1023,343.95,102.2,460.8,165,0.62,203,0,0,0,0,0,0,*
H,17,15,3,3,9.44,9.1,9.9,43.18,40,45,1022.76,1022,1023,222.72,139.5,311.3,159,0.43,203,0,0,0,0,0,0,*
H,18,15,3,3,8.59,8.1,9.4,42.39,40,45,1023,1023,1024,68.66,6,137.6,156,0.44,203,0,0,0,0,0,0,*
H,19,15,3,3,7.71,7.3,8.1,38.07,34,42,1023.45,1023,1024,2.58,0.1,6,154,0.42,204,0,0,0,0,0,0,*
H,20,15,3,3,7.24,7.2,7.4,30.33,26,35,1024,1024,1024,3.19,1.6,4.4,110,0.58,203,0,0,0,0,0,0,*
H,21,15,3,3,6.95,6.5,7.3,27.81,22,31,1024.9,1024,1025,3.55,2.3,5,40,0.57,204,0,0,0,0,0,0,*
H,22,15,3,3,6.04,5.4,6.4,17.63,12,24,1025,1025,1025,3.71,2.6,4.7,357,0.15,203,0,0,0,0,0,0,*
H,23,15,3,3,5.17,4.3,6.1,11.21,9,17,1025,1025,1025,3.72,3,4.7,352,0.69,204,0,0,0,0,0,0,*
H,0,16,3,3,4.4,4,5.1,17.57,13,20,1025,1025,1025,3.65,2.6,5,299,0.45,203,0,0,0,0,0,0,2.8,11.2,9,97,1020,1025,*
H,1,16,3,3,3.23,2.2,4,29.61,20,41,1025.51,1025,1026,3.86,2.6,5,5,1.07,203,0,0,0,0,0,0,*
H,2,16,3,3,2.33,2,2.8,48.87,42,53,1025.43,1025,1026,4.06,3.3,5,350,0.32,204,0,0,0,0,0,0,*
H,3,16,3,3,2.62,2.1,3.3,45.98,38,54,1025,1025,1025,4.16,3.3,5,328,0.32,204,0,0,0,0,0,0,*
H,4,16,3,3,3.16,2.8,3.5,32.78,26,39,1024.17,1024,1025,4.14,3,5,326,0.31,203,0,0,0,0,0,0,*
H,5,16,3,3,2.81,2.4,3.6,28.25,24,32,1024,1024,1024,4.23,3.3,5,313,0.31,204,0,0,0,0,0,0,*
H,6,16,3,3,2.32,1.9,3,34.18,30,39,1023.6,1023,1024,4.25,3.3,5.7,318,0.36,204,0,0,0,0,0,0,*
H,7,16,3,3,1.97,1.7,2.3,42.36,39,45,1023.88,1023,1024,11.36,0,40.6,0,0.14,204,0,0,0,0,0,0,*
H,8,16,3,3,3.1,2.3,3.8,37.91,35,43,1024.31,1024,1025,137.48,45.4,237.7,77,1.03,203,0,0,0,0,0,0,*
H,9,16,3,3,5.23,3.8,7.5,27.39,9,35,1025,1025,1025,300.81,239,410.1,77,0.55,204,0,0,0,0,0,0,*
H,10,16,3,3,8.12,7.4,8.8,45.33,11,50,1025,1025,1025,415.52,213.7,514.4,91,0.52,203,0,0,0,0,0,0,*
H,11,16,3,3,8.87,8.1,9.7,48.85,47,50,1025,1025,1025,439.87,230.8,630.3,115,0.69,203,0,0,0,0,0,0,*
H,12,16,3,3,10.18,9.4,11.1,53.71,47,59,1025,1025,1025,629.73,336.8,667.6,134,0.97,203,0,0,0,0,0,0,*
H,13,16,3,3,10.72,9.8,11.8,57.42,53,60,1024.55,1024,1025,643.68,553.5,678.4,107,0.82,203,0,0,0,0,0,0,*
H,14,16,3,3,11.2,10.6,12,56.29,54,58,1024,1024,1024,550.27,265.8,646.3,131,0.88,204,0,0,0,0,0,0,*
H,15,16,3,3,10.3,9.8,10.9,51.35,45,57,1024,1024,1024,160.14,98.5,352,108,0.51,203,0,0,0,0,0,0,*
H,16,16,3,3,9.86,9.5,10,44.47,41,46,1023.9,1023,1024,109.92,70.4,178.2,114,0.28,203,0,0,0,0,0,0,*
H,17,16,3,3,9.75,9.5,10.1,42.69,40,47,1023.17,1023,1024,139.59,73.1,218.5,100,0.26,203,0,0,0,0,0,0,*
H,18,16,3,3,9.58,9.2,10,42.88,40,47,1023.75,1023,1024,77.2,14.9,150.1,113,0.34,204,0,0,0,0,0,0,*
H,19,16,3,3,8.49,7.8,9.1,36.31,31,40,1024.29,1024,1025,3.96,0,15.6,194,0.51,203,0,0,0,0,0,0,*
H,20,16,3,3,7.13,6.3,7.8,23.33,12,31,1025,1025,1025,3.34,1.9,5,234,0.56,204,0,0,0,0,0,0,*
H,21,16,3,3,6.26,5.7,6.6,9.83,9,13,1025.65,1025,1026,3.59,2.3,5,314,0.32,203,0,0,0,0,0,0,*
H,22,16,3,3,5.49,4.5,6.1,14.12,9,25,1026,1026,1026,3.72,2.6,4.7,330,0.29,204,0,0,0,0,0,0,*
H,23,16,3,3,4.71,4.4,4.9,24.22,22,26,1026,1026,1026,3.82,2.6,4.7,3,0.19,204,0,0,0,0,0,0,*
H,0,17,3,3,4.96,4.6,5.4,20.36,16,23,1025.21,1025,1026,3.81,3,4.7,19,0.22,203,0,0,0,0,0,0,1.7,12,9,60,1023,1026,*
H,1,17,3,3,4.99,4.2,5.4,12.46,10,16,1025,1025,1025,3.94,3,5,12,0.14,204,0,0,0,0,0,0,*
H,2,17,3,3,3.7,3.2,4.2,23,12,29,1025,1025,1025,4.03,3.3,4.7,359,0.2,204,0,0,0,0,0,0,*
H,3,17,3,3,2.37,1.6,3.2,39.18,29,44,1024.6,1024,1025,4.04,3,5,299,0.86,203,0,0,0,0,0,0,*
H,4,17,3,3,2.33,1.9,2.7,42.36,40,44,1024,1024,1024,4.15,3,5,288,0.29,204,0,0,0,0,0,0,*
H,5,17,3,3,2.87,2.6,3.2,40.7,38,43,1023.66,1023,1024,4.13,3.3,5,299,0.23,203,0,0,0,0,0,0,*
H,6,17,3,3,3.04,2.7,3.2,34.95,34,37,1023,1023,1023,4.22,3.3,5,304,0.25,203,0,0,0,0,0,0,*
H,7,17,3,3,2.81,2.6,3.1,35.67,34,37,1023,1023,1023,7.98,0.2,22.8,292,0.26,204,0,0,0,0,0,0,*
H,8,17,3,3,4.22,3,6.2,31.09,24,34,1022.43,1022,1023,126.2,23.2,237.7,275,0.3,203,0,0,0,0,0,0,*
H,9,17,3,3,7.76,6.2,9,14.48,9,24,1022,1022,1022,305.15,238,398.8,273,0.43,203,0,0,0,0,0,0,*
H,10,17,3,3,9.43,8.9,10.3,33.57,20,44,1021.27,1021,1022,470.06,400.1,542.8,251,0.38,204,0,0,0,0,0,0,*
H,11,17,3,3,10.55,9.8,11.6,46.97,43,51,1020.39,1020,1021,596.57,543.5,649.1,243,0.42,203,0,0,0,0,0,0,*
H,12,17,3,3,11.5,10.5,12.8,50.79,49,52,1019.74,1019,1020,647.53,514.7,671.7,235,0.45,202,0,0,0,0,0,0,*
H,13,17,3,3,12.83,11.6,14.4,55.96,50,59,1018.59,1018,1019,674.01,649.8,681.5,236,0.42,203,0,0,0,0,0,0,*
H,14,17,3,3,14.05,12.8,14.9,61.6,59,65,1017.31,1017,1018,632.59,530.2,669.2,238,0.44,203,0,0,0,0,0,0,*
H,14.4,17,3,3,14.75,14.1,15.3,65.54,64,67,1016.38,1016,1017,587.34,555.9,614.8,219,0.55,135,0,0,0,0,0,0,*
H,15,17,3,3,14.71,14.3,15.2,67.46,66,68,1016,1016,1016,456.81,369.8,568.9,223,0.38,67,0,0,0,0,0,0,*
H,16,17,3,3,14.84,14.4,15.3,69.53,68,71,1015.5,1015,1016,363.68,266.1,463.2,216,0.4,203,0,0,0,0,0,0,*
H,17,17,3,3,14.66,14.4,15,69.21,67,71,1015,1015,1015,193.61,100.8,322.2,213,0.34,202,0,0,0,0,0,0,*
H,18,17,3,3,14.04,13.6,14.4,66.05,64,67,1015,1015,1015,59.71,12.3,99.8,220,0.29,203,0,0,0,0,0,0,*
H,18.35,17,3,3,12.85,12.4,13.6,62.29,61,64,1015,1015,1015,3.37,0,11.8,209,0.19,118,0,0,0,0,0,0,*
H,19,17,3,3,12.11,11.9,12.6,60.63,59,61,1015,1015,1015,3.05,2.1,4,198,0.23,84,0,0,0,0,0,0,*
H,20,17,3,3,11.24,10.4,12.2,56.92,54,59,1014.71,1014,1015,3.24,2.3,4.5,220,0.25,203,0,0,0,0,0,0,*
H,21,17,3,3,9.59,9.1,10.4,50.94,45,54,1014.3,1014,1015,3.33,2.1,4,205,0.99,203,0,0,0,0,0,0,*
H,22,17,3,3,8.73,8,9.5,39.26,32,45,1014.9,1014,1015,3.42,2.6,4.7,324,0.29,203,0,0,0,0,0,0,*
H,23,17,3,3,7.72,7.5,8.1,34.18,31,39,1015,1015,1015,3.41,1.9,4.7,24,0.35,204,0,0,0,0,0,0,*
H,0,18,3,3,7.15,6.7,7.6,30.51,25,33,1015,1015,1015,3.53,1.6,4.7,14,0.11,203,0,0,0,0,0,0,6.7,12.6,25,61,1014,1015,*
H,1,18,3,3,5.96,5.5,6.8,20.78,17,26,1015.36,1015,1016,3.65,2.6,4.7,17,0.19,203,0,0,0,0,0,0,*
H,2,18,3,3,4.88,4.6,5.5,12.94,10,17,1016,1016,1016,3.75,2.6,4.7,22,0.25,204,0,0,0,0,0,0,*
H,3,18,3,3,4.53,4.2,4.8,9.7,9,11,1016,1016,1016,3.86,3,5,4,0.13,204,0,0,0,0,0,0,*
H,4,18,3,3,4.79,4.2,5.2,10.7,9,14,1016.31,1016,1017,3.87,3,5.4,3,0.18,204,0,0,0,0,0,0,*
H,5,18,3,3,5.52,5.2,6,16.9,14,20,1016.96,1016,1017,3.94,3,5,359,0.2,204,0,0,0,0,0,0,*
H,6,18,3,3,5.25,4.7,5.9,16.6,12,21,1017,1017,1017,4,3,5,349,0.2,203,0,0,0,0,0,0,*
H,7,18,3,3,4.96,4.7,5.3,11.73,11,12,1017,1017,1017,13.3,0,37.5,0,0.06,204,0,0,0,0,0,0,*
H,8,18,3,3,6.09,5.3,7.5,12.75,11,17,1017.75,1017,1018,124.53,36.5,204.5,358,0.15,203,0,0,0,0,0,0,*
H,9,18,3,3,9.58,7.6,11.1,32.1,17,43,1018,1018,1018,296.89,202.7,380.6,52,0.76,204,0,0,0,0,0,0,*
H,10,18,3,3,11.22,10.5,12.2,45.5,42,50,1018,1018,1018,451.63,381.6,519.5,124,0.45,203,0,0,0,0,0,0,*
H,11,18,3,3,12.16,11.4,13.1,52.09,49,55,1018,1018,1018,566.56,519,609.7,133,1.01,203,0,0,0,0,0,0,*
H,12,18,3,3,13.14,12.6,14.1,56.97,55,59,1018,1018,1018,627.66,605.6,644.9,192,1.1,203,0,0,0,0,0,0,*
H,13,18,3,3,14.1,13.1,15.2,59.73,57,62,1017.53,1017,1018,658.08,643.5,672.6,269,0.75,203,0,0,0,0,0,0,*
H,14,18,3,3,15.07,14.1,16,63.1,61,65,1016.72,1016,1017,622.36,583.6,656.9,241,0.86,203,0,0,0,0,0,0,*
H,15,18,3,3,15.43,14.3,16.3,67.68,64,70,1016,1016,1016,536.14,474.8,590.5,251,1.01,203,0,0,0,0,0,0,*
H,16,18,3,3,15.86,15.3,16.6,68.57,67,70,1015.01,1015,1016,405.49,336.2,472.1,245,0.66,203,0,0,0,0,0,0,*
H,17,18,3,3,15.66,15.2,16.2,70.3,69,71,1015,1015,1015,248.13,162.8,335.6,238,0.39,203,0,0,0,0,0,0,*
H,18,18,3,3,14.98,14.3,15.5,69.95,69,71,1015,1015,1015,86.21,20.8,161.4,228,0.28,203,0,0,0,0,0,0,*
H,19,18,3,3,13.18,12.1,14.3,67.32,66,69,1015,1015,1015,4.71,0,20.8,215,0.27,203,0,0,0,0,0,0,*
H,20,18,3,3,11.48,10.9,12.1,65.37,64,66,1015,1015,1016,3.17,2.1,4.1,206,0.15,203,0,0,0,0,0,0,*
H,21,18,3,3,10.32,9.4,10.9,62.99,61,64,1015.98,1015,1016,3.2,2.3,4,221,0.25,203,0,0,0,0,0,0,*
H,22,18,3,3,8.89,8.4,9.4,56.99,54,61,1016,1016,1016,3.51,2.6,4.7,315,0.38,204,0,0,0,0,0,0,*
H,23,18,3,3,7.92,7.2,8.4,51.89,49,54,1016,1016,1016,3.54,2.3,4.7,352,0.18,203,0,0,0,0,0,0,*
H,0,19,3,3,6.7,5.9,7.2,46.86,41,50,1016,1016,1016,3.26,1.6,4.7,58,0.27,204,0,0,0,0,0,0,4.2,16.6,9,71,1015,1018,*
H,1,19,3,3,5.84,4.9,7.1,37.51,16,50,1016.55,1016,1017,3.68,2.3,4.7,11,0.22,203,0,0,0,0,0,0,*
H,2,19,3,3,5.35,4.9,5.7,24.55,9,38,1017,1017,1017,3.6,2.6,4.7,31,0.3,204,0,0,0,0,0,0,*
H,3,19,3,3,4.97,4.7,5.3,44.38,38,50,1017,1017,1017,3.83,3,5,13,0.25,203,0,0,0,0,0,0,*
H,4,19,3,3,4.82,4.6,5,56.62,50,60,1017,1017,1017,3.8,3,4.7,16,0.32,204,0,0,0,0,0,0,*
H,5,19,3,3,4.57,4.4,4.8,59.92,59,61,1017,1017,1017,3.9,3,4.7,14,0.13,204,0,0,0,0,0,0,*
H,6,19,3,3,4.37,4.1,4.6,60.8,60,62,1017,1017,1017,3.91,3,4.7,17,0.13,203,0,0,0,0,0,0,*
H,7,19,3,3,3.74,3.6,4.2,61.43,58,63,1017,1017,1017,16.17,0.2,48.1,19,0.15,204,0,0,0,0,0,0,*
H,8,19,3,3,4.63,3.9,5.6,53.19,48,58,1017.81,1017,1018,119.58,42.4,219.9,5,0.2,203,0,0,0,0,0,0,*
H,9,19,3,3,7.11,5.7,8.4,33.37,12,48,1017.9,1017,1018,295.59,220.9,376.2,2,0.28,204,0,0,0,0,0,0,*
H,10,19,3,3,9.35,8.4,10.6,19.93,9,31,1017.2,1017,1018,452.88,378.2,524.6,10,0.39,203,0,0,0,0,0,0,*
H,11,19,3,3,10.94,10.2,12.7,45.2,31,50,1017,1017,1017,573.39,484.3,623.3,95,1.15,203,0,0,0,0,0,0,*
H,12,19,3,3,11.69,10.8,13,51.42,49,56,1016.47,1016,1017,636.98,468.3,666.1,108,1.09,203,0,0,0,0,0,0,*
H,13,19,3,3,12.5,11.9,13.4,55.89,53,57,1015.79,1015,1016,652.69,449.9,670.2,97,1.19,203,0,0,0,0,0,0,*
H,14,19,3,3,13.14,12.2,14.9,56.96,55,59,1014.64,1014,1015,612.57,571.7,641.1,139,1.41,203,0,0,0,0,0,0,*
H,15,19,3,3,13.89,13.1,14.7,57.91,57,59,1013.94,1013,1014,525.54,469.3,572.3,230,0.66,203,0,0,0,0,0,0,*
H,16,19,3,3,14.15,13.5,14.9,57.73,56,59,1013,1013,1013,400.14,324.6,469,192,0.8,204,0,0,0,0,0,0,*
H,17,19,3,3,13.94,13.4,14.5,56.55,55,58,1012.31,1012,1013,238.44,156,322.9,214,0.49,203,0,0,0,0,0,0,*
H,18,19,3,3,13.03,12.1,13.9,53.58,51,56,1012,1012,1012,81.98,21.8,154.6,195,0.37,203,0,0,0,0,0,0,*
H,19,19,3,3,11.32,10.5,12.1,49.55,46,53,1012,1012,1013,5.32,0,21.1,179,0.23,203,0,0,0,0,0,0,*
H,20,19,3,3,10.19,9.9,10.5,43.1,41,46,1012,1012,1012,3.1,2.3,4,213,0.25,204,0,0,0,0,0,0,*
H,21,19,3,3,9.37,8.4,9.9,36.74,28,41,1012.74,1012,1013,3.33,2.3,4.4,241,0.13,203,0,0,0,0,0,0,*
H,22,19,3,3,7.66,6.7,8.4,17.52,9,29,1013,1013,1013,3.53,2.3,5,269,0.15,204,0,0,0,0,0,0,*
H,23,19,3,3,6.4,6,7,10.65,9,16,1013,1013,1013,3.41,1.9,4.7,259,0.01,203,0,0,0,0,0,0,*
H,0,20,3,3,6.11,5.5,6.7,21.67,17,25,1013,1013,1013,3.3,2.3,4.7,207,0.46,204,0,0,0,0,0,0,3.6,15,9,63,1012,1018,*
H,1,20,3,3,6.02,5.2,6.7,22.49,16,33,1013,1013,1013,3.59,2.6,5,242,0.24,203,0,0,0,0,0,0,*
H,2,20,3,3,4.92,4.7,5.2,37.81,34,39,1013,1013,1013,3.6,2.6,4.7,272,0.17,203,0,0,0,0,0,0,*
H,3,20,3,3,4.39,3.6,5,41.4,38,47,1012.34,1012,1013,3.7,3,4.7,248,0.31,204,0,0,0,0,0,0,*
H,4,20,3,3,3.13,2.8,3.8,53.79,47,61,1012,1012,1012,3.93,3,5,325,0.56,203,0,0,0,0,0,0,*
H,5,20,3,3,3.04,2.8,3.3,64.53,61,67,1012,1012,1012,3.99,2.3,5,2,0.12,204,0,0,0,0,0,0,*
H,6,20,3,3,3.27,3.2,3.4,63.74,63,66,1012,1012,1012,4.08,3,5,358,0.15,204,0,0,0,0,0,0,*
H,7,20,3,3,3.25,3.1,3.5,64.41,63,66,1012,1012,1012,16.99,0,46.4,8,0.19,204,0,0,0,0,0,0,*
H,8,20,3,3,4.29,3.5,5.2,63.52,61,66,1012,1012,1012,127,42.4,210.6,16,0.26,203,0,0,0,0,0,0,*
H,9,20,3,3,6.16,5.1,7.3,57.21,52,61,1012.11,1012,1013,291.35,186,368.3,20,0.35,203,0,0,0,0,0,0,*
H,10,20,3,3,8.23,7.1,9.6,44.06,34,52,1012.74,1012,1013,442.05,370.4,512.3,34,0.4,204,0,0,0,0,0,0,*
H,11,20,3,3,10.57,9.4,12,19.49,9,34,1012.1,1012,1013,562.94,512.7,613.3,75,0.45,203,0,0,0,0,0,0,*
H,12,20,3,3,12.43,11.4,13.5,28.63,12,40,1012,1012,1012,626.3,609.8,649.4,68,1,203,0,0,0,0,0,0,*
H,13,20,3,3,14.26,13,15.1,45.11,39,49,1011.48,1011,1012,637,622,658.9,229,0.9,203,0,0,0,0,0,0,*
H,14,20,3,3,14.91,14,15.7,49.66,48,52,1010.8,1010,1011,597.66,563.1,634.3,223,0.85,203,0,0,0,0,0,0,*
H,15,20,3,3,15.36,14.5,16.2,48.76,43,53,1010,1010,1010,506.87,451.2,561.7,190,0.98,203,0,0,0,0,0,0,*
H,16,20,3,3,14.94,14.1,15.6,45.98,45,48,1009.67,1009,1010,374.46,302.4,450.9,154,0.48,203,0,0,0,0,0,0,*
H,17,20,3,3,13.93,13.3,14.6,47.44,46,49,1009,1009,1009,217.11,127.9,301.7,165,0.44,203,0,0,0,0,0,0,*
H,18,20,3,3,12.8,12,13.5,41.4,36,46,1009,1009,1009,63.67,20.6,135.7,172,0.38,203,0,0,0,0,0,0,*
H,19,20,3,3,11.26,10.3,12.5,33.46,27,36,1009.61,1009,1010,5.19,0,19.8,160,0.55,203,0,0,0,0,0,0,*
H,20,20,3,3,9.69,8.9,11.7,16.36,9,27,1010,1010,1011,3.11,1.9,3.7,133,0.32,204,0,0,0,0,0,0,*
H,21,20,3,3,8.4,8.1,8.9,11.76,9,15,1010.85,1010,1011,3.45,2.3,4.7,7,0.26,203,0,0,0,0,0,0,*
H,22,20,3,3,7.76,7,8.1,18.65,15,28,1011,1011,1011,3.4,1.3,4.7,5,0.49,204,0,0,0,0,0,0,*
H,23,20,3,3,6.71,6.1,7.1,33.25,28,39,1011,1011,1011,3.54,1.9,4.7,312,0.53,203,0,0,0,0,0,0,*
H,0,21,3,3,5.96,5.2,6.3,43.55,39,46,1011,1011,1011,3.59,2.3,4.7,345,0.58,204,0,0,0,0,0,0,2.8,16.3,9,67,1009,1013,*
H,1,21,3,3,4.66,3.9,5.2,52.69,45,59,1011,1011,1011,3.49,2.6,4.4,86,0.61,203,0,0,0,0,0,0,*
H,2,21,3,3,4.01,3.8,4.3,65.13,59,67,1011,1011,1011,3.58,2.6,4.7,89,0.63,203,0,0,0,0,0,0,*
H,3,21,3,3,4.2,3.9,4.4,66.99,66,68,1011,1011,1011,3.82,2.3,5,4,0.12,204,0,0,0,0,0,0,*
H,4,21,3,3,3.75,3.6,4,70.58,67,73,1011,1011,1011,3.95,3.3,4.7,16,0.21,204,0,0,0,0,0,0,*
H,5,21,3,3,3.78,3.6,4.1,73.45,72,74,1011,1011,1011,3.99,3,4.7,16,0.11,203,0,0,0,0,0,0,*
H,6,21,3,3,3.05,2.3,4,74.18,72,79,1011,1011,1011,3.93,2.3,5,357,0.56,204,0,0,0,0,0,0,*
H,7,21,3,3,3.24,2.6,3.9,78.8,77,80,1011.82,1011,1012,18.58,0,51.9,23,0.15,203,0,0,0,0,0,0,*
H,8,21,3,3,4.85,3.9,6.1,68.51,54,77,1012.21,1012,1013,130.09,49.9,220.9,16,0.25,204,0,0,0,0,0,0,*
H,9,21,3,3,7.14,6.1,7.9,38.33,28,54,1012.99,1012,1013,300.09,222.6,376.2,35,0.36,203,0,0,0,0,0,0,*
H,10,21,3,3,8.76,7.8,9.6,16.01,9,28,1013.15,1013,1014,431.55,337.2,489,54,0.41,204,0,0,0,0,0,0,*
H,11,21,3,3,10.81,9.4,12,15.28,9,29,1013.86,1013,1014,553.31,480.2,618.7,70,0.48,203,0,0,0,0,0,0,*
H,12,21,3,3,12.38,11.6,13.2,38.25,28,45,1013.89,1013,1014,623.68,579.7,658.3,97,0.48,203,0,0,0,0,0,0,*
H,13,21,3,3,13.33,12.6,14.3,49.33,44,52,1013.24,1013,1014,632.81,593.6,679.5,138,0.53,203,0,0,0,0,0,0,*
H,14,21,3,3,13.72,13.2,14.2,52.87,50,56,1013,1013,1013,601.1,569.9,623,151,0.52,203,0,0,0,0,0,0,*
H,15,21,3,3,14.05,13.3,14.5,57.72,56,59,1012.96,1012,1013,529.09,471.1,582.6,165,0.68,203,0,0,0,0,0,0,*
H,16,21,3,3,13.94,13.4,14.5,59.57,58,61,1012.25,1012,1013,393.82,293.8,471.1,160,0.62,203,0,0,0,0,0,0,*
H,17,21,3,3,13.27,12.5,13.9,58.09,56,60,1012.06,1012,1013,231.59,139.9,313,161,0.52,203,0,0,0,0,0,0,*
H,18,21,3,3,11.65,10.7,12.7,44.27,36,56,1012.99,1012,1013,71.86,20.1,137.8,168,0.46,203,0,0,0,0,0,0,*
H,19,21,3,3,10,9.2,10.8,23.76,12,37,1013,1013,1013,4.75,0.2,18.7,156,0.31,204,0,0,0,0,0,0,*
H,20,21,3,3,8.6,7.9,9.6,10.3,9,13,1013.41,1013,1014,3.2,2.3,4,89,0.43,203,0,0,0,0,0,0,*
H,21,21,3,3,7.39,7,8,27.65,14,41,1014.3,1014,1015,3.31,2.3,4.4,46,0.22,204,0,0,0,0,0,0,*
H,22,21,3,3,6.72,6.4,7.1,43.95,41,46,1015,1015,1015,3.53,1.9,4.7,44,0.17,203,0,0,0,0,0,0,*
H,23,21,3,3,6.25,6.1,6.4,32.77,18,41,1015,1015,1015,3.57,2.3,4.7,16,0.19,204,0,0,0,0,0,0,*
H,0,22,3,3,6.26,6.1,6.4,10.91,9,18,1015.26,1015,1016,3.68,2.6,4.4,14,0.23,203,0,0,0,0,0,0,2.3,14.6,9,80,1011,1016,*
H,1,22,3,3,6.38,5.9,6.7,10,9,12,1015.85,1015,1016,3.58,2.6,4.7,35,0.31,204,0,0,0,0,0,0,*
H,2,22,3,3,6.05,5.7,6.6,12.09,11,14,1016,1016,1016,3.63,2.6,4.7,54,0.27,204,0,0,0,0,0,0,*
H,3,22,3,3,5.55,5.1,5.8,16.21,12,20,1016,1016,1016,3.64,2.6,4.7,90,0.31,203,0,0,0,0,0,0,*
H,4,22,3,3,4.42,3.7,5.1,15.08,9,18,1016,1016,1016,3.81,2.6,4.7,50,0.53,204,0,0,0,0,0,0,*
H,5,22,3,3,3.33,3,3.8,15.26,9,30,1016.98,1016,1017,3.9,3,4.7,13,0.17,204,0,0,0,0,0,0,*
H,6,22,3,3,2.64,2.4,3.1,42.55,30,49,1017,1017,1017,3.98,2.3,5,13,0.27,204,0,0,0,0,0,0,*
H,7,22,3,3,2.25,2.1,2.5,47.99,47,49,1017.01,1017,1018,19.69,0.1,55.3,17,0.16,203,0,0,0,0,0,0,*
H,8,22,3,3,3.59,2.4,4.6,55.38,48,60,1017.89,1017,1018,131.64,48.5,212.3,50,0.34,204,0,0,0,0,0,0,*
H,9,22,3,3,4.86,4.2,5.5,60.33,59,63,1018,1018,1018,292.47,213.7,364.2,56,0.37,203,0,0,0,0,0,0,*
H,10,22,3,3,6.1,5.3,7.1,63.67,62,66,1018,1018,1018,439.68,365.6,509.9,52,0.39,203,0,0,0,0,0,0,*
H,11,22,3,3,7.13,6.3,7.9,64.62,64,66,1018,1018,1018,559.05,508.2,608.8,59,0.45,204,0,0,0,0,0,0,*
H,12,22,3,3,8.28,7.3,9.2,63.72,63,64,1018,1018,1018,628.03,607.7,645.7,85,0.61,203,0,0,0,0,0,0,*
H,13,22,3,3,9.69,8.9,10.7,63.21,62,64,1017.7,1017,1018,645.01,636.7,652.2,70,0.93,203,0,0,0,0,0,0,*
H,14,22,3,3,10.79,9.8,12.6,63.42,62,64,1017,1017,1017,612.82,579.2,637.8,128,1.2,203,0,0,0,0,0,0,*
H,15,22,3,3,10.98,10.5,12,63.13,62,65,1016.65,1016,1017,538.24,478.6,579.5,65,0.95,203,0,0,0,0,0,0,*
H,16,22,3,3,11.43,10.9,12.2,63,62,64,1016.06,1016,1017,407.44,330.1,477.9,10,1.03,203,0,0,0,0,0,0,*
H,17,22,3,3,11.16,10.3,11.7,62.43,61,64,1016,1016,1016,255.74,175.8,330.8,163,0.86,203,0,0,0,0,0,0,*
H,18,22,3,3,9.87,9.2,10.7,64.17,63,65,1016,1016,1016,87.84,24.4,174.7,173,0.46,203,0,0,0,0,0,0,*
H,19,22,3,3,8.59,8.1,9.2,61.67,59,65,1016,1016,1017,5.64,0,24.4,189,0.44,204,0,0,0,0,0,0,*
H,20,22,3,3,7.13,6.1,8.1,55.73,50,59,1016.91,1016,1017,3.23,1.9,4.7,218,0.14,203,0,0,0,0,0,0,*
H,21,22,3,3,5.99,5.1,6.6,46.94,41,51,1017.52,1017,1018,3.43,2.3,5,36,0.91,203,0,0,0,0,0,0,*
H,22,22,3,3,5.42,5,5.9,44.79,42,50,1018.21,1018,1019,3.59,2.3,4.7,18,0.2,204,0,0,0,0,0,0,*
H,23,22,3,3,5.35,5,5.9,50.8,50,52,1019.11,1019,1020,3.67,3,4.7,26,0.32,203,0,0,0,0,0,0,*
H,0,23,3,3,4.78,4.4,5.1,53.27,52,54,1020,1020,1020,3.66,2.6,4.4,42,0.24,204,0,0,0,0,0,0,2.1,12.6,9,66,1015,1020,*
H,1,23,3,3,4.11,3.7,4.6,50.9,49,54,1020,1020,1020,3.8,2.3,4.7,29,0.32,203,0,0,0,0,0,0,*
H,2,23,3,3,3.41,3.3,3.8,47.11,46,49,1020.33,1020,1021,3.97,3,5,21,0.28,204,0,0,0,0,0,0,*
H,3,23,3,3,3.14,2.6,3.5,47.28,46,48,1021,1021,1021,4,3,5,27,0.25,203,0,0,0,0,0,0,*
H,4,23,3,3,2.26,1.9,2.6,43.3,41,45,1021,1021,1021,4.16,3,5,11,0.13,204,0,0,0,0,0,0,*
H,5,23,3,3,1.5,1.2,1.9,41.5,40,42,1020.38,1020,1021,4.24,2.6,5.4,21,0.23,203,0,0,0,0,0,0,*
H,6,23,3,3,1.04,0.8,1.3,41.67,41,43,1020.45,1020,1021,4.2,2.1,5.4,24,0.19,204,0,0,0,0,0,0,*
H,7,23,3,3,0.84,0.7,1,43.79,42,46,1021,1021,1021,26.93,0,74.3,19,0.22,204,0,0,0,0,0,0,*
H,8,23,3,3,1.78,1,2.8,45.38,41,50,1021.25,1021,1022,155.3,42.5,249.4,20,0.32,203,0,0,0,0,0,0,*
H,9,23,3,3,3.7,2.8,4.7,57.07,50,60,1022,1022,1022,337.43,251.7,416.8,61,0.37,203,0,0,0,0,0,0,*
H,10,23,3,3,5.25,4.5,6.1,62.96,60,65,1022,1022,1022,492.03,418.6,561.6,72,0.52,204,0,0,0,0,0,0,*
H,11,23,3,3,6.23,5.6,7,64.58,64,66,1022,1022,1022,613.36,561.9,656,45,0.89,203,0,0,0,0,0,0,*
H,12,23,3,3,7.37,6.2,8.1,66.08,65,67,1022,1022,1022,672.3,655.3,691.2,112,1.09,203,0,0,0,0,0,0,*
H,13,23,3,3,8.4,7.4,9.2,66.47,66,67,1021.99,1021,1022,689.07,677.1,700,342,1.27,203,0,0,0,0,0,0,*
H,14,23,3,3,9.47,8.8,10.3,67.25,66,68,1021.03,1021,1022,645.08,615.5,674.6,293,1.09,203,0,0,0,0,0,0,*
H,15,23,3,3,10.46,9.8,11.2,67.83,67,68,1021,1021,1021,557.48,506.7,614.8,258,1.1,203,0,0,0,0,0,0,*
H,16,23,3,3,11.04,10.5,11.6,68.29,67,70,1020.05,1020,1021,433.61,361.6,504.6,258,0.78,203,0,0,0,0,0,0,*
H,17,23,3,3,11.42,10.9,11.9,68.09,67,70,1020,1020,1020,273.45,185.4,360.2,230,0.6,203,0,0,0,0,0,0,*
H,18,23,3,3,11.04,10.7,11.5,66.74,66,68,1020,1020,1020,100.82,29.3,183.7,242,0.4,203,0,0,0,0,0,0,*
H,19,23,3,3,9.72,8.9,10.7,63.53,60,66,1020,1020,1021,6.28,0,28.1,269,0.3,203,0,0,0,0,0,0,*
H,20,23,3,3,8.3,7.8,8.9,57.73,56,60,1020.94,1020,1021,3.42,2.3,4.4,294,0.2,203,0,0,0,0,0,0,*
H,21,23,3,3,7.3,7,7.8,52.81,50,56,1021.01,1021,1022,3.46,2.3,4.7,292,0.24,203,0,0,0,0,0,0,*
H,22,23,3,3,6.55,6.2,7.2,46.93,45,50,1021.88,1021,1023,3.39,2.3,4.7,223,0.3,203,0,0,0,0,0,0,*
H,23,23,3,3,5.45,4.4,6.4,44.16,36,47,1022,1022,1022,3.52,2.3,4.4,218,0.14,204,0,0,0,0,0,0,*
H,0,24,3,3,3.98,3.6,4.5,29.72,26,36,1022,1022,1022,3.53,2.6,4.4,219,0.45,203,0,0,0,0,0,0,0.7,11.9,26,70,1020,1023,*
H,1,24,3,3,3.28,2.3,4.1,16.03,9,28,1021.97,1021,1022,3.79,3,5,265,0.91,203,0,0,0,0,0,0,*
H,2,24,3,3,2.75,2.1,3.5,9.63,9,12,1021.27,1021,1022,3.86,2.6,5,211,0.44,204,0,0,0,0,0,0,*
H,3,24,3,3,1.88,1.7,2.6,17.64,11,23,1021.02,1021,1022,4.12,3.3,5.4,28,0.91,204,0,0,0,0,0,0,*
H,4,24,3,3,2.05,1.2,2.9,19.87,11,25,1021,1021,1021,4.13,3,5,323,0.57,203,0,0,0,0,0,0,*
H,5,24,3,3,0.8,0.6,1.3,28.66,22,37,1021,1021,1021,4.19,3.3,5,312,0.55,204,0,0,0,0,0,0,*
H,6,24,3,3,0.36,0.2,0.5,38.87,37,41,1021,1021,1021,3.89,1.4,5,285,0.32,203,0,0,0,0,0,0,*
H,7,24,3,3,0.85,0.4,2,37.91,34,40,1021,1021,1021,31.98,0,88,318,0.28,204,0,0,0,0,0,0,*
H,8,24,3,3,3.72,1.9,6.6,21.38,9,34,1021,1021,1021,168.67,38.4,265,323,0.55,203,0,0,0,0,0,0,*
H,9,24,3,3,7.13,5.9,8.1,37.56,11,48,1021,1021,1021,350.64,266.4,426.1,23,0.48,204,0,0,0,0,0,0,*
H,10,24,3,3,9.42,8,10.6,49.45,45,52,1021,1021,1021,498.35,426.8,568.3,55,0.78,203,0,0,0,0,0,0,*
H,11,24,3,3,11.58,10.2,12.9,55.68,52,60,1020.33,1020,1021,611.93,571.2,653.1,104,0.76,203,0,0,0,0,0,0,*
H,12,24,3,3,13.2,12.3,14.2,63.27,59,67,1020,1020,1020,672.36,654.8,692.5,96,0.94,203,0,0,0,0,0,0,*
H,13,24,3,3,15.03,13.6,16.7,70.02,67,73,1019.37,1019,1020,678.58,651.8,708.9,217,1.33,203,0,0,0,0,0,0,*
H,14,24,3,3,16.28,15.4,17,74.24,73,76,1018.57,1018,1019,629.52,597.6,652.8,255,0.88,203,0,0,0,0,0,0,*
H,15,24,3,3,17.18,16.1,18.3,74.33,73,76,1017.85,1017,1018,544.82,496,596.6,262,0.91,203,0,0,0,0,0,0,*
H,16,24,3,3,17.66,17,18.5,71.19,68,75,1017,1017,1017,406.28,321.2,495,202,0.93,203,0,0,0,0,0,0,*
H,17,24,3,3,16.97,16.4,17.7,65.46,62,68,1017,1017,1017,238.11,159.1,320.8,156,0.53,203,0,0,0,0,0,0,*
H,18,24,3,3,15.38,13.8,16.6,59.02,54,62,1017,1017,1017,88.61,29,158.4,172,0.41,203,0,0,0,0,0,0,*
H,19,24,3,3,12.32,11.2,13.8,44.27,31,54,1017,1017,1017,6.46,0,27.9,165,0.43,203,0,0,0,0,0,0,*
H,20,24,3,3,10.61,10.1,11.2,14.86,9,31,1017,1017,1017,3.14,2.3,4.4,174,0.32,204,0,0,0,0,0,0,*
H,21,24,3,3,9.72,8.8,10.3,21.75,14,29,1017,1017,1017,3.33,1.9,4.4,200,0.93,203,0,0,0,0,0,0,*
H,22,24,3,3,8.11,7.6,8.8,29.51,27,32,1017,1017,1017,3.5,2.6,4.4,24,0.22,204,0,0,0,0,0,0,*
H,23,24,3,3,7.35,6.5,7.9,27.17,24,31,1017,1017,1017,3.42,1.9,4.7,61,0.15,203,0,0,0,0,0,0,*
H,0,25,3,3,6.78,6.4,7.1,31.69,23,35,1017,1017,1017,3.46,2.3,4.7,36,0.21,204,0,0,0,0,0,0,0.2,18.5,9,76,1017,1022,*
H,1,25,3,3,6.13,5.7,6.5,23.16,22,27,1017,1017,1017,3.68,2.6,5,22,0.19,203,0,0,0,0,0,0,*
H,2,25,3,3,5.48,5.3,5.7,29.51,27,31,1016.33,1016,1017,3.72,2.6,4.7,9,0.13,204,0,0,0,0,0,0,*
H,3,25,3,3,5.2,5.1,5.5,28.41,24,31,1016,1016,1016,3.8,3,5,11,0.12,203,0,0,0,0,0,0,*
H,4,25,3,3,4.88,4.6,5.1,25.13,23,27,1016,1016,1016,3.86,3,4.7,12,0.12,204,0,0,0,0,0,0,*
H,5,25,3,3,4.54,4.3,4.8,25.34,24,26,1016,1016,1016,3.9,3,4.7,3,0.09,204,0,0,0,0,0,0,*
H,6,25,3,3,4.5,4.2,4.7,22.16,20,25,1015.39,1015,1016,3.69,1.9,4.7,5,0.12,203,0,0,0,0,0,0,*
H,7,25,3,3,4.59,4.4,5,19.17,17,21,1016,1016,1016,28.12,0.2,77.9,359,0.16,204,0,0,0,0,0,0,*
H,8,25,3,3,6.11,4.9,7.7,11.39,9,17,1015.41,1015,1016,150.68,53.3,239,15,0.17,203,0,0,0,0,0,0,*
H,9,25,3,3,8.93,7.6,10.3,24.13,11,36,1015.01,1015,1016,319.05,240.7,395.7,18,0.37,204,0,0,0,0,0,0,*
H,10,25,3,3,11.53,10.3,12.3,45.52,37,54,1015,1015,1015,467.81,396.7,537.3,51,0.61,203,0,0,0,0,0,0,*
H,11,25,3,3,13.55,12.3,15.2,56.18,53,58,1015,1015,1015,583.06,537.6,622.7,54,0.98,203,0,0,0,0,0,0,*
H,12,25,3,3,15.45,14.4,16.6,60.63,59,63,1014.09,1014,1015,641.96,620.3,661,117,1.14,203,0,0,0,0,0,0,*
H,13,25,3,3,17.19,16.2,18.2,64.23,61,67,1013.26,1013,1014,647.63,623,666.5,242,1.14,203,0,0,0,0,0,0,*
H,14,25,3,3,18.23,17.2,19,66.86,66,68,1012.48,1012,1013,603.52,579.5,631.9,252,1.01,203,0,0,0,0,0,0,*
H,15,25,3,3,18.82,18.3,19.4,68.21,67,69,1011.44,1011,1012,524.3,475.5,578.9,188,0.87,203,0,0,0,0,0,0,*
H,16,25,3,3,19.02,18.4,19.5,68.88,68,70,1011,1011,1011,398.8,324.7,478.9,204,1.23,203,0,0,0,0,0,0,*
H,17,25,3,3,19.33,18.7,19.8,68.78,68,70,1010.38,1010,1011,240.19,127.4,322.2,247,1,203,0,0,0,0,0,0,*
H,18,25,3,3,17.25,15.6,19.3,58.15,52,69,1010.34,1010,1011,87.96,45.4,167.9,169,0.48,203,0,0,0,0,0,0,*
H,19,25,3,3,14.53,13.4,15.6,47.8,44,52,1011,1011,1011,10.88,0.2,43.7,153,0.38,204,0,0,0,0,0,0,*
H,20,25,3,3,12.81,12,13.4,44.76,41,46,1011,1011,1011,3.06,1.8,4,147,0.22,203,0,0,0,0,0,0,*
H,21,25,3,3,11.23,10.7,12,34.25,29,41,1011,1011,1011,3.42,2.5,4.4,3,0.96,203,0,0,0,0,0,0,*
H,22,25,3,3,10.62,9.7,11,24.8,19,31,1011,1011,1011,3.44,2.3,4.7,325,0.24,203,0,0,0,0,0,0,*
H,23,25,3,3,8.72,8.4,9.6,12.08,10,19,1011,1011,1011,3.37,2.3,4,38,0.22,204,0,0,0,0,0,0,*
H,0,26,3,3,8.18,7.4,8.7,9.6,9,11,1011,1011,1011,3.45,2.3,4.7,27,0.14,204,0,0,0,0,0,0,4.2,19.8,9,70,1010,1017,*
H,1,26,3,3,7.38,7,7.7,16.91,11,21,1010.59,1010,1011,3.46,1.9,4.4,24,0.16,203,0,0,0,0,0,0,*
H,2,26,3,3,6.9,6.6,7.2,22.47,20,25,1010,1010,1010,3.56,2.3,4.4,18,0.13,204,0,0,0,0,0,0,*
H,3,26,3,3,6.43,6.2,6.6,26.54,25,28,1010,1010,1010,3.7,2.6,4.7,8,0.2,203,0,0,0,0,0,0,*
H,4,26,3,3,5.88,5.5,6.3,29.83,27,32,1010,1010,1010,3.62,2.6,4.4,25,0.24,204,0,0,0,0,0,0,*
H,5,26,3,3,5.49,5,5.8,34.04,30,38,1010,1010,1010,3.77,3,4.7,353,0.34,203,0,0,0,0,0,0,*
H,6,26,3,3,5.41,5.2,5.6,34.57,32,38,1010,1010,1010,3.53,1.6,4.7,10,0.13,204,0,0,0,0,0,0,*
H,7,26,3,3,5.51,5.3,6.1,31.86,27,34,1010,1010,1010,26.81,0,67.3,3,0.07,204,0,0,0,0,0,0,*
H,8,26,3,3,7.29,6.1,9,23.83,19,28,1010,1010,1010,140.4,55.3,224.3,3,0.17,204,0,0,0,0,0,0,*
H,9,26,3,3,10.27,8.8,11.5,28.91,9,42,1010.7,1010,1011,312.88,225,390.5,56,0.74,204,0,0,0,0,0,0,*
H,10,26,3,3,12.5,11.3,13.8,46.05,41,51,1010.96,1010,1011,460.65,391.9,522.1,77,0.6,203,0,0,0,0,0,0,*
H,11,26,3,3,14.92,13.7,16,55.48,50,61,1010.41,1010,1011,566.84,521.7,605.9,110,0.72,203,0,0,0,0,0,0,*
H,12,26,3,3,16.75,15.3,17.9,63.02,59,66,1010.13,1010,1011,626.81,607.3,643.8,135,1.06,204,0,0,0,0,0,0,*
H,13,26,3,3,18.19,17.3,19.2,68.02,66,69,1009.71,1009,1010,638.06,619.2,647.6,216,0.91,203,0,0,0,0,0,0,*
H,14,26,3,3,19.09,18.1,19.9,68.68,68,70,1009,1009,1009,601.34,575.8,623.3,226,0.85,203,0,0,0,0,0,0,*
H,15,26,3,3,19.42,18.8,20,69.12,68,71,1008.83,1008,1009,523.78,470.6,576.4,172,0.84,203,0,0,0,0,0,0,*
H,16,26,3,3,19.39,18.9,20.1,68.68,68,70,1008.19,1008,1009,399.64,326,470,148,0.62,204,0,0,0,0,0,0,*
H,17,26,3,3,18.73,18.2,19.6,66,64,69,1008.77,1008,1009,242.24,160.4,324.9,145,0.43,203,0,0,0,0,0,0,*
H,18,26,3,3,17.41,16.2,18.3,61.44,58,64,1009,1009,1009,89.18,26.3,159.3,164,0.37,203,0,0,0,0,0,0,*
H,19,26,3,3,15.33,14.4,16.3,60.2,58,62,1009.02,1009,1010,7.06,0,26.3,166,0.31,204,0,0,0,0,0,0,*
H,20,26,3,3,13.06,12.3,14.4,55.18,52,58,1009.73,1009,1010,3.14,1.9,4.4,117,0.74,203,0,0,0,0,0,0,*
H,21,26,3,3,12.08,11.3,13.2,49.97,44,56,1010.45,1010,1011,3.31,2.3,4.4,75,0.72,204,0,0,0,0,0,0,*
H,22,26,3,3,11,9.9,11.8,42.31,38,44,1011,1011,1011,3.27,2.3,4.4,106,1.31,203,0,0,0,0,0,0,*
H,23,26,3,3,9.33,8.3,10.7,34.1,23,41,1011,1011,1011,3.19,1.9,4,145,0.5,204,0,0,0,0,0,0,*
H,0,27,3,3,8.17,7.9,8.4,13.44,10,23,1011.05,1011,1012,3.42,2.3,4.4,25,0.3,204,0,0,0,0,0,0,5,20.1,9,71,1008,1012,*
H,1,27,3,3,7.93,7.7,8.3,9.42,9,11,1012,1012,1012,3.5,2.3,4.7,8,0.1,203,0,0,0,0,0,0,*
H,2,27,3,3,7.81,7.6,8,9.63,9,10,1012,1012,1012,3.6,2.6,4.7,2,0.07,204,0,0,0,0,0,0,*
H,3,27,3,3,7.38,7,7.8,9.37,9,10,1011.75,1011,1012,3.68,2.6,4.7,358,0.03,204,0,0,0,0,0,0,*
H,4,27,3,3,6.49,6.2,7.1,13.98,10,19,1011,1011,1011,3.67,2.6,4.7,12,0.1,204,0,0,0,0,0,0,*
H,5,27,3,3,5.93,5.7,6.2,26.66,19,33,1011.17,1011,1012,3.7,3,4.7,12,0.12,204,0,0,0,0,0,0,*
H,6,27,3,3,5.59,5.1,6,26.08,25,30,1012,1012,1012,3.13,0,4.7,23,0.21,203,0,0,0,0,0,0,*
H,7,27,3,3,6.23,5.8,6.8,23.34,16,30,1012,1012,1013,33.34,0.9,76.2,11,0.11,204,0,0,0,0,0,0,*
H,8,27,3,3,8.14,6.9,9.6,11.65,9,16,1012.58,1012,1013,158.08,64.2,245.8,22,0.25,204,0,0,0,0,0,0,*
H,9,27,3,3,10.91,9.7,12.5,29.99,16,37,1013,1013,1013,326.03,221.9,411.4,63,0.51,204,0,0,0,0,0,0,*
H,10,27,3,3,13.28,12.3,14.6,44.41,37,57,1013,1013,1013,467.32,359.5,548.7,105,0.74,204,0,0,0,0,0,0,*
H,11,27,3,3,15.43,14.3,16.7,58.67,53,62,1013,1013,1013,585.18,516.2,640.1,136,0.81,204,0,0,0,0,0,0,*
H,12,27,3,3,17,16.1,18,63.36,60,65,1013,1013,1013,620.97,552.1,670.9,134,0.9,204,0,0,0,0,0,0,*
H,13,27,3,3,18.08,17.4,19.2,64.2,63,65,1012.17,1012,1013,607.67,444,691.8,149,0.91,204,0,0,0,0,0,0,*
H,14,27,3,3,18.72,17.9,19.5,65.05,63,66,1011.34,1011,1012,586.69,430,666.1,145,0.7,204,0,0,0,0,0,0,*
H,15,27,3,3,18.78,18.2,19.5,63.31,61,65,1011,1011,1011,470.56,373.2,561.4,154,0.64,204,0,0,0,0,0,0,*
H,16,27,3,3,18.29,17.8,18.9,63.49,62,65,1011,1011,1011,371.75,273.6,450.9,163,0.55,204,0,0,0,0,0,0,*
H,17,27,3,3,17.37,16.7,18.2,59.37,58,64,1011,1011,1011,163.52,93.7,275.3,166,0.48,204,0,0,0,0,0,0,*
H,18,27,3,3,15.77,14.4,16.9,49,27,58,1011,1011,1011,54.62,21.1,93.3,159,0.42,203,0,0,0,0,0,0,*
H,18.54,27,3,3,13.51,12.8,14.4,13.68,9,26,1011,1011,1011,6.92,0.1,20.8,158,0.43,183,0,0,0,0,0,0,*
H,19,27,3,3,12.73,12.6,12.8,21.47,20,24,1011,1011,1011,3.18,2.6,3.7,115,0.15,19,0,0,0,0,0,0,*
H,20,27,3,3,12.06,11.6,12.6,55.06,25,72,1011.33,1011,1012,3.21,2.3,4.4,105,0.26,204,0,0,0,0,0,0,*
H,21,27,3,3,11.15,10.7,11.6,77.37,72,84,1012,1012,1012,3.22,2.3,4.4,87,0.13,203,0,0,0,0,0,0,*
H,22,27,3,3,10.16,9.4,10.9,86.46,84,89,1012,1012,1012,3.38,2.3,4.7,58,0.38,203,0,0,0,0,0,0,*
H,23,27,3,3,9.15,8.9,9.4,93.35,89,98,1012,1012,1012,3.38,2.6,4.4,29,0.24,204,0,0,0,0,0,0,*
H,0,28,3,3,8.39,7.8,8.9,98.88,98,99,1011.65,1011,1012,3.43,2.3,4.7,13,0.16,203,0,0,0,0,0,0,7.8,12.8,20,99,1011,1012,*
H,1,28,3,3,7.43,7.1,7.8,99,99,99,1011,1011,1011,3.53,2.3,4.7,23,0.19,203,0,0,0,0,0,0,*
H,1.27,28,3,3,7.39,7.1,7.6,99,99,99,1011,1011,1011,3.2,1.9,4.4,60,0.28,91,0,0,0,0,0,0,*
H,2,28,3,3,7.29,7.2,7.4,99,99,99,1011,1011,1011,3.51,2.3,4.7,73,0.33,111,0,0,0,0,0,0,*
H,3,28,3,3,7.23,7,7.6,99,99,99,1010.72,1010,1011,3.45,2.6,4.7,30,0.49,204,0,0,0,0,0,0,*
H,4,28,3,3,7.7,7.5,7.9,99,99,99,1010,1010,1010,3.47,2.3,4.4,31,0.39,204,0,0,0,0,0,0,*
H,5,28,3,3,7.07,6.6,7.6,99,99,99,1010,1010,1010,3.52,2.6,4.7,9,0.26,203,0,0,0,0,0,0,*
H,6,28,3,3,6.69,6.6,6.8,99,99,99,1010,1010,1010,3.37,1.9,4.4,8,0.2,204,0,0,0,0,0,0,*
H,7,28,3,3,7,6.8,7.3,99,99,99,1010.64,1010,1011,11.16,0.2,34.5,12,0.26,203,0,0,0,0,0,0,*
H,8,28,3,3,7.62,7.3,7.9,99,99,99,1011,1011,1011,49.65,31.7,99.8,55,0.43,204,0,0,0,0,0,0,*
