H,9,28,3,3,7.95,7.4,8.7,99,99,99,1011,1011,1011,108.23,61.1,214.1,57,0.46,213,0,0,0,0,0,0,*
H,10,28,3,3,9.06,8.4,9.8,99,99,99,1011,1011,1011,317.34,163.1,598.5,56,0.96,204,0,0,0,0,0,0,*
H,11,28,3,3,10.71,9.2,12.7,99,99,99,1011,1011,1011,400.05,193.5,689.8,105,0.68,203,0,0,0,0,0,0,*
H,12,28,3,3,13.22,12.3,14.6,82.18,74,99,1010.99,1010,1011,576.68,324,714.8,96,0.71,204,0,0,0,0,0,0,*
H,13,28,3,3,14.29,13.5,15.3,66.47,58,74,1010,1010,1011,547.9,291.8,703.1,97,0.78,204,0,0,0,0,0,0,*
H,14,28,3,3,15.42,14.7,16.2,45.92,36,59,1009.4,1009,1010,620.8,404.4,700.3,83,0.67,203,0,0,0,0,0,0,*
H,15,28,3,3,16.05,15.5,16.7,36.03,30,42,1008.72,1008,1009,512.88,226.4,609.3,116,0.62,203,0,0,0,0,0,0,*
H,16,28,3,3,16.07,15.4,16.6,37.06,34,41,1008,1008,1008,392.69,322.2,458.1,125,0.51,203,0,0,0,0,0,0,*
H,17,28,3,3,15.41,14.6,16,49.43,40,58,1008,1008,1008,234.72,164.2,320.5,126,0.42,203,0,0,0,0,0,0,*
H,18,28,3,3,13.95,13,15,62.65,56,70,1008,1008,1008,78.81,21.8,162.8,126,0.34,203,0,0,0,0,0,0,*
H,19,28,3,3,11.92,10.9,13,86.81,70,99,1008,1008,1008,5.4,0,21.3,137,0.39,203,0,0,0,0,0,0,*
H,20,28,3,3,10.52,10.3,11,99,99,99,1008,1008,1008,3.14,2.3,4.4,136,0.33,203,0,0,0,0,0,0,*
H,21,28,3,3,10.04,9.8,10.3,99,99,99,1008.84,1008,1009,3.25,2.3,4.4,38,0.9,203,0,0,0,0,0,0,*
H,22,28,3,3,10.34,10,10.7,99,99,99,1009,1009,1009,3.23,2.3,4,35,0.83,204,0,0,0,0,0,0,*
H,23,28,3,3,10.71,10.5,10.8,99,99,99,1009,1009,1009,3.27,1.9,4.4,52,0.53,203,0,0,0,0,0,0,*
H,0,29,3,3,10.52,10.3,10.8,99,99,99,1009,1009,1009,3.41,2.6,4.4,17,0.22,203,0,0,0,0,0,0,6.6,16.7,30,99,1008,1011,*
H,1,29,3,3,9.89,9.5,10.3,99,99,99,1008.84,1008,1009,3.48,2.3,4.4,3,0.12,203,0,0,0,0,0,0,*
H,2,29,3,3,9.23,9,9.6,99,99,99,1008,1008,1008,3.5,2.3,4.7,4,0.13,204,0,0,0,0,0,0,*
H,3,29,3,3,8.78,8.5,9.1,99,99,99,1007.88,1007,1008,3.46,2.3,4.7,13,0.18,203,0,0,0,0,0,0,*
H,4,29,3,3,8.65,8.4,8.9,99,99,99,1007.1,1007,1008,3.48,2.3,4.7,17,0.3,204,0,0,0,0,0,0,*
H,5,29,3,3,8.73,8.6,8.9,99,99,99,1007,1007,1007,3.46,2.3,4.7,3,0.13,203,0,0,0,0,0,0,*
H,6,29,3,3,8.3,7.8,8.7,99,99,99,1007,1007,1008,3.07,0.2,5,338,0.13,203,0,0,0,0,0,0,*
H,7,29,3,3,8.23,7.8,8.6,99,99,99,1007.57,1007,1008,7.08,0,22.5,353,0.59,204,0,0,0,0,0,0,*
H,8,29,3,3,9.1,8.5,9.9,99,99,99,1008,1008,1008,45.44,21.4,69.4,5,0.43,203,0,0,0,0,0,0,*
H,9,29,3,3,10.64,9.9,11.1,98.87,98,99,1008.26,1008,1009,81.3,67.6,115.5,0,0.39,203,0,0,0,0,0,0,*
H,10,29,3,3,11.66,11,12.2,96.12,94,98,1009,1009,1009,169.03,116.2,229.1,45,0.45,203,0,0,0,0,0,0,*
H,11,29,3,3,12.85,12,13.9,87.23,78,94,1009,1009,1009,311.24,229.1,687.8,35,1.08,203,0,0,0,0,0,0,*
H,12,29,3,3,13.91,13,14.9,65.54,58,79,1008.98,1008,1009,334.89,267.1,682.7,124,1.03,203,0,0,0,0,0,0,*
H,13,29,3,3,14.48,13.8,16.2,59.58,50,65,1008.05,1008,1009,369.42,262,748.6,110,0.76,203,0,0,0,0,0,0,*
H,14,29,3,3,15.23,14.7,15.9,41.73,37,49,1008,1008,1008,413.86,309.2,738,140,0.88,203,0,0,0,0,0,0,*
H,15,29,3,3,15.96,15.1,16.9,29.64,20,38,1007.4,1007,1008,520.18,284.6,616.1,159,0.95,203,0,0,0,0,0,0,*
H,16,29,3,3,16.05,15.7,16.5,18.75,12,22,1007,1007,1007,335.24,193.9,486.5,124,0.71,203,0,0,0,0,0,0,*
H,17,29,3,3,16.01,15.7,16.8,20.82,13,25,1007,1007,1007,249.18,162.1,330.1,156,0.9,203,0,0,0,0,0,0,*
H,18,29,3,3,15.02,14.3,15.8,31.4,24,36,1007,1007,1007,92.19,33.4,161.4,168,0.4,203,0,0,0,0,0,0,*
H,19,29,3,3,13.56,12.8,14.4,45.61,37,57,1007,1007,1008,8.34,0,33.1,170,0.28,203,0,0,0,0,0,0,*
H,20,29,3,3,12.21,11.7,12.8,67.96,57,79,1007.9,1007,1008,3.1,1.9,4.4,154,0.19,203,0,0,0,0,0,0,*
H,21,29,3,3,11.16,10.5,11.7,85.54,79,90,1008,1008,1009,3.19,1.9,4,161,0.16,203,0,0,0,0,0,0,*
H,22,29,3,3,10,9.7,10.5,91.22,89,94,1008.04,1008,1009,3.39,2.6,4.4,162,1.12,204,0,0,0,0,0,0,*
H,23,29,3,3,9.26,8.8,9.8,95.85,94,98,1009,1009,1009,3.44,2.6,4.4,10,0.09,203,0,0,0,0,0,0,*
H,0,30,3,3,8.75,8.5,9.2,98.83,98,99,1009,1009,1009,3.33,2.3,4.4,14,0,203,0,0,0,0,0,0,7.8,16.9,12,99,1007,1009,*
H,1,30,3,3,8.12,7.9,8.6,99,99,99,1009,1009,1009,3.52,2.3,4.7,344,0.28,203,0,0,0,0,0,0,*
H,2,30,3,3,7.93,7.6,8.2,99,99,99,1008.95,1008,1009,3.46,2.3,5,330,0.03,204,0,0,0,0,0,0,*
H,3,30,3,3,7.4,7.2,7.8,99,99,99,1008.07,1008,1009,3.44,2.3,5,316,0.21,203,0,0,0,0,0,0,*
H,4,30,3,3,7.5,7.2,7.8,99,99,99,1008,1008,1008,3.37,2.3,4.7,304,0.25,203,0,0,0,0,0,0,*
H,5,30,3,3,7.18,6.9,7.6,99,99,99,1008,1008,1008,3.49,1.9,4.7,300,0.32,204,0,0,0,0,0,0,*
H,6,30,3,3,7.82,7.3,8.1,99,99,99,1008,1008,1008,2.93,0,4.4,312,0.61,203,0,0,0,0,0,0,*
H,7,30,3,3,7.34,7.1,8,99,99,99,1008,1008,1008,15.74,0,33.8,42,0.21,203,0,0,0,0.2,0,0.2,*
H,8,30,3,3,7.72,7.4,8.1,99,99,99,1008.64,1008,1009,36.99,27.9,56,107,0.45,204,0,0,0,0,0,0,*
H,9,30,3,3,8.75,8,9.4,99,99,99,1009,1009,1009,126.34,56,197.6,275,1.37,203,0,0,0,0,0,0,*
H,10,30,3,3,9.82,9.3,10.6,99,99,99,1009,1009,1009,298.98,189.4,532.8,294,0.53,203,0,0,0,0,0,0,*
H,11,30,3,3,11.77,10.3,13.3,98.54,93,99,1009,1009,1009,422.31,248.9,590.3,239,0.89,203,0,0,0,0,0,0,*
H,12,30,3,3,13.6,12.9,14.4,86.68,80,93,1009,1009,1009,394.43,291.7,663.7,172,0.92,203,0,0,0,0,0,0,*
H,13,30,3,3,14.13,13.8,14.8,78.62,77,80,1008.38,1008,1009,255.15,156.3,604.5,145,0.71,203,0,0,0,0,0,0,*
H,14,30,3,3,14.02,13.7,14.3,77.93,75,80,1008,1008,1008,187.81,137.8,234.9,146,0.46,203,0,0,0,0,0,0,*
H,15,30,3,3,14.56,14.1,15,70.95,68,76,1007.46,1007,1008,284.2,208,354.8,148,0.66,202,0,0,0,0,0,0,*
H,16,30,3,3,14.62,14.3,14.9,64.41,59,68,1007,1007,1007,157.73,102.6,206.7,127,0.93,203,0,0,0,0,0,0,*
H,17,30,3,3,14.63,14.5,14.9,58.41,57,60,1006.78,1006,1007,99.45,84.4,116.2,58,0.85,203,0,0,0,0,0,0,*
H,18,30,3,3,14.38,14.2,14.6,58.85,57,60,1006,1006,1006,63.45,33.3,88.4,39,0.31,203,0,0,0,0,0,0,*
H,19,30,3,3,13.71,12.6,14.2,64.54,60,75,1006.39,1006,1007,8.06,0,32.9,43,0.83,203,0,0,0,0,0,0,*
H,20,30,3,3,11.63,11.2,12.6,85.23,76,90,1007,1007,1007,3.22,1.9,4.4,163,0.43,204,0,0,0,0,0,0,*
H,21,30,3,3,11.26,11.1,11.4,92.54,90,94,1007,1007,1007,3.19,1.9,4.4,145,0.58,203,0,0,0,0,0,0,*
H,22,30,3,3,11.3,11.2,11.4,94,94,94,1007,1007,1007,3.3,2.3,4.4,152,0.25,203,0,0,0,0,0,0,*
H,23,30,3,3,11.29,11.2,11.4,94,94,94,1007,1007,1007,3.26,2.3,4,150,0.92,203,0,0,0,0,0,0,*
H,0,31,3,3,11.13,10.9,11.3,94.55,94,95,1007,1007,1007,3.28,2.3,4,99,0.17,203,0,0,0,0,0,0,6.9,15.1,57,99,1006,1009,*
H,1,31,3,3,10.77,10.5,11,95,95,95,1007,1007,1007,3.31,2.3,4.4,92,0.39,203,0,0,0,0,0,0,*
H,2,31,3,3,10.47,10.3,10.7,96.09,96,97,1007,1007,1007,3.3,2.3,4.7,102,0.29,204,0,0,0,0,0,0,*
H,3,31,3,3,10.23,10,10.4,97.6,97,98,1007,1007,1007,3.3,2.3,4,103,0.2,203,0,0,0,0,0,0,*
H,4,31,3,3,9.83,9.6,10.1,98.94,98,99,1006.04,1006,1007,3.31,2.3,4,73,0.27,204,0,0,0,0,0,0,*
H,5,31,3,3,9.42,9.1,9.7,99,99,99,1006,1006,1006,3.44,2.6,4.4,35,0.38,203,0,0,0,0,0,0,*
H,6,31,3,3,8.88,8.6,9.1,99,99,99,1006,1006,1006,2.84,0,4.4,26,0.4,204,0,0,0,0,0,0,*
H,7,31,3,3,8.57,8.4,8.9,99,99,99,1006,1006,1006,32.66,0.9,83,356,0.13,203,0,0,0,0,0,0,*
H,8,31,3,3,9.35,8.8,10.2,99,99,99,1006.85,1006,1007,142.27,82.3,221.9,25,0.45,204,0,0,0,0,0,0,*
H,9,31,3,3,11.01,10.1,12,96.85,90,99,1007,1007,1007,295.47,212,367.6,70,0.61,203,0,0,0,0,0,0,*
H,10,31,3,3,12.47,11.8,13.1,85.76,82,90,1007.72,1007,1008,335.19,269.6,435,118,0.94,203,0,0,0,0,0,0,*
H,11,31,3,3,13.03,12.6,13.5,81.5,80,83,1008,1008,1008,246.84,147,336.2,143,0.81,203,0,0,0,0,0,0,*
H,12,31,3,3,13.4,13,13.9,79.89,79,81,1008,1008,1008,161.48,138.5,181.9,124,0.92,203,0,0,0,0,0,0,*
H,13,31,3,3,13.67,13.3,14.1,79.09,78,80,1007.94,1007,1008,169.92,133.5,222.3,98,0.93,203,0,0,0,0,0,0,*
H,14,31,3,3,14.06,13.7,14.6,77.03,75,78,1007.1,1007,1008,235.21,171.4,299.7,68,0.71,203,0,0,0,0,0,0,*
H,15,31,3,3,14.65,14.3,15,73.97,73,76,1007,1007,1007,226.57,202.6,257.6,180,1.19,203,0,0,0,0,0,0,*
H,16,31,3,3,14.59,14.3,14.8,73.24,73,74,1007.66,1007,1008,132.41,87.2,222.3,32,0.48,203,0,0,0,0,0,0,*
H,17,31,3,3,14.89,14.6,15.3,70.14,68,74,1007.94,1007,1008,195.8,94.4,337.8,60,0.44,203,0,0,0,0,0,0,*
H,18,31,3,3,14.6,14.5,14.8,69.03,68,70,1008,1008,1008,44.66,15.1,93,51,0.33,203,0,0,0,0,0,0,*
H,19,31,3,3,14.22,13.8,14.5,71.59,70,74,1008.36,1008,1009,4.78,0,14.8,62,0.5,203,0,0,0,0,0,0,*
H,20,31,3,3,13.04,12.3,13.8,78.54,75,83,1009.29,1009,1010,3.41,2.3,4.4,15,0.17,204,0,0,0,0,0,0,*
H,21,31,3,3,11.97,11.5,12.4,88.37,83,93,1010.29,1010,1011,3.44,2.3,4.7,12,0.15,203,0,0,0,0,0,0,*
H,22,31,3,3,10.89,10.4,11.5,95.93,93,99,1011.36,1011,1012,3.4,2.6,4.7,21,0.2,203,0,0,0,0,0,0,*
H,23,31,3,3,10.28,9.9,10.6,99,99,99,1012.3,1012,1013,3.44,2.3,4.4,18,0.21,203,0,0,0,0,0,0,*
H,0,1,4,3,9.76,9.4,10,99,99,99,1013,1013,1013,3.41,2.3,4.7,15,0.27,204,0,0,0,0,0,0,8.4,15.3,68,99,1006,1013,*
H,1,1,4,3,9.53,9.3,9.8,99,99,99,1013,1013,1013,3.42,1.9,4.4,11,0.17,203,0,0,0,0,0,0,*
H,2,1,4,3,9.94,9.6,10.4,97.33,96,99,1013.64,1013,1014,3.47,2.3,4.7,17,0.24,204,0,0,0,0,0,0,*
H,3,1,4,3,9.5,9.3,9.7,97.38,93,98,1014,1014,1014,3.51,2.3,4.4,8,0.19,203,0,0,0,0,0,0,*
H,4,1,4,3,9.97,9.4,10.8,85.67,75,93,1014,1014,1014,3.32,2.3,4.4,27,0.29,204,0,0,0,0,0,0,*
H,5,1,4,3,10.81,10.7,11,46.25,35,74,1014,1014,1014,3.4,2.3,4.4,47,0.29,203,0,0,0,0,0,0,*
H,6,1,4,3,10.51,10.1,10.8,23.82,16,37,1014.2,1014,1015,2.69,0.2,4.7,57,0.34,204,0,0,0,0,0,0,*
H,7,1,4,3,9.49,9.3,10.1,15.25,9,23,1015,1015,1015,32.37,2.6,79.6,40,0.27,204,0,0,0,0,0,0,*
H,8,1,4,3,9.94,9.4,11,26.49,9,46,1015,1015,1015,173.82,74.5,287.2,51,0.31,203,0,0,0,0,0,0,*
H,9,1,4,3,11.44,11,12.1,51.43,46,54,1015,1015,1015,371.33,284.9,444.3,64,0.37,204,0,0,0,0,0,0,*
H,10,1,4,3,12.15,11.6,12.8,52.18,50,54,1015,1015,1015,523.34,441.9,589.9,41,0.48,203,0,0,0,0,0,0,*
H,11,1,4,3,13.02,12.5,13.9,54.29,52,56,1015,1015,1015,632.73,591,672.3,72,0.58,203,0,0,0,0,0,0,*
H,12,1,4,3,14.15,13.3,15,57.33,55,59,1014.4,1014,1015,697.05,669.5,722.6,83,1.04,203,0,0,0,0,0,0,*
H,13,1,4,3,15.19,13.8,16.2,58.79,58,60,1013.6,1013,1014,703.5,670.2,725,141,1.41,203,0,0,0,0,0,0,*
H,14,1,4,3,16.01,15,17.2,59.92,58,62,1012.6,1012,1013,651.27,615.8,680.8,230,1.18,203,0,0,0,0,0,0,*
H,15,1,4,3,16.57,15.7,17.3,63.01,59,65,1011.64,1011,1012,578.05,526.1,633.6,195,0.76,203,0,0,0,0,0,0,*
H,16,1,4,3,16.23,15.5,16.9,63.09,62,64,1010.81,1010,1011,455.67,380.7,525.1,170,0.58,203,0,0,0,0,0,0,*
H,17,1,4,3,15.85,15.5,16.3,61.31,60,63,1010,1010,1010,289.96,201.7,380,164,0.51,204,0,0,0,0,0,0,*
H,18,1,4,3,15.35,14.8,16,59.9,59,61,1009.03,1009,1010,119.2,47.5,200.8,171,0.42,203,0,0,0,0,0,0,*
H,19,1,4,3,13.93,12.7,14.9,56.05,51,59,1009,1009,1009,12.98,0,47.1,163,0.32,203,0,0,0,0,0,0,*
H,20,1,4,3,11.93,11.4,12.8,42.39,32,51,1009,1009,1009,3.1,1.9,4,173,0.39,203,0,0,0,0,0,0,*
H,21,1,4,3,11.37,11,11.6,23.29,15,32,1008.18,1008,1009,3.23,2.3,4,218,0.35,204,0,0,0,0,0,0,*
H,22,1,4,3,10.14,9.5,11,10.33,9,15,1008,1008,1008,3.52,2.6,4.7,300,0.55,203,0,0,0,0,0,0,*
H,23,1,4,3,9.26,9,9.6,15.4,9,23,1007.31,1007,1008,3.33,2.3,4.4,294,0.36,204,0,0,0,0,0,0,*
H,0,2,4,3,9.2,8.8,9.4,19.85,14,26,1006.55,1006,1007,3.37,2.3,4.4,265,0.25,203,0,0,0,0,0,0,8.8,17.3,9,99,1006,1015,*
H,1,2,4,3,8.28,7.7,8.7,25.97,19,35,1005.47,1005,1006,3.35,2.3,4.7,227,1.01,203,0,0,0,0,0,0,*
H,2,2,4,3,8.23,7.8,8.5,37.5,34,42,1004.32,1004,1005,3.39,1.6,4.7,54,0.59,204,0,0,0,0,0,0,*
H,3,2,4,3,7.61,7.3,7.9,36.28,34,39,1002.9,1002,1004,3.43,2.3,4.7,36,0.41,204,0,0,0,0,0,0,*
H,4,2,4,3,7.25,7.2,7.4,37.13,35,41,1001.74,1001,1002,3.47,1.9,5,27,0.29,203,0,0,0,0,0,0,*
H,5,2,4,3,7.41,7.3,7.6,53.01,41,63,1000.68,1000,1001,3.42,2.3,4.7,32,0.41,204,0,0,0,0,0,0,*
H,6,2,4,3,7.64,7.5,7.8,73.87,63,84,999.91,999,1000,2.9,0.2,5,13,0.29,204,0,0,0,0,0,0,*
H,7,2,4,3,7.9,7.8,8.1,89.22,84,93,998.87,998,999,6.95,0,14.2,19,0.35,204,0,0,0,0,0,0,*
H,8,2,4,3,8.37,8,8.6,85.9,81,92,997.77,997,998,25.2,12.5,62.5,32,0.28,203,0,0,0,0,0,0,*
H,9,2,4,3,8.78,8.6,9.1,79.72,78,82,996.73,996,997,64.34,29,137.4,34,0.3,204,0,0,0,0,0,0,*
H,10,2,4,3,8.94,8.9,9.1,79.82,74,83,995.96,995,996,34.69,21.4,49.9,31,0.34,204,0,0,0,0,0,0,*
H,11,2,4,3,8.35,7.7,9.1,77.46,69,86,994.93,994,995,70.78,27,136.4,26,0.32,204,0,0,0,1.2,0,1.2,*
H,12,2,4,3,7.35,6.7,7.9,84.55,83,86,993.99,993,995,61.89,46.8,94,26,0.31,203,0,0,0,1.2,0,1.2,*
H,13,2,4,3,6.29,5.9,6.8,89.91,86,94,992.91,992,993,60.64,47.1,82.7,26,0.34,204,0,0,0,1.8,0,1.8,*
H,14,2,4,3,6.07,5.9,6.2,97.08,94,99,992.01,991,993,47.7,24.2,77.2,29,0.38,204,0,0,0,2.4,0,2.4,*
H,15,2,4,3,6.19,6,6.4,99,99,99,991.18,990,992,36.63,15.6,64.2,20,0.59,203,0,0,0,2.4,0,2.4,*
H,16,2,4,3,6.63,6.3,6.8,99,99,99,989.77,988,990,33.39,14.6,60.4,33,0.28,204,0,0,0,1.8,0,1.8,*
H,17,2,4,3,7.07,6.7,7.4,99,99,99,989.3,988,990,12.95,5,28.3,35,0.29,203,0,0,0,3.6,0,3.6,*
H,18,2,4,3,7.54,7.4,7.7,99,99,99,988.99,988,989,2.57,0,10.5,19,0.34,204,0,0,0,4.8,0,4.8,*
H,19,2,4,3,7.29,7.1,7.5,99,99,99,989.13,989,990,2.6,0,4.4,11,0.35,204,0,0,0,8.2,0,8.2,*
H,20,2,4,3,6.89,6.7,7.1,99,99,99,990.17,989,991,3.56,2.6,4.7,13,0.39,203,0,0,0,3.6,0,3.6,*
H,21,2,4,3,6.36,6.1,6.8,99,99,99,990.91,990,991,3.69,2.6,5,24,0.4,204,0,0,0,3.2,0,3.2,*
H,22,2,4,3,6.08,6,6.2,99,99,99,991.09,990,992,3.71,2.6,4.7,26,0.34,204,0,0,0,3,0,3,*
H,23,2,4,3,5.9,5.7,6.1,99,99,99,991.71,990,992,3.75,3,4.7,30,0.41,203,0,0,0,3,0,3,*
H,0,3,4,3,5.79,5.7,5.9,98.59,98,99,991.9,991,992,3.79,2.8,4.7,32,0.32,204,0,0,0,1.8,0,1.8,5.7,9.1,19,99,988,1006,*
H,1,3,4,3,5.74,5.5,5.9,98.81,98,99,992.09,991,993,3.79,2.8,4.8,42,0.33,204,0,0,0,2,0,2,*
H,2,3,4,3,5.51,5.4,5.6,98.66,98,99,992.58,992,993,3.84,2.6,4.7,43,0.31,203,0,0,0,1.4,0,1.4,*
H,3,3,4,3,5.6,5.4,5.8,98.41,98,99,992.63,992,993,3.8,3,4.7,45,0.29,204,0,0,0,1.2,0,1.2,*
H,4,3,4,3,5.73,5.6,5.9,98.63,98,99,992.97,992,993,3.82,2.6,5,36,0.29,204,0,0,0,1.8,0,1.8,*
H,5,3,4,3,5.91,5.8,6.1,96.92,96,99,993.17,992,994,3.84,3,4.7,39,0.26,204,0,0,0,2,0,2,*
H,6,3,4,3,5.86,5.7,6.1,97.37,97,98,994.01,993,995,3.65,2.3,4.7,38,0.31,204,0,0,0,1.8,0,1.8,*
H,7,3,4,3,5.69,5.6,5.8,98.13,98,99,994.87,994,996,4.36,0.1,13.9,43,0.31,204,0,0,0,1.4,0,1.4,*
H,8,3,4,3,5.85,5.7,6,98.03,97,99,995.97,995,997,14.49,7.8,26.5,41,0.27,204,0,0,0,1,0,1,*
H,9,3,4,3,6.05,5.9,6.5,98.5,98,99,996.97,996,998,49.13,27.6,69.7,37,0.28,204,0,0,0,0.6,0,0.6,*
H,10,3,4,3,7.04,6.4,7.4,94.28,92,98,997.88,997,999,81.39,55.3,125.1,35,0.32,203,0,0,0,0.6,0,0.6,*
H,11,3,4,3,7.32,7.2,7.6,92.61,91,93,999.25,998,1000,118.49,78.6,160.7,42,0.31,204,0,0,0,1.2,0,1.2,*
H,12,3,4,3,7.52,7.4,7.7,94.24,91,96,1000,1000,1000,190.22,155.9,252.7,34,0.3,203,0,0,0,1,0,1,*
H,13,3,4,3,7.43,7.2,7.7,95.4,94,97,1000.89,1000,1001,184.98,145.3,230.4,38,0.32,203,0,0,0,0.6,0,0.6,*
H,14,3,4,3,7.43,7.2,7.7,95.06,94,96,1001.12,1001,1002,160.32,103.2,233.5,43,0.3,204,0,0,0,0.4,0,0.4,*
H,15,3,4,3,7.28,7.1,7.5,96.76,95,98,1001.91,1001,1002,91.22,74.1,116.6,39,0.3,203,0,0,0,1.2,0,1.2,*
H,16,3,4,3,7.15,7,7.3,98.68,98,99,1002,1002,1002,57.88,42.6,77.6,44,0.31,204,0,0,0,1.6,0,1.6,*
H,17,3,4,3,6.97,6.8,7.2,99,99,99,1002.78,1002,1003,45.54,35.2,52.2,46,0.28,203,0,0,0,1.2,0,1.2,*
H,18,3,4,3,6.9,6.7,7,99,99,99,1003.05,1003,1004,21.27,5.7,35.8,36,0.34,204,0,0,0,0.4,0,0.4,*
H,19,3,4,3,6.77,6.7,6.9,99,99,99,1004,1004,1004,2.73,0,5.7,29,0.35,203,0,0,0,0.6,0,0.6,*
H,20,3,4,3,6.63,6.5,6.8,99,99,99,1004.56,1004,1005,3.64,2.6,4.7,29,0.32,204,0,0,0,1.4,0,1.4,*
H,21,3,4,3,6.54,6.4,6.6,99,99,99,1005.56,1005,1006,3.68,2.6,4.7,19,0.38,203,0,0,0,1.8,0,1.8,*
H,22,3,4,3,6.51,6.4,6.6,99,99,99,1006.51,1006,1007,3.6,2.6,4.7,17,0.3,204,0,0,0,2.4,0,2.4,*
H,23,3,4,3,6.31,6.2,6.5,99,99,99,1007,1007,1007,3.68,3,4.7,19,0.34,204,0,0,0,2.8,0,2.8,*
H,0,4,4,3,6.23,6.1,6.3,99,99,99,1007.24,1007,1008,3.58,2.6,4.7,19,0.33,203,0,0,0,2.8,0,2.8,5.4,7.7,91,99,991,1008,*
H,1,4,4,3,6.06,6,6.2,99,99,99,1008,1008,1008,3.75,2.6,5,14,0.27,204,0,0,0,2.4,0,2.4,*
H,2,4,4,3,6.03,6,6.1,99,99,99,1008,1008,1008,3.63,2.3,4.7,26,0.29,204,0,0,0,2,0,2,*
H,3,4,4,3,5.98,5.9,6.1,99,99,99,1008,1008,1008,3.71,3,4.7,26,0.3,203,0,0,0,1.6,0,1.6,*
H,4,4,4,3,5.78,5.6,6,99,99,99,1008.44,1008,1009,3.67,2.6,4.4,37,0.34,204,0,0,0,1.8,0,1.8,*
H,5,4,4,3,5.64,5.5,5.8,99,99,99,1009,1009,1009,3.76,2.6,4.7,24,0.38,203,0,0,0,1.2,0,1.2,*
H,6,4,4,3,5.63,5.5,5.7,99,99,99,1009,1009,1009,3.1,0,4.7,29,0.35,204,0,0,0,0.8,0,0.8,*
H,7,4,4,3,5.73,5.6,6,99,99,99,1009.63,1009,1010,15.44,0,27.6,18,0.27,204,0,0,0,0.2,0,0.2,*
H,8,4,4,3,6.56,5.9,7.4,96.5,88,99,1010,1010,1010,67.69,27,112.8,18,0.35,203,0,0,0,0,0,0,*
H,9,4,4,3,7.71,7.1,8.6,86.93,75,94,1010.28,1010,1011,184.61,114.8,301.2,50,0.56,203,0,0,0,0,0,0,*
H,10,4,4,3,8.77,8.3,9.1,65.03,52,77,1011,1011,1011,247.43,192.2,305.7,43,0.43,204,0,0,0,0,0,0,*
H,11,4,4,3,9.32,8.8,10,44.68,28,59,1011,1011,1011,358.86,267.8,470.6,55,0.42,203,0,0,0,0,0,0,*
H,12,4,4,3,10.24,9.7,11.1,16.54,9,29,1011,1011,1011,474.14,364.2,588.3,44,0.45,204,0,0,0,0,0,0,*
H,13,4,4,3,11.4,10.7,12.3,14.11,9,23,1010.63,1010,1011,668.88,535.6,731.3,21,0.68,203,0,0,0,0,0,0,*
H,14,4,4,3,12.37,11.5,13.3,27.88,15,40,1010,1010,1010,653.31,284.9,797.9,62,0.76,203,0,0,0,0,0,0,*
H,15,4,4,3,13.07,12.6,13.8,44.44,37,48,1009.45,1009,1010,613.45,261.3,718.5,61,0.57,203,0,0,0,0,0,0,*
H,16,4,4,3,13.34,13,13.9,45.08,42,48,1008.99,1008,1009,446.14,133,603.8,59,0.48,203,0,0,0,0,0,0,*
H,17,4,4,3,13.18,12.9,13.6,42.52,35,47,1008.51,1008,1009,271.78,70.1,428,95,0.51,204,0,0,0,0,0,0,*
H,18,4,4,3,12.38,12,13.2,24.29,14,38,1008.94,1008,1009,104.65,27.9,247.9,137,0.53,203,0,0,0,0,0,0,*
H,19,4,4,3,11.24,10.4,12.1,11.67,9,16,1009,1009,1009,10.35,0,28.8,192,0.25,204,0,0,0,0,0,0,*
H,20,4,4,3,9.97,9.2,10.5,24,14,33,1009.38,1009,1010,3.26,1.9,4.4,236,0.97,203,0,0,0,0,0,0,*
H,21,4,4,3,9.08,8.6,9.9,38.35,30,43,1010,1010,1010,3.42,2.3,4.4,348,0.64,204,0,0,0,0,0,0,*
H,22,4,4,3,8.4,7.5,9,40.94,32,48,1010,1010,1010,3.53,2.3,5,32,1.16,204,0,0,0,0,0,0,*
H,23,4,4,3,7.09,6.3,7.8,37.32,15,52,1010,1010,1010,3.21,1.9,5,161,0.88,203,0,0,0,0,0,0,*
H,0,5,4,3,6.04,5.6,6.7,37.54,20,51,1010,1010,1010,3.54,1.9,4.7,40,1.49,204,0,0,0,0,0,0,5.5,14,9,99,1007,1011,*
H,1,5,4,3,4.96,4.4,6,46.41,16,68,1010,1010,1010,3.67,2.3,4.7,22,0.67,204,0,0,0,0,0,0,*
H,2,5,4,3,4.12,3.7,4.5,78.88,68,87,1009.16,1009,1010,3.88,3,4.7,359,0.18,203,0,0,0,0,0,0,*
H,3,5,4,3,3.95,3.6,4.5,89.6,87,91,1008.54,1008,1009,3.88,3,5,356,0.12,204,0,0,0,0,0,0,*
H,4,5,4,3,3.6,3.2,4.4,89.81,87,92,1007.72,1007,1008,4.01,2.8,5,319,0.26,204,0,0,0,0,0,0,*
H,5,5,4,3,2.95,2.5,3.3,92.88,92,94,1007,1007,1007,3.98,3.2,5,323,0.28,204,0,0,0,0,0,0,*
H,6,5,4,3,2.58,2.1,2.9,94.88,94,96,1007,1007,1007,3.88,0,13.1,317,0.22,203,0,0,0,0,0,0,*
H,7,5,4,3,3.51,2.4,5.7,92.1,86,96,1007,1007,1007,75.12,13.6,163.5,320,0.26,204,0,0,0,0,0,0,*
H,8,5,4,3,7.13,5.6,8.4,69.1,44,85,1007,1007,1007,230.72,53.6,356,344,0.55,203,0,0,0,0,0,0,*
H,9,5,4,3,9.32,8.2,10.2,34.16,9,43,1007,1007,1007,425.17,341.7,502.7,169,1.28,204,0,0,0,0,0,0,*
H,10,5,4,3,10.36,9.8,11,42.26,37,46,1006.83,1006,1007,580.74,506.9,643.7,176,0.8,203,0,0,0,0,0,0,*
H,11,5,4,3,11.2,10,12.3,42.53,39,47,1006.05,1006,1007,690.26,637.9,739.5,233,0.5,203,0,0,0,0,0,0,*
H,12,5,4,3,11.94,11.1,13.4,37.54,33,41,1005.57,1005,1006,759.02,735.7,776.4,243,0.49,203,0,0,0,0,0,0,*
H,13,5,4,3,12.92,11.9,13.8,30.94,22,37,1004.82,1004,1005,748.39,708.7,772.3,246,0.55,203,0,0,0,0,0,0,*
H,14,5,4,3,13.39,12.5,14.1,15.29,12,25,1003.74,1003,1004,697.64,633.1,735,226,0.53,203,0,0,0,0,0,0,*
H,15,5,4,3,13.95,13.1,14.7,13.32,10,19,1002.57,1002,1003,594.28,171.1,683.7,226,0.45,203,0,0,0,0,0,0,*
H,16,5,4,3,14.26,13.6,14.8,13.02,10,15,1001.81,1001,1002,462.88,152.9,564.5,225,0.5,203,0,0,0,0,0,0,*
H,17,5,4,3,13.99,13.6,14.3,10.62,9,13,1000.82,1000,1001,297.05,210.5,381.8,220,0.41,203,0,0,0,0,0,0,*
H,18,5,4,3,13.56,13.2,14.1,9.53,9,11,1000,1000,1000,126.86,58,209.7,217,0.31,204,0,0,0,0,0,0,*
H,19,5,4,3,12.59,11.9,13.2,17.36,10,27,999.71,999,1000,16.74,0,57.7,217,0.26,203,0,0,0,0,0,0,*
H,20,5,4,3,11.28,10.9,11.9,34.32,27,40,999.67,999,1000,3.1,1.9,4.4,209,0.21,203,0,0,0,0,0,0,*
H,21,5,4,3,10.62,9.6,11.2,42.7,38,53,999,999,999,3.29,2.3,4.4,193,0.69,204,0,0,0,0,0,0,*
H,22,5,4,3,9.08,8.5,9.6,60.79,53,64,998.95,998,999,3.23,1.9,4,113,0.46,204,0,0,0,0,0,0,*
H,23,5,4,3,8.36,7.4,9.2,65.77,58,78,998.93,998,999,3.36,1.9,4.4,111,1.29,204,0,0,0,0,0,0,*
H,0,6,4,3,7.22,6.9,7.4,84.26,78,88,998.77,998,999,3.55,2.3,5,22,0.45,203,0,0,0,0,0,0,2.1,14.9,9,96,998,1010,*
H,1,6,4,3,6.68,6.4,7.2,92.09,88,95,998.93,998,999,3.6,2.3,5,16,0.18,204,0,0,0,0,0,0,*
H,2,6,4,3,6.22,6,6.5,96.98,95,98,998.49,998,999,3.65,2.3,5,15,0.19,204,0,0,0,0,0,0,*
H,3,6,4,3,5.6,5.3,6,98.87,98,99,998.07,998,999,3.65,2.3,4.7,28,0.31,204,0,0,0,0,0,0,*
H,4,6,4,3,5.13,5,5.3,99,99,99,998,998,998,3.73,2.6,4.4,20,0.31,204,0,0,0,0,0,0,*
H,5,6,4,3,4.96,4.9,5.1,99,99,99,998,998,998,3.75,2.6,4.7,37,0.47,204,0,0,0,0,0,0,*
H,6,6,4,3,4.87,4.7,5.1,99,99,99,998.01,998,999,3.54,0.2,11.1,44,0.58,204,0,0,0,0,0,0,*
H,7,6,4,3,5.6,5.1,6.4,98.68,96,99,998.94,998,999,65.84,11.8,133.3,36,0.29,203,0,0,0,0,0,0,*
H,8,6,4,3,7.29,6.4,7.9,93.06,89,96,999.34,999,1000,156.57,101.2,279.4,44,0.38,204,0,0,0,0,0,0,*
H,9,6,4,3,8.02,7.5,8.9,83.55,78,89,1000.03,1000,1001,182.72,119.3,297.5,63,0.38,204,0,0,0,0,0,0,*
H,10,6,4,3,9.18,8.7,9.6,56.7,36,77,1000.76,1000,1001,259.3,138.1,517.8,82,0.37,203,0,0,0,0,0,0,*
H,11,6,4,3,8.79,8.4,9.2,26.25,15,39,1001,1001,1001,98.38,73.4,135.7,103,0.36,204,0,0,0,0,0,0,*
H,12,6,4,3,8.32,8.1,8.5,14.21,10,19,1001,1001,1001,131.15,105.6,177.8,101,0.3,203,0,0,0,0,0,0,*
H,13,6,4,3,8.08,7.8,8.3,9.34,9,11,1001,1001,1001,151.44,113.1,181.2,96,0.34,203,0,0,0,0,0,0,*
H,14,6,4,3,7.64,7.4,7.8,9.81,9,13,1001,1001,1001,108.09,84.4,125.8,102,0.34,204,0,0,0,0,0,0,*
H,15,6,4,3,7.4,7.2,7.6,14.72,9,22,1001,1001,1001,89,74.8,118.2,109,0.3,203,0,0,0,0,0,0,*
H,16,6,4,3,7.23,7.1,7.3,26.47,14,33,1001,1001,1001,95.47,75.5,138.1,106,0.31,204,0,0,0,0,0,0,*
H,17,6,4,3,6.69,6.2,7.2,13.05,9,17,1001.75,1001,1002,76.1,19.1,157.2,94,0.37,204,0,0,0,0,0,0,*
H,18,6,4,3,5.34,4.6,6.2,26.59,9,51,1002.67,1002,1004,12.93,2.6,30.3,104,0.39,203,0,0,0,0,0,0,*
H,19,6,4,3,4.27,3.9,4.9,66.76,52,76,1003.63,1003,1004,3.82,0,9.1,124,0.5,204,0,0,0,0,0,0,*
H,20,6,4,3,4.19,4,4.5,72.99,72,76,1004.58,1004,1005,3.64,2.8,4.7,225,0.77,204,0,0,0,0,0,0,*
H,21,6,4,3,3.61,3.2,4,81.77,76,88,1005,1005,1005,3.87,2.6,5,309,0.36,203,0,0,0,0,0,0,*
H,22,6,4,3,2.88,2.4,3.2,90.27,88,93,1005,1005,1005,3.87,2.8,5.2,287,0.63,204,0,0,0,0,0,0,*
H,23,6,4,3,2.14,1.8,2.5,94.45,93,96,1005,1005,1005,3.92,3,4.8,297,1.03,203,0,0,0,0,0,0,*
H,0,7,4,3,1.48,1,2.1,97.7,96,99,1005,1005,1005,3.96,2.8,5.2,275,0.98,204,0,0,0,0,0,0,1,9.7,9,99,998,1005,*
H,1,7,4,3,0.63,0,1.2,99,99,99,1005,1005,1005,4.03,3,5.2,231,1.16,203,0,0,0,0,0,0,*
H,2,7,4,3,0.32,0.1,0.7,99,99,99,1005,1005,1005,4.24,3.2,5.7,262,0.7,204,0,0,0,0,0,0,*
H,3,7,4,3,0.16,0,0.4,99,99,99,1005,1005,1005,4.39,3,5.4,280,0.45,204,0,0,0,0,0,0,*
H,4,7,4,3,-0.2,-0.5,0.1,99,99,99,1004.9,1004,1005,4.47,3.3,5.4,4,0.77,203,0,0,0,0,0,0,*
H,5,7,4,3,-0.27,-0.5,-0.1,99,99,99,1004.01,1004,1005,4.66,3.7,5.7,337,0.29,203,0,0,0,0,0,0,*
H,6,7,4,3,0.02,-0.1,0.2,98.84,98,99,1004,1004,1004,6.24,0,39.6,352,0.3,204,0,0,0,0,0,0,*
H,7,7,4,3,0.99,0,1.9,97.34,92,99,1004,1004,1004,107.95,26.5,184.5,17,0.4,203,0,0,0,0,0,0,*
H,8,7,4,3,2.26,1.7,2.9,88.74,77,92,1004.16,1004,1005,160.78,84.4,197.9,23,0.36,204,0,0,0,0,0,0,*
H,9,7,4,3,3.89,2.8,4.8,18.67,9,73,1005,1005,1005,280.59,155.6,684.8,87,0.46,203,0,0,0,0.2,0,0.2,*
H,10,7,4,3,5.06,4.1,6.2,18.65,10,34,1005,1005,1005,309.2,100.8,746.3,114,0.73,203,0,0,0,0,0,0,*
H,11,7,4,3,4.15,2.9,5.7,26.74,9,40,1005,1005,1005,71.65,31.7,152.6,126,1.17,204,0,0,0,0,0,0,*
H,12,7,4,3,4.91,2.8,7,18.4,9,33,1005.34,1005,1006,729.09,152.3,968.3,164,0.6,203,0,0,0,0,0,0,*
H,13,7,4,3,5.38,4.3,6.8,16.84,9,27,1005.55,1005,1006,459.35,141.1,934,187,0.49,204,0,0,0,0,0,0,*
H,14,7,4,3,5.54,4.9,6.6,27.7,14,41,1005.21,1005,1006,346.41,184.9,876,153,0.38,203,0,0,0,0,0,0,*
H,15,7,4,3,6.01,5.5,6.6,50.29,39,75,1005.99,1005,1006,212.76,168.6,261.9,98,1.26,203,0,0,0,0,0,0,*
H,16,7,4,3,6.82,5.7,7.6,74.7,71,77,1005.99,1005,1006,414,152.5,621.1,359,0.62,204,0,0,0,0,0,0,*
H,17,7,4,3,6.95,6.7,7.2,76.47,73,78,1006,1006,1006,217.47,143.2,407.7,41,0.82,203,0,0,0,0,0,0,*
H,18,7,4,3,6.62,6,7.3,76.62,74,79,1006.74,1006,1007,143.54,38.9,274.6,76,0.41,203,0,0,0,0,0,0,*
H,19,7,4,3,5.68,5.1,6,71.85,68,74,1007.47,1007,1008,20.64,0,43,28,1.16,204,0,0,0,0,0,0,*
H,20,7,4,3,4.99,4.4,5.5,64.02,57,72,1008.51,1008,1009,3.4,1.9,4.7,285,0.52,203,0,0,0,0,0,0,*
H,21,7,4,3,3.44,2.4,4.6,63.31,55,68,1009.19,1009,1010,3.37,2.1,4.5,160,0.61,204,0,0,0,0,0,0,*
H,22,7,4,3,2.44,1.7,3.4,44.96,20,58,1010,1010,1010,3.62,2.6,5,247,0.43,203,0,0,0,0,0,0,*
H,23,7,4,3,1.79,1.3,2.1,15.82,9,31,1010.17,1010,1011,3.87,3,5,249,0.31,203,0,0,0,0,0,0,*
H,0,8,4,3,1.41,1.2,1.7,41.15,31,48,1010.99,1010,1011,4,3,4.7,247,0.28,204,0,0,0,0,0,0,-0.5,7.6,9,99,1004,1011,*
H,1,8,4,3,0.8,0.5,1.3,55.44,47,60,1011,1011,1011,4.2,3.3,5.4,261,0.31,203,0,0,0,0,0,0,*
H,2,8,4,3,0.44,0,0.7,63.52,60,69,1010.98,1010,1011,4.34,3,6,255,0.35,203,0,0,0,0,0,0,*
H,3,8,4,3,-0.25,-0.6,0.1,74.52,69,81,1011,1011,1011,4.42,3.7,5.4,259,0.22,204,0,0,0,0,0,0,*
H,4,8,4,3,-0.84,-1.1,-0.5,82.31,81,83,1011,1011,1011,4.39,3.3,5.7,259,0.31,203,0,0,0,0,0,0,*
H,5,8,4,3,-1.14,-1.5,-0.8,77.36,70,83,1011,1011,1011,4.44,3.3,5.7,260,0.36,204,0,0,0,0,0,0,*
H,6,8,4,3,-1.12,-1.4,-0.8,55.54,45,69,1011,1011,1011,5.79,0,43.3,258,0.34,203,0,0,0,0,0,0,*
H,7,8,4,3,-0.21,-1.4,1.5,43.91,17,57,1011,1011,1011,119.79,45,195.9,290,0.55,203,0,0,0,0,0,0,*
H,8,8,4,3,2.93,1.5,4.9,30.52,9,52,1011.41,1011,1012,254.24,50.9,366.4,5,0.69,203,0,0,0,0,0,0,*
H,9,8,4,3,4.67,4.2,5.5,59.85,51,65,1012,1012,1012,462.61,373,537,27,0.41,204,0,0,0,0,0,0,*
H,10,8,4,3,6.2,5.1,7.5,65.66,59,69,1012,1012,1012,612.93,539,664.2,46,1.2,203,0,0,0,0,0,0,*
H,11,8,4,3,7.87,7.1,8.8,71.33,66,75,1012,1012,1012,717.53,660.1,779.8,217,0.86,204,0,0,0,0,0,0,*
H,12,8,4,3,8.5,7.7,9.2,70.64,68,73,1011.93,1011,1012,791.67,773.7,808.9,218,0.64,203,0,0,0,0,0,0,*
H,13,8,4,3,9,8,9.9,70.64,68,72,1011,1011,1011,780.41,752.5,800,229,0.49,203,0,0,0,0,0,0,*
H,14,8,4,3,9.95,9,11.1,66.8,62,70,1010.43,1010,1012,733.85,690.9,773,222,0.58,203,0,0,0,0,0,0,*
H,15,8,4,3,10.77,10,11.5,63.26,61,66,1009.65,1009,1010,629.84,568.8,692.2,210,0.56,203,0,0,0,0,0,0,*
H,16,8,4,3,11.17,10.6,11.7,66.84,65,71,1009,1009,1009,500.82,414.8,566.4,209,0.46,203,0,0,0,0,0,0,*
H,17,8,4,3,11.18,10.7,11.8,69.74,68,72,1008.96,1008,1009,339.57,250,417.5,223,0.37,203,0,0,0,0,0,0,*
H,18,8,4,3,10.68,10.3,11.3,70.35,68,73,1008.85,1008,1009,154.91,68.7,250.3,222,0.35,203,0,0,0,0,0,0,*
H,19,8,4,3,9.62,8.7,10.3,66.88,65,69,1008.01,1008,1009,24.34,0,76.2,208,0.35,203,0,0,0,0,0,0,*
H,20,8,4,3,7.85,7.1,8.7,58.67,54,65,1008.35,1008,1009,2.92,1.6,4.4,149,0.24,203,0,0,0,0,0,0,*
H,21,8,4,3,6.35,5.6,7.1,51.83,48,54,1008.97,1008,1009,3.14,1.9,4,146,0.23,204,0,0,0,0,0,0,*
H,22,8,4,3,5.4,4.6,5.9,27.4,9,48,1009,1009,1009,3.31,1.9,4.7,122,1.39,203,0,0,0,0,0,0,*
H,23,8,4,3,4.88,4.6,5.1,33.32,9,45,1009,1009,1009,3.72,2.6,5,356,0.39,204,0,0,0,0,0,0,*
H,0,9,4,3,4.63,4,5.2,47.33,43,52,1009,1009,1009,3.82,2.6,4.7,1,0.37,203,0,0,0,0,0,0,-1.5,11.9,9,83,1008,1012,*
H,1,9,4,3,3.57,3.2,4.2,55.23,52,59,1008.67,1008,1009,3.92,3,5,3,0.25,203,0,0,0,0,0,0,*
H,2,9,4,3,3.07,2.7,3.4,57.34,56,58,1008,1008,1008,3.9,2.8,5,15,0.25,204,0,0,0,0,0,0,*
H,3,9,4,3,2.57,2.2,3,59.57,57,64,1007.46,1007,1008,3.96,2.8,5,19,0.29,204,0,0,0,0,0,0,*
H,4,9,4,3,2.15,2.1,2.2,65.97,64,67,1007,1007,1007,4.02,3.2,5.2,12,0.26,203,0,0,0,0,0,0,*
H,5,9,4,3,2.37,2,2.7,63.39,61,67,1007,1007,1007,3.98,2.8,5.2,27,0.35,204,0,0,0,0,0,0,*
H,6,9,4,3,2.46,2.4,2.6,61.1,61,62,1007,1007,1007,4.31,0.1,13.7,348,0.21,204,0,0,0,0,0,0,*
H,7,9,4,3,2.84,2.5,3.1,61.51,60,64,1007,1007,1007,65.52,14.8,140.6,306,0.86,203,0,0,0,0,0,0,*
H,8,9,4,3,4.41,3,5.5,52.82,34,64,1006.68,1006,1007,207.42,116.1,340.7,64,1.42,204,0,0,0,0,0,0,*
H,9,9,4,3,5.99,5.3,6.8,24.02,16,34,1006.02,1006,1007,364.59,259.2,484.6,27,0.38,204,0,0,0,0,0,0,*
H,10,9,4,3,7.03,6.4,8.4,18.28,14,21,1006,1006,1006,426.56,283.2,643.7,41,0.69,203,0,0,0,0,0,0,*
H,11,9,4,3,8.74,7.8,9.8,14.37,9,20,1006,1006,1006,687.2,550.6,749.7,137,1,204,0,0,0,0,0,0,*
H,12,9,4,3,9.73,8.8,10.6,21.86,12,33,1005.94,1005,1006,722.44,253.4,881.4,203,0.64,203,0,0,0,0,0,0,*
H,13,9,4,3,10.09,9.3,11.1,32.61,25,43,1005,1005,1006,677.33,259.2,836.6,225,0.49,204,0,0,0,0,0,0,*
H,14,9,4,3,11.17,10.1,12.4,47.58,41,51,1004.49,1004,1005,709.84,442.5,774,243,0.69,203,0,0,0,0,0,0,*
H,15,9,4,3,11.55,10.6,12.2,54.57,50,58,1003.7,1003,1004,618.23,225.3,683.4,216,0.6,203,0,0,0,0,0,0,*
H,16,9,4,3,11.87,11.4,12.6,53.62,51,55,1003,1003,1004,466.74,203.8,610.2,194,0.48,203,0,0,0,0,0,0,*
H,17,9,4,3,10.54,9.6,11.9,33.31,9,55,1003,1003,1003,149.93,83.7,416.8,176,0.53,204,0,0,0,0,0,0,*
H,18,9,4,3,9.11,8.7,9.6,12.3,9,20,1003,1003,1003,47.68,12.9,95.4,163,0.47,203,0,0,0,0,0,0,*
H,19,9,4,3,8.54,8.4,8.8,18.5,15,21,1003,1003,1003,3.66,0,14.2,161,0.4,204,0,0,0,0,0,0,*
H,20,9,4,3,8.42,8.3,8.6,18.39,16,22,1003.2,1003,1004,3.3,2.3,4.4,153,0.51,204,0,0,0,0,0,0,*
H,21,9,4,3,8.3,8,8.5,34.42,22,41,1004,1004,1004,3.29,1.9,4.4,74,1.11,204,0,0,0,0,0,0,*
H,22,9,4,3,7.79,7.6,8,38.45,36,41,1004,1004,1004,3.48,2.3,4.7,10,0.29,204,0,0,0,0,0,0,*
H,23,9,4,3,7.28,6.8,7.6,44.36,39,53,1003.8,1003,1004,3.57,2.3,4.4,10,0.33,203,0,0,0,0,0,0,*
H,0,10,4,3,6.44,6.2,6.8,64.47,53,73,1003.23,1003,1004,3.42,1.9,4.7,11,0.25,204,0,0,0,0,0,0,2,12.6,9,73,1003,1009,*
H,1,10,4,3,6.18,6,6.3,78.07,73,84,1003,1003,1003,3.55,2.3,4.4,9,0.31,203,0,0,0,0,0,0,*
H,2,10,4,3,5.93,5.8,6.1,84.49,84,87,1002.01,1002,1003,3.52,2.3,5,24,0.29,204,0,0,0,0,0,0,*
H,3,10,4,3,5.65,5.5,5.9,92.16,87,96,1002,1002,1002,3.6,2.6,4.7,16,0.29,204,0,0,0,0,0,0,*
H,3.33,10,4,3,5.48,5.4,5.6,97.07,96,98,1001.24,1001,1002,3.49,2.3,4.4,12,0.3,111,0,0,0,0,0,0,*
H,4,10,4,3,5.44,5.4,5.5,98.73,98,99,1001,1001,1001,3.55,2.6,4.7,33,0.3,91,0,0,0,0,0,0,*
H,5,10,4,3,5.57,5.4,5.7,99,99,99,1001,1001,1001,3.6,2.6,4.7,42,0.29,203,0,0,0,0.2,0,0.2,*
H,6,10,4,3,5.43,5.3,5.6,99,99,99,1000.99,1000,1001,2.78,0.2,4.7,36,0.28,204,0,0,0,0.4,0,0.4,*
H,7,10,4,3,5.43,5.3,5.6,99,99,99,1000.13,1000,1001,5.81,0,20.2,50,0.35,203,0,0,0,0.2,0,0.2,*
H,8,10,4,3,5.54,5.4,5.7,99,99,99,1000,1000,1000,19.64,9.8,36.5,48,0.31,204,0,0,0,0,0,0,*
H,9,10,4,3,5.64,5.5,5.9,99,99,99,1000,1000,1000,68.4,27.2,94.3,39,0.31,203,0,0,0,0.8,0,0.8,*
H,10,10,4,3,5.76,5.6,6,99,99,99,1000,1000,1000,61.48,47.5,82.3,28,0.32,204,0,0,0,2,0,2,*
H,11,10,4,3,5.71,5,6,99,99,99,999.67,999,1000,50.81,31,73.4,38,0.5,203,0,0,0,3.2,0,3.2,*
H,12,10,4,3,5.71,5.4,5.9,99,99,99,998.43,998,999,52.47,43,62.2,25,0.3,204,0,0,0,3.4,0,3.4,*
H,13,10,4,3,5.08,4.6,5.7,99,99,99,997.94,997,998,56.08,35.3,74,13,0.37,204,0,0,0,4.6,0,4.6,*
H,14,10,4,3,4.52,4.3,4.8,99,99,99,996.8,996,997,80.46,53.6,100.8,9,0.26,203,0,0,0,3,0,3,*
H,15,10,4,3,4.88,4.6,5.1,99,99,99,995.61,995,996,71.44,44.7,102.4,14,0.39,204,0,0,0,1.4,0,1.4,*
H,16,10,4,3,5.08,4.9,5.3,99,99,99,994.37,994,995,77.03,33.8,177.6,14,0.35,203,0,0,0,1.4,0,1.4,*
H,17,10,4,3,5.33,5.1,5.6,99,99,99,994,994,994,43.64,29.6,61.8,12,0.4,204,0,0,0,0.6,0,0.6,*
H,18,10,4,3,5.65,5.5,5.9,99,99,99,993.99,993,994,51.03,22.5,75.5,30,0.35,204,0,0,0,1,0,1,*
H,19,10,4,3,5.97,5.7,6.3,99,99,99,994,994,994,8.95,0,33.8,291,0.96,203,0,0,0,0,0,0,*
H,20,10,4,3,6.1,5.9,6.3,99,99,99,994.66,994,995,3.45,2.3,4.7,264,0.28,204,0,0,0,0,0,0,*
H,21,10,4,3,5.46,4.9,6,99,99,99,995.06,995,996,3.6,2.6,4.7,260,0.31,203,0,0,0,0,0,0,*
H,22,10,4,3,4.57,4.3,5,99,99,99,996,996,996,3.58,2.3,4.7,248,0.28,204,0,0,0,0,0,0,*
H,23,10,4,3,4.04,3.8,4.3,99,99,99,996.05,996,997,3.57,2.1,4.7,268,0.38,203,0,0,0,0,0,0,*
H,0,11,4,3,4.33,3.8,4.8,99,99,99,996.97,996,997,3.49,2.5,4.7,257,0.25,204,0,0,0,0,0,0,3.7,6.3,98,99,993,1001,*
H,1,11,4,3,4.77,4.7,5,99,99,99,997.08,997,998,3.62,2.8,4.4,213,0.54,203,0,0,0,0,0,0,*
H,2,11,4,3,4.71,4.6,4.9,99,99,99,997.99,997,998,3.65,2.3,4.7,155,0.34,204,0,0,0,0,0,0,*
H,3,11,4,3,4.82,4.7,5,99,99,99,998,998,998,3.62,2.3,4.4,180,0.54,204,0,0,0,0,0,0,*
H,4,11,4,3,4.98,4.8,5.2,99,99,99,998.55,998,999,3.55,2.3,4.7,347,0.84,204,0,0,0,0,0,0,*
H,5,11,4,3,4.68,4.3,5.1,99,99,99,999,999,999,3.6,2.3,4.7,140,0.53,203,0,0,0,0,0,0,*
H,6,11,4,3,4.61,4.3,4.9,99,99,99,999.96,999,1000,2.48,0,4.4,48,1.23,204,0,0,0,0,0,0,*
H,7,11,4,3,4.9,4.8,5.1,99,99,99,1000.94,1000,1001,13.38,0,71.4,72,0.77,204,0,0,0,0,0,0,*
H,8,11,4,3,5.38,5.1,5.8,99,99,99,1001.24,1001,1002,110.54,69.4,200,9,0.32,203,0,0,0,0,0,0,*
H,9,11,4,3,6.07,5.6,6.6,99,99,99,1002.32,1002,1003,155.98,82,232.8,53,0.67,204,0,0,0,0,0,0,*
H,10,11,4,3,6.71,6.3,7.2,99,99,99,1003.57,1003,1004,158.96,107,255.4,89,0.42,203,0,0,0,0,0,0,*
H,11,11,4,3,7.69,6.6,8.4,94.75,89,99,1004,1004,1004,362.71,173.3,774,55,0.45,203,0,0,0,0,0,0,*
H,12,11,4,3,9.21,8.2,10.2,80.95,76,90,1004,1004,1004,520.58,287.2,1001.1,58,0.76,203,0,0,0,0,0,0,*
H,13,11,4,3,10.45,9.3,11.6,68.57,57,78,1004.41,1004,1005,623,293.7,957.7,27,0.98,204,0,0,0,0,0,0,*
H,14,11,4,3,10.55,10,11,63.13,60,66,1004.97,1004,1005,338.9,247.2,844.8,43,0.61,203,0,0,0,0,0,0,*
H,15,11,4,3,11.05,10.6,11.6,62.74,60,66,1004.73,1004,1005,368.88,227.4,800.7,66,0.54,203,0,0,0,0,0,0,*
H,16,11,4,3,11.18,10.9,11.5,64.66,60,70,1004.99,1004,1005,217.19,98.1,546.4,68,0.5,203,0,0,0,0,0,0,*
H,17,11,4,3,10.94,10.6,11.3,75.82,70,79,1005,1005,1005,103.5,63.2,146,109,0.4,203,0,0,0,0,0,0,*
H,18,11,4,3,11.04,10.9,11.2,77.23,74,81,1005.57,1005,1006,96.68,80.3,116.9,111,0.34,203,0,0,0,0,0,0,*
H,19,11,4,3,10.69,10.2,11,82.41,78,88,1006,1006,1006,19.51,0,77.9,102,0.4,203,0,0,0,0,0,0,*
H,20,11,4,3,9.78,9.5,10.2,92.93,88,96,1006.67,1006,1007,3.14,1.9,4.7,99,0.5,204,0,0,0,0,0,0,*
H,21,11,4,3,9.56,9.4,9.7,94.61,93,96,1007,1007,1007,3.31,2.3,4.4,21,0.21,203,0,0,0,0,0,0,*
H,22,11,4,3,9.33,9.2,9.5,92.97,92,93,1007,1007,1007,3.3,2.3,4.4,22,0.3,203,0,0,0,0,0,0,*
H,23,11,4,3,9.23,9.1,9.4,90.36,89,92,1007,1007,1008,3.32,2.3,5,43,0.27,204,0,0,0,0,0,0,*
H,0,12,4,3,8.9,8.7,9.2,93.15,91,96,1007,1007,1007,3.4,2.3,4.4,62,0.27,203,0,0,0,0.2,0,0.2,4.3,11.7,57,99,997,1008,*
H,1,12,4,3,8.46,8.1,8.8,98.44,96,99,1007.08,1007,1008,3.34,2.3,4.4,19,0.24,203,0,0,0,0.8,0,0.8,*
H,2,12,4,3,8.05,8,8.2,99,99,99,1006.99,1006,1007,3.38,2.3,4.4,17,0.3,204,0,0,0,0.6,0,0.6,*
H,3,12,4,3,7.77,7.5,8,99,99,99,1006.41,1006,1007,3.36,2.3,4.4,36,0.66,204,0,0,0,2,0,2,*
H,4,12,4,3,7.49,7.4,7.6,99,99,99,1006,1006,1006,3.42,2.3,4.7,47,0.61,203,0,0,0,1.4,0,1.4,*
H,5,12,4,3,7.43,7.3,7.7,99,99,99,1005.98,1005,1006,3.37,2.3,4.7,76,0.77,204,0,0,0,1.8,0,1.8,*
H,6,12,4,3,7.33,7.2,7.5,99,99,99,1006,1006,1006,2.6,0.2,4.4,51,0.48,203,0,0,0,1.4,0,1.4,*
H,7,12,4,3,7.25,7.1,7.4,99,99,99,1005.91,1005,1006,7.81,0,27,61,0.71,203,0,0,0,1.4,0,1.4,*
H,8,12,4,3,7.35,7.2,7.5,99,99,99,1005.99,1005,1006,38.11,27.2,46.4,33,0.29,204,0,0,0,1.4,0,1.4,*
H,9,12,4,3,7.56,7.4,7.8,99,99,99,1006,1006,1006,59.99,22.1,84.8,40,0.31,203,0,0,0,2,0,2,*
H,10,12,4,3,7.82,7.7,7.9,99,99,99,1006,1006,1006,97.28,78.9,153.5,32,0.29,203,0,0,0,2.4,0,2.4,*
H,11,12,4,3,7.83,7.5,8.2,99,99,99,1006,1006,1006,179.62,53.3,288.6,22,0.36,204,0,0,0,1.8,0,1.8,*
H,12,12,4,3,8.6,8,9.2,98.78,96,99,1006,1006,1006,319.33,289.3,400.1,28,0.4,203,0,0,0,0,0,0,*
H,13,12,4,3,9.77,8.9,10.5,89.01,85,95,1006,1006,1006,545.68,409,673.8,27,0.35,203,0,0,0,0,0,0,*
H,14,12,4,3,10.33,10,10.8,83.36,81,87,1005.98,1005,1006,298.74,113.8,659.4,36,0.36,203,0,0,0,0,0,0,*
H,15,12,4,3,10.96,10.3,11.6,81.62,79,85,1005.99,1005,1006,361.39,149.7,947.8,43,0.42,203,0,0,0,0,0,0,*
H,16,12,4,3,11.2,10.9,11.7,82.26,81,84,1006,1006,1006,218.9,108.4,337.2,50,0.4,203,0,0,0,0,0,0,*
H,17,12,4,3,11.79,11.4,12.3,79.51,77,82,1006,1006,1006,233.17,122.4,352.2,20,0.55,203,0,0,0,0,0,0,*
H,18,12,4,3,11.39,11.1,11.7,83.81,81,86,1006.44,1006,1007,94.7,64.2,156.3,37,0.37,203,0,0,0,0,0,0,*
H,19,12,4,3,10.65,10.3,11.2,89.72,85,93,1007.22,1007,1008,21.35,0,64.9,33,0.32,203,0,0,0,0,0,0,*
H,20,12,4,3,10.23,10.1,10.4,92.47,91,93,1008.17,1008,1009,3.23,2.3,4,2,0.3,203,0,0,0,0,0,0,*
H,21,12,4,3,10.03,9.9,10.2,90.47,90,91,1009,1009,1009,3.33,1.9,4.4,2,0.22,204,0,0,0,0,0,0,*
H,22,12,4,3,9.81,9.8,9.9,91.81,91,92,1009,1009,1009,3.38,2.3,4.4,354,0.22,203,0,0,0,0,0,0,*
H,23,12,4,3,9.71,9.6,9.8,92.86,92,94,1009,1009,1009,3.36,2.3,4.4,343,0.2,203,0,0,0,0,0,0,*
H,0,13,4,3,9.44,9,9.7,95.32,94,98,1009.7,1009,1010,3.49,2.6,4.4,344,0.12,203,0,0,0,0,0,0,7.1,12.3,77,99,1005,1010,*
H,1,13,4,3,8.53,8.2,8.9,98.74,98,99,1010,1010,1010,3.44,2.3,4.4,1,0.18,203,0,0,0,0,0,0,*
H,2,13,4,3,8,7.6,8.3,99,99,99,1010,1010,1010,3.46,2.6,4.7,359,0.09,204,0,0,0,0,0,0,*
H,3,13,4,3,7.91,7.6,8.1,99,99,99,1010.1,1010,1011,3.51,2.6,4.7,355,0.08,204,0,0,0,0,0,0,*
H,4,13,4,3,7.88,7.7,8.1,99,99,99,1011,1011,1011,3.41,2.3,4.7,2,0.12,204,0,0,0,0,0,0,*
H,5,13,4,3,7.85,7.7,8,99,99,99,1011,1011,1011,3.38,2.6,4.4,2,0.12,203,0,0,0,0,0,0,*
H,6,13,4,3,7.74,7.5,7.9,99,99,99,1011.64,1011,1012,5.32,0,24.9,2,0.13,204,0,0,0,0,0,0,*
H,7,13,4,3,7.93,7.5,8.5,99,99,99,1012.53,1012,1013,59.54,25.9,79.3,334,0.45,204,0,0,0,0,0,0,*
H,8,13,4,3,9.05,8.4,9.8,99,99,99,1013,1013,1013,118.48,79.6,331,311,0.28,203,0,0,0,0,0,0,*
H,9,13,4,3,11.52,9.8,13.4,91.05,76,99,1013,1013,1013,382.72,110.1,580.1,279,0.52,203,0,0,0,0,0,0,*
H,10,13,4,3,14.79,13.4,16.1,42.4,10,76,1013,1013,1013,611.95,365.2,667.9,312,0.68,203,0,0,0,0,0,0,*
H,11,13,4,3,16.11,15.2,17,18.15,9,32,1013,1013,1013,710.16,666.5,747.9,246,1.07,203,0,0,0,0,0,0,*
H,12,13,4,3,17.28,16.5,18.1,34.04,28,38,1012.38,1012,1013,771.44,737.3,799.2,260,1.46,203,0,0,0,0,0,0,*
H,13,13,4,3,17.94,17.1,18.8,35.39,30,40,1012,1012,1012,758.4,735.6,802.6,215,1.16,203,0,0,0,0,0,0,*
H,14,13,4,3,18.62,17.8,19.4,37.83,34,42,1011.66,1011,1012,719.58,601.8,780.4,230,0.58,203,0,0,0,0,0,0,*
H,15,13,4,3,18.74,18.2,19.5,40.65,36,44,1011,1011,1011,623.99,493.3,690,216,0.67,203,0,0,0,0,0,0,*
H,16,13,4,3,18.96,18.4,19.5,44.92,40,48,1011,1011,1011,500.63,429,570.3,241,0.74,202,0,0,0,0,0,0,*
H,17,13,4,3,18.82,18.3,19.4,44.81,42,49,1010.99,1010,1011,344.1,249,430.7,235,0.48,203,0,0,0,0,0,0,*
H,18,13,4,3,18.12,17.5,19,36.74,31,44,1010.7,1010,1011,157.19,86.8,246.9,228,0.32,203,0,0,0,0,0,0,*
H,18.27,13,4,3,17.35,17.1,17.6,28.76,25,32,1010.3,1010,1011,56.86,30.3,86.5,233,0.24,91,0,0,0,0,0,0,*
H,19,13,4,3,16.49,15.8,17.1,18.65,13,25,1010.61,1010,1011,9.4,0.2,29.7,230,0.19,111,0,0,0,0,0,0,*
H,20,13,4,3,15.21,14.3,15.9,11.14,9,14,1011,1011,1011,3.16,1.3,4.4,243,0.13,203,0,0,0,0,0,0,*
H,21,13,4,3,13.7,12.9,14.3,22.72,12,37,1011.28,1011,1012,3.3,2.3,4.4,262,0.29,203,0,0,0,0,0,0,*
H,22,13,4,3,12.58,12.3,12.9,50.74,38,54,1011.19,1011,1012,3.44,2.6,4.4,302,0.14,203,0,0,0,0,0,0,*
H,23,13,4,3,12.28,11.8,12.7,57.68,54,60,1011.59,1011,1012,3.45,2.6,4.7,321,0.32,203,0,0,0,0,0,0,*
H,0,14,4,3,11.1,10.6,11.8,69.25,60,77,1012,1012,1012,3.44,2.6,4.4,11,0.34,204,0,0,0,0,0,0,10.6,17.1,9,77,1010,1012,*
H,1,14,4,3,10.88,10.3,11.3,76.11,73,79,1012,1012,1012,3.29,2.3,4.4,21,0.27,203,0,0,0,0,0,0,*
H,2,14,4,3,11.12,11,11.3,75.54,73,77,1012,1012,1012,3.39,2.6,4.4,26,0.3,203,0,0,0,0,0,0,*
H,3,14,4,3,11.31,11.1,11.4,75.83,74,77,1012,1012,1012,3.36,2.3,4.4,28,0.25,203,0,0,0,0,0,0,*
H,4,14,4,3,11.77,11.4,12.2,59.55,45,74,1012,1012,1012,3.29,2.3,4.4,35,0.27,204,0,0,0,0,0,0,*
H,5,14,4,3,10.83,10.4,11.7,55.11,48,58,1012,1012,1012,3.53,2.3,4.7,17,0.19,203,0,0,0,0,0,0,*
H,6,14,4,3,10.23,10,10.6,58.2,56,60,1012,1012,1012,8.35,0.2,31.7,6,0.13,203,0,0,0,0,0,0,*
H,7,14,4,3,10.65,10,11.4,56.02,52,60,1012.95,1012,1013,92.01,33.1,171,14,0.15,203,0,0,0,0,0,0,*
H,8,14,4,3,12.65,11.3,13.8,40.7,28,52,1013,1013,1013,238.39,116.2,333.8,15,0.29,204,0,0,0,0,0,0,*
H,9,14,4,3,14.48,13.7,15.1,16.41,9,29,1013,1013,1013,426.19,300.2,559.8,28,0.46,203,0,0,0,0,0,0,*
H,10,14,4,3,15.58,14.8,16.5,22.04,13,30,1013,1013,1013,595.87,357.4,657.9,40,0.4,203,0,0,0,0,0,0,*
H,11,14,4,3,16.49,15.5,17.3,33.65,18,47,1012.99,1012,1013,704.12,652.1,756.7,28,0.41,203,0,0,0,0,0,0,*
H,12,14,4,3,17.48,16.8,18.4,47.95,42,55,1012.3,1012,1013,776.17,745.5,796.5,46,0.57,203,0,0,0,0,0,0,*
H,13,14,4,3,18.35,17.9,19,54.3,50,59,1012,1012,1012,777.48,762.9,791,56,0.56,203,0,0,0,0,0,0,*
H,14,14,4,3,18.98,18.2,19.8,56.41,54,58,1011.42,1011,1012,738.06,701.7,770.5,83,0.68,203,0,0,0,0,0,0,*
H,15,14,4,3,19.45,18.9,20,55.8,54,58,1010.84,1010,1011,635.4,570.8,701.3,67,0.74,203,0,0,0,0,0,0,*
H,16,14,4,3,19.67,19.2,20.1,55.92,54,58,1010,1010,1010,490.25,419.9,570.9,80,0.57,203,0,0,0,0,0,0,*
H,17,14,4,3,19.63,19.4,20.1,54.84,53,56,1010,1010,1010,313.96,203.8,418.2,71,0.53,203,0,0,0,0,0,0,*
H,18,14,4,3,19.25,18.9,19.7,50.38,47,54,1010,1010,1010,132.02,61.1,221.1,85,0.43,204,0,0,0,0,0,0,*
H,19,14,4,3,17.84,16.9,18.9,35.9,22,47,1010.65,1010,1011,19.6,0,63.4,111,0.31,203,0,0,0,0,0,0,*
H,20,14,4,3,15.83,15.3,16.9,13.14,9,21,1011.83,1011,1012,3.06,1.3,4.1,101,0.29,203,0,0,0,0,0,0,*
H,20.35,14,4,3,14.98,14.7,15.3,10,9,11,1012.82,1012,1013,3.27,2.3,4.4,82,0.29,118,0,0,0,0,0,0,*
H,21,14,4,3,14.58,14.5,14.7,10.76,10,11,1013.09,1013,1014,3.24,2.3,4,72,0.31,84,0,0,0,0,0,0,*
H,22,14,4,3,14.41,14.3,14.6,11.56,10,13,1013.99,1013,1014,3.25,2.3,4,58,0.26,203,0,0,0,0,0,0,*
H,23,14,4,3,14.39,14.3,14.5,10.47,10,11,1014,1014,1014,3.28,2.3,4.4,44,0.25,204,0,0,0,0,0,0,*
H,0,15,4,3,14.16,14,14.4,14.67,11,19,1014.86,1014,1015,3.31,2.6,4.4,34,0.27,203,0,0,0,0,0,0,14,14.7,10,19,1013,1015,*
H,1,15,4,3,13.95,13.8,14.2,14.21,11,18,1015,1015,1015,3.3,2.3,4.4,30,0.31,203,0,0,0,0,0,0,*
H,2,15,4,3,13.81,13.2,14.2,13.54,9,25,1014.11,1014,1015,3.35,2.6,4.4,29,0.36,203,0,0,0,0,0,0,*
H,3,15,4,3,13.52,13.2,13.7,18.65,12,26,1014,1014,1015,3.3,2.6,4.4,22,0.29,204,0,0,0,0,0,0,*
H,4,15,4,3,13.47,13.3,13.7,13.24,12,17,1014,1014,1014,3.38,2.6,4.7,14,0.22,203,0,0,0,0,0,0,*
H,5,15,4,3,13.55,13.3,13.7,11.17,10,15,1014,1014,1014,3.35,2.3,4,41,0.26,203,0,0,0,0,0,0,*
H,6,15,4,3,13.39,13.2,13.6,12.95,11,18,1014,1014,1014,4.38,0,12.9,53,0.24,204,0,0,0,0,0,0,*
H,7,15,4,3,13.3,13,13.7,16.88,9,25,1014.37,1014,1015,36.9,11.8,58.4,42,0.31,203,0,0,0,0,0,0,*
H,8,15,4,3,13.7,13.6,14.1,9.91,9,12,1015,1015,1015,92.42,57.3,133.3,54,0.28,204,0,0,0,0,0,0,*
H,9,15,4,3,14.03,13.8,14.2,14.08,12,17,1015,1015,1015,102.87,72.4,134.3,73,0.34,203,0,0,0,0,0,0,*
H,10,15,4,3,13.94,13.8,14.3,11.92,10,14,1015,1015,1015,147.88,103.5,212,66,0.38,204,0,0,0,0,0,0,*
H,11,15,4,3,13.94,13.8,14.3,10.04,9,12,1015,1015,1015,97.68,67.6,160,24,0.41,203,0,0,0,0,0,0,*
H,12,15,4,3,15.5,14.1,17.1,20.06,9,38,1015,1015,1015,595.12,162.1,956.7,19,0.37,203,0,0,0,0,0,0,*
H,13,15,4,3,17.13,16.4,18.2,39.58,36,44,1014.71,1014,1015,604.09,317.1,950.1,44,0.45,203,0,0,0,0,0,0,*
H,14,15,4,3,18.11,17.1,19,38.75,35,43,1013.98,1013,1014,666.4,244.6,798.2,54,0.4,204,0,0,0,0,0,0,*
H,15,15,4,3,18.43,17.8,19.2,43.25,40,46,1013.79,1013,1014,622.67,301.7,745.5,73,0.43,203,0,0,0,0,0,0,*
H,16,15,4,3,17.18,16.7,18,33.28,27,43,1013.89,1013,1014,166.85,124.5,302.4,98,0.35,203,0,0,0,0,0,0,*
H,17,15,4,3,16.48,16,16.8,23.32,20,27,1014,1014,1014,116.67,97.8,143.2,99,0.32,203,0,0,0,0,0,0,*
H,18,15,4,3,16.07,15.9,16.2,16.9,13,23,1014,1014,1014,76.4,51.3,104.2,56,0.45,203,0,0,0,0,0,0,*
H,19,15,4,3,15.65,15.4,16,12.94,12,15,1014.01,1014,1015,11.05,0,49,32,0.3,204,0,0,0,0,0,0,*
H,20,15,4,3,15.01,14.6,15.4,9.98,9,12,1014.87,1014,1015,3.08,1.3,4.1,51,0.25,203,0,0,0,0,0,0,*
H,21,15,4,3,14.49,14.1,14.7,10.32,10,12,1015,1015,1015,3.27,2.3,4,57,0.28,204,0,0,0,0,0,0,*
H,22,15,4,3,13.96,13.7,14.1,17.68,13,24,1015.04,1015,1016,3.26,2.3,4,22,0.34,204,0,0,0,0,0,0,*
H,23,15,4,3,13.66,13.6,13.7,25.31,24,27,1016,1016,1016,3.36,2.3,4.4,14,0.19,203,0,0,0,0,0,0,*
H,0,16,4,3,13.54,13.3,13.7,26.7,25,28,1016,1016,1016,3.37,2.3,4,17,0.23,204,0,0,0,0,0,0,13,19.2,9,46,1013,1016,*
H,1,16,4,3,13.72,13.3,14,22.22,16,28,1015.02,1015,1016,3.34,2.3,4.4,20,0.34,202,0,0,0,0,0,0,*
H,2,16,4,3,13.63,13.2,14,17.36,12,23,1014.96,1014,1015,3.44,2.3,4.4,355,0.32,204,0,0,0,0,0,0,*
H,3,16,4,3,13.2,13.1,13.4,23.74,22,25,1014,1014,1014,3.39,2.3,4.4,7,0.16,203,0,0,0,0,0,0,*
H,4,16,4,3,12.73,12.1,13.1,25.59,23,31,1014,1014,1014,3.64,2.6,4.7,350,0.19,204,0,0,0,0,0,0,*
H,5,16,4,3,11.67,11,12.3,39.87,32,48,1013.39,1013,1014,3.48,2.6,4.4,338,0.3,203,0,0,0,0,0,0,*
H,6,16,4,3,10.86,10.6,11.3,52,48,55,1013.57,1013,1014,10.56,0,40.6,357,0.19,204,0,0,0,0,0,0,*
H,7,16,4,3,11.34,10.8,12,52.64,49,56,1014,1014,1014,99.11,41.3,171.9,24,0.55,203,0,0,0,0,0,0,*
H,8,16,4,3,13.58,12,14.9,35.86,17,49,1014.22,1014,1015,248.28,110.4,347.8,14,0.3,203,0,0,0,0,0,0,*
H,9,16,4,3,15.78,14.8,17.1,14.17,9,19,1014.16,1014,1015,440.39,325.6,520.4,36,0.64,203,0,0,0,0,0,0,*
H,10,16,4,3,17.44,16.4,18.5,24.94,13,38,1014.02,1014,1015,597.75,520.7,657.9,58,0.35,203,0,0,0,0,0,0,*
H,11,16,4,3,19.27,18.4,20.2,49.22,38,55,1014,1014,1014,694.78,651.8,745.8,62,0.4,203,0,0,0,0,0,0,*
H,12,16,4,3,19.95,19.2,21.1,54.26,51,58,1013.94,1013,1014,766.21,737.3,793.4,65,0.38,203,0,0,0,0,0,0,*
H,13,16,4,3,20.81,20.1,21.5,57.72,56,60,1013.07,1013,1014,765.89,737.6,794.1,86,0.49,203,0,0,0,0,0,0,*
H,14,16,4,3,21.31,20.4,21.8,59.86,58,62,1013,1013,1013,730.41,692.6,764.9,96,0.46,203,0,0,0,0,0,0,*
H,15,16,4,3,21.4,21.1,21.8,60.78,59,62,1012.99,1012,1013,630.3,562.6,697.1,105,0.41,203,0,0,0,0,0,0,*
H,16,16,4,3,21.52,21.1,22,61.49,60,63,1012.55,1012,1013,498.09,427.4,561.2,86,0.46,203,0,0,0,0,0,0,*
H,17,16,4,3,21.33,21,21.7,59.16,56,61,1012,1012,1012,338.83,253.9,425.4,102,0.36,203,0,0,0,0,0,0,*
H,18,16,4,3,20.85,20.3,21.4,55.03,52,58,1012,1012,1012,162.45,89.5,251.4,136,0.66,203,0,0,0,0,0,0,*
H,19,16,4,3,19.7,18.8,20.4,50.81,49,52,1012.06,1012,1013,33.86,0,89.5,164,0.24,204,0,0,0,0,0,0,*
H,20,16,4,3,17.8,16.4,18.8,42.91,32,50,1012.96,1012,1013,2.67,0.1,4,158,0.23,203,0,0,0,0,0,0,*
H,21,16,4,3,15.73,14.8,16.4,19.91,9,33,1013.01,1013,1014,3.42,2.3,4.4,208,0.71,203,0,0,0,0,0,0,*
H,22,16,4,3,14.48,13.6,15.6,15.37,9,28,1014,1014,1014,3.34,2.3,4.4,49,1.19,204,0,0,0,0,0,0,*
H,23,16,4,3,13.55,13.2,13.9,33.3,29,35,1014,1014,1014,3.4,2.5,4.4,7,0.13,204,0,0,0,0,0,0,*
H,0,17,4,3,13.65,13.5,13.8,18.7,11,29,1014,1014,1014,3.41,2.3,4.4,8,0.17,203,0,0,0,0,0,0,10.6,22,9,63,1012,1016,*
H,1,17,4,3,13.61,13.4,13.8,9.81,9,11,1014.02,1014,1015,3.49,2.3,4.7,10,0.12,203,0,0,0,0,0,0,*
H,2,17,4,3,13.4,13.2,13.7,9.87,9,11,1014,1014,1014,3.46,2.6,4.4,12,0.13,204,0,0,0,0,0,0,*
H,3,17,4,3,13.59,13.4,13.7,12.23,11,13,1014,1014,1014,3.37,2.3,4,12,0.13,203,0,0,0,0,0,0,*
H,4,17,4,3,13.54,13.4,13.8,10.79,10,12,1014,1014,1014,3.4,2.3,4.4,7,0.21,204,0,0,0,0,0,0,*
H,5,17,4,3,13.17,12.8,13.6,9.59,9,11,1014,1014,1014,3.44,2.6,4.4,15,0.18,203,0,0,0,0,0,0,*
H,6,17,4,3,12.74,12.6,12.9,9.5,9,10,1014,1014,1014,9.2,0,42.4,16,0.2,204,0,0,0,0,0,0,*
H,7,17,4,3,13.45,12.8,14.2,9.89,9,12,1014,1014,1014,100.59,45,176.4,15,0.19,203,0,0,0,0,0,0,*
H,8,17,4,3,15.03,14.2,15.8,19.83,13,30,1014,1014,1014,206.79,126.8,333.1,17,0.31,203,0,0,0,0,0,0,*
H,9,17,4,3,16.26,15.7,17.3,32.45,26,38,1014,1014,1014,378.63,160.9,511.8,23,0.42,203,0,0,0,0,0,0,*
H,10,17,4,3,17.63,16.9,18.7,36.99,29,47,1014,1014,1014,561,347.9,623,54,0.44,203,0,0,0,0,0,0,*
H,11,17,4,3,18.8,18.1,19.5,51.73,45,58,1013.99,1013,1014,675.85,526.8,740.7,59,0.4,203,0,0,0,0,0,0,*
H,12,17,4,3,19.59,19,20.3,58.7,56,61,1013.75,1013,1014,724.08,285.3,846.4,74,0.43,203,0,0,0,0,0,0,*
H,13,17,4,3,20.11,19.6,20.7,60.43,58,62,1013,1013,1013,763.28,351,814.6,65,0.49,203,0,0,0,0,0,0,*
H,14,17,4,3,20.29,19.6,20.8,61.4,60,63,1012.99,1012,1013,724.64,677.1,761.8,97,0.45,203,0,0,0,0,0,0,*
H,15,17,4,3,20.31,19.8,21,60.79,59,62,1012.56,1012,1013,615.42,548.4,680.1,109,0.41,203,0,0,0,0,0,0,*
H,16,17,4,3,20.33,19.9,20.8,61.54,60,63,1012,1012,1012,482.68,416.5,549.6,126,0.48,203,0,0,0,0,0,0,*
H,17,17,4,3,19.98,19.6,20.5,62.82,61,65,1012.6,1012,1013,325.72,166.6,416.4,120,0.41,203,0,0,0,0,0,0,*
H,18,17,4,3,19.21,18.7,19.7,62.28,60,64,1013,1013,1013,110.4,56.4,240.3,120,0.39,203,0,0,0,0,0,0,*
H,19,17,4,3,18.09,17.3,18.8,59.98,58,63,1013,1013,1013,19.93,0.2,69.4,102,0.55,203,0,0,0,0,0,0,*
H,20,17,4,3,16.54,15.6,17.6,57.58,52,61,1013.75,1013,1014,2.92,0,4.4,81,0.55,204,0,0,0,0,0,0,*
H,21,17,4,3,15.48,15,15.9,51.51,49,53,1014,1014,1014,3.28,2.3,4,51,0.32,203,0,0,0,0,0,0,*
H,22,17,4,3,14.52,13.8,15.1,45.69,40,50,1014,1014,1014,3.38,2.5,4.4,64,0.54,203,0,0,0,0,0,0,*
H,23,17,4,3,13.67,13.1,14.4,31.5,17,40,1014.07,1014,1015,3.33,2.5,4.4,28,0.74,204,0,0,0,0,0,0,*
H,0,18,4,3,13.15,12.6,13.6,16.29,12,20,1014,1014,1014,3.46,2.6,4.7,300,0.21,203,0,0,0,0,0,0,12.6,21.1,9,65,1012,1015,*
H,1,18,4,3,12.57,12.1,12.8,12.92,12,14,1013.98,1013,1014,3.5,2.6,4.4,322,0.25,202,0,0,0,0,0,0,*
H,2,18,4,3,11.63,11.1,12.5,10.31,9,14,1013,1013,1013,3.44,2.3,4.4,308,0.43,204,0,0,0,0,0,0,*
H,3,18,4,3,10.76,10.4,11.1,16.36,11,20,1012.23,1012,1013,3.44,2.3,4.4,309,0.17,203,0,0,0,0,0,0,*
H,4,18,4,3,9.99,9.4,10.7,26.53,20,34,1011.72,1011,1012,3.4,2.3,4.4,301,0.39,203,0,0,0,0,0,0,*
H,5,18,4,3,9.52,9,9.9,32.63,29,38,1011,1011,1011,3.41,2.6,4.4,310,0.32,204,0,0,0,0,0,0,*
H,6,18,4,3,8.94,8.8,9.1,41.33,38,45,1011,1011,1011,12.34,0.2,45.4,341,0.16,203,0,0,0,0,0,0,*
H,7,18,4,3,10.55,9.1,12,36.73,23,45,1010.62,1010,1011,115.48,45.4,196.9,343,0.2,203,0,0,0,0,0,0,*
H,8,18,4,3,14.05,12.1,15.8,15.83,9,25,1010.75,1010,1011,258.14,103.5,360.3,338,0.27,204,0,0,0,0,0,0,*
H,9,18,4,3,16.61,15.7,17.4,34.96,23,47,1010.42,1010,1011,447.26,337.1,527.2,273,0.51,203,0,0,0,0,0,0,*
H,10,18,4,3,17.76,16.7,18.7,52.65,46,56,1010,1010,1010,598.98,529.2,648.3,240,0.8,203,0,0,0,0,0,0,*
H,11,18,4,3,18.52,17.6,19.5,56.5,55,58,1009.15,1009,1010,699.2,650.4,744.7,239,0.64,203,0,0,0,0,0,0,*
H,12,18,4,3,19.08,18.2,19.9,56.52,55,58,1008.26,1008,1009,767.65,739.6,786.2,230,0.41,202,0,0,0,0,0,0,*
H,13,18,4,3,19.58,18.7,20.4,57.15,56,58,1007.14,1007,1008,759.54,734.9,785.8,239,0.45,203,0,0,0,0,0,0,*
H,14,18,4,3,20.05,19.2,20.8,57.65,55,59,1006.33,1006,1007,711.49,674.2,742,220,0.5,203,0,0,0,0,0,0,*
H,15,18,4,3,20.26,19.6,21.2,57.5,55,59,1005.37,1005,1006,604.78,550.3,672.1,196,0.5,203,0,0,0,0,0,0,*
H,16,18,4,3,20.26,19.8,20.8,57.61,56,59,1004.38,1004,1005,466.11,386,548.9,191,0.44,203,0,0,0,0,0,0,*
H,17,18,4,3,19.86,19.4,20.4,57.16,54,59,1004,1004,1004,311.16,232.1,385.6,185,0.49,203,0,0,0,0,0,0,*
H,18,18,4,3,19.06,18.5,19.5,57.76,55,61,1003.87,1003,1004,150.53,71.3,230.7,179,0.44,203,0,0,0,0,0,0,*
H,19,18,4,3,17.75,17.1,18.5,56.73,55,58,1003.71,1003,1004,23.45,0.9,70.1,175,0.38,203,0,0,0,0,0,0,*
H,20,18,4,3,16.74,16.5,17.1,53.24,52,55,1003.99,1003,1004,2.64,0,3.7,171,0.36,204,0,0,0,0,0,0,*
H,21,18,4,3,15.89,14.7,16.6,42.55,23,52,1004.56,1004,1005,3.26,2.6,4.4,90,0.36,203,0,0,0,0,0,0,*
H,22,18,4,3,14,13.6,14.7,13.62,10,24,1005,1005,1006,3.26,2.3,4.4,66,0.34,203,0,0,0,0,0,0,*
H,23,18,4,3,13.21,12.8,13.6,11.82,9,20,1005.21,1005,1006,3.26,2.3,4.4,46,0.4,204,0,0,0,0,0,0,*
H,0,19,4,3,12.58,12.4,12.9,26,18,29,1006,1006,1006,3.3,2.3,4,27,0.37,203,0,0,0,0,0,0,8.8,21.2,9,61,1003,1014,*
H,1,19,4,3,12.38,12.2,12.6,32.55,28,36,1005.46,1005,1006,3.28,2.3,4.7,40,0.33,203,0,0,0,0,0,0,*
H,2,19,4,3,12.3,12.1,12.5,39.87,36,42,1005.01,1005,1006,3.3,2.3,4.4,35,0.31,203,0,0,0,0,0,0,*
H,3,19,4,3,11.62,11.3,12.1,52.88,42,61,1005,1005,1005,3.32,1.9,4.4,30,0.31,204,0,0,0,0,0,0,*
H,4,19,4,3,11.38,11.2,11.5,56.71,53,61,1005,1005,1005,3.29,2.3,4.4,37,0.33,203,0,0,0,0,0,0,*
H,5,19,4,3,10.96,10.8,11.2,56.7,55,58,1004.98,1004,1005,3.32,2.3,4.4,28,0.31,203,0,0,0,0,0,0,*
H,6,19,4,3,10.64,10.4,10.8,55.4,54,57,1004.99,1004,1005,8.71,0,31.7,40,0.28,203,0,0,0,0,0,0,*
H,7,19,4,3,10.5,10.3,10.8,59.41,56,62,1004.92,1004,1005,114.56,32.7,186.3,31,0.34,203,0,0,0,0,0,0,*
H,8,19,4,3,11.4,10.7,12.1,48.98,41,57,1004.86,1004,1005,254.18,165.8,345,31,0.33,203,0,0,0,0,0,0,*
H,9,19,4,3,12.58,11.9,13.3,29.63,11,42,1004.99,1004,1005,411.9,267.4,572.9,37,0.4,203,0,0,0,0,0,0,*
H,10,19,4,3,13.32,13.1,13.7,13.46,11,19,1005,1005,1005,333.19,267.8,581.8,34,0.39,204,0,0,0,0,0,0,*
H,11,19,4,3,13.73,13.4,14.1,10.11,9,12,1005.2,1005,1006,326.62,110.4,441.4,49,0.37,203,0,0,0,0,0,0,*
H,12,19,4,3,13.82,13.6,14.2,14.84,10,21,1005.29,1005,1006,181.15,91.9,326.4,44,0.39,203,0,0,0,0,0,0,*
H,13,19,4,3,13.31,13,13.9,35.66,18,46,1006,1006,1006,73.17,50.6,113.8,36,0.33,203,0,0,0,0,0,0,*
H,14,19,4,3,13.15,13,13.3,39.75,35,44,1006,1006,1006,63.11,52.6,73.4,25,0.33,203,0,0,0,0,0,0,*
H,15,19,4,3,12.66,12.2,13.2,42.01,35,48,1006.11,1006,1007,85.56,53.3,161.7,12,0.26,203,0,0,0,0,0,0,*
H,16,19,4,3,11.83,11.6,12.4,56.85,47,61,1006.12,1006,1007,128.79,108.4,178.1,9,0.27,203,0,0,0,0.2,0,0.2,*
H,17,19,4,3,11.57,11.4,11.8,58.61,56,60,1006.08,1006,1007,63.96,36.8,107,5,0.27,203,0,0,0,0,0,0,*
H,18,19,4,3,11.56,11.4,11.7,53.93,52,58,1006,1006,1006,53.13,30.7,80.7,6,0.32,203,0,0,0,0,0,0,*
H,19,19,4,3,11.35,10.9,11.7,55.42,53,59,1006.88,1006,1007,19.6,0.9,37.2,9,0.25,203,0,0,0,0,0,0,*
H,20,19,4,3,10.35,9.9,10.9,63.02,59,68,1007,1007,1007,2.89,0,4,10,0.18,204,0,0,0,0,0,0,*
H,21,19,4,3,9.71,9.5,9.9,70.25,68,72,1007,1007,1007,3.38,2.6,4.4,0,0.25,203,0,0,0,0,0,0,*
H,22,19,4,3,10.01,9.5,10.2,67.26,65,71,1007.38,1007,1008,3.32,2.3,4,338,0.26,203,0,0,0,0,0,0,*
H,23,19,4,3,10.06,9.8,10.2,63.75,63,65,1007.73,1007,1008,3.48,2.6,4.7,339,0.31,204,0,0,0,0,0,0,*
H,0,20,4,3,10.02,9.8,10.1,61.75,61,64,1007.1,1007,1008,3.41,2.6,4.4,351,0.24,203,0,0,0,0,0,0,9.5,14.2,9,72,1004,1008,*
H,1,20,4,3,9.81,9.5,10.1,59.83,59,61,1007,1007,1007,3.47,2.6,4.4,352,0.19,203,0,0,0,0,0,0,*
H,2,20,4,3,9.5,9.2,9.7,59.41,59,60,1007,1007,1007,3.4,2.3,4.4,1,0.26,203,0,0,0,0,0,0,*
H,3,20,4,3,9.03,8.8,9.3,62.16,60,63,1007,1007,1007,3.42,2.6,4.7,25,0.29,204,0,0,0,0,0,0,*
H,4,20,4,3,8.86,8.7,9,64.98,63,66,1007,1007,1007,3.39,2.6,4.4,34,0.46,203,0,0,0,0,0,0,*
H,5,20,4,3,9,8.7,9.4,64.83,63,66,1007,1007,1007,3.3,2.3,4,22,0.13,204,0,0,0,0,0,0,*
H,6,20,4,3,9.28,9.2,9.5,63.15,63,64,1007,1007,1007,8.01,0,30.7,14,0.15,203,0,0,0,0,0,0,*
H,7,20,4,3,10.03,9.5,10.6,62.76,61,64,1007,1007,1007,42.99,31,70,15,0.2,203,0,0,0,0,0,0,*
H,8,20,4,3,10.98,10.6,11.4,58.26,56,61,1007.97,1007,1008,88.1,54,124.8,9,0.18,204,0,0,0,0,0,0,*
H,9,20,4,3,12.17,11.4,12.8,58.27,54,61,1008,1008,1008,114.21,69.4,137.1,18,0.29,203,0,0,0,0,0,0,*
H,10,20,4,3,12.87,12.7,13.1,49.61,46,54,1008.4,1008,1009,110.52,65.3,174.7,41,0.42,203,0,0,0,0,0,0,*
H,11,20,4,3,13.39,12.9,14.2,45.47,34,52,1009,1009,1009,216.1,97.1,454.5,79,1.33,203,0,0,0,0,0,0,*
H,12,20,4,3,14.68,14.1,15.1,23.41,15,37,1009,1009,1009,399.07,144.6,758.6,282,0.85,203,0,0,0,0,0,0,*
H,13,20,4,3,15.07,14.6,16.1,10.46,9,16,1008.51,1008,1009,398.67,144.6,801.9,348,0.42,203,0,0,0,0,0,0,*
H,14,20,4,3,15.27,15,15.6,11.04,9,20,1008.2,1008,1009,203.15,110.1,357.1,355,0.33,203,0,0,0,0,0,0,*
H,15,20,4,3,15.21,14.9,15.7,21.52,10,31,1007.86,1007,1008,267.99,164.5,443,16,0.34,203,0,0,0,0,0,0,*
H,16,20,4,3,15.54,15.4,15.8,11,10,13,1007,1007,1007,170.37,76.5,536.1,6,0.24,203,0,0,0,0,0,0,*
H,17,20,4,3,15.47,15.4,15.5,11.22,10,12,1007,1007,1007,84.71,73.4,98.8,8,0.27,204,0,0,0,0,0,0,*
H,18,20,4,3,15.66,15.5,15.8,9.43,9,11,1007,1007,1007,96.59,57.4,121.7,14,0.3,203,0,0,0,0,0,0,*
H,19,20,4,3,14.86,14.2,15.6,16.14,10,24,1007,1007,1007,18.16,0,55.7,13,0.23,203,0,0,0,0,0,0,*
H,20,20,4,3,13.33,12.7,14.3,35.6,24,45,1007,1007,1007,2.84,0.2,4.1,180,0.4,203,0,0,0,0,0,0,*
H,21,20,4,3,12.22,12,12.7,51.48,45,56,1007,1007,1007,3.2,2.3,4,196,0.12,204,0,0,0,0,0,0,*
H,22,20,4,3,11.73,11.3,12.3,59.31,54,66,1007,1007,1007,3.2,1.9,4,222,0.03,203,0,0,0,0,0,0,*
H,23,20,4,3,11.11,10.9,11.3,70.61,66,73,1007,1007,1007,3.31,2.3,4.4,28,0.46,203,0,0,0,0,0,0,*
H,0,21,4,3,11.25,11,11.5,71.74,70,77,1007,1007,1007,3.25,2.3,4.4,43,1.01,204,0,0,0,0,0,0,8.7,16.1,9,77,1007,1009,*
H,1,21,4,3,11.08,11,11.2,80.68,77,82,1007,1007,1007,3.27,2.6,4.4,74,0.68,203,0,0,0,0,0,0,*
H,2,21,4,3,11.06,10.9,11.2,80.16,79,82,1006.13,1006,1007,3.3,2.6,4.4,30,0.34,203,0,0,0,0,0,0,*
H,3,21,4,3,10.97,10.8,11.2,82.4,80,84,1006,1006,1006,3.33,2.3,4.4,336,1.08,203,0,0,0,0,0,0,*
H,4,21,4,3,10.74,10.5,11,82.9,81,86,1005.99,1005,1006,3.26,2.3,4.4,11,0.29,204,0,0,0,0,0,0,*
H,5,21,4,3,10.91,10.8,11.1,79.28,78,81,1006,1006,1006,3.35,2.3,4,351,0.26,203,0,0,0,0,0,0,*
H,6,21,4,3,11.13,10.9,11.3,77.42,76,81,1006,1006,1006,2.04,0,4.4,342,0.48,203,0,0,0,0,0,0,*
H,7,21,4,3,10.94,10.4,11.5,81.49,78,86,1006,1006,1006,24.39,4.7,42.6,348,0.74,203,0,0,0,0.2,0,0.2,*
H,8,21,4,3,11.22,11,11.6,84.33,78,87,1006.32,1006,1007,67.03,42.6,104.9,129,0.52,204,0,0,0,0.2,0,0.2,*
H,9,21,4,3,11.56,11.2,12,88.04,87,90,1007,1007,1007,101.56,85.1,120,2,0.37,203,0,0,0,0,0,0,*
H,10,21,4,3,12.28,11.8,13.1,79.85,75,87,1006.8,1006,1007,134.45,100.5,228.4,357,0.27,203,0,0,0,0,0,0,*
H,11,21,4,3,13.98,12.9,15.5,70.08,54,77,1006,1006,1006,338.93,229.1,496.2,331,0.34,202,0,0,0,0,0,0,*
H,12,21,4,3,15.61,15.3,16,22.35,10,53,1006,1006,1006,311.46,230.9,508.5,350,0.39,203,0,0,0,0,0,0,*
H,13,21,4,3,15.91,15.4,16.5,15.2,9,29,1005.97,1005,1006,385.62,307.9,478.9,351,0.45,203,0,0,0,0,0,0,*
H,14,21,4,3,16.41,16.2,16.7,10.26,9,12,1005.98,1005,1006,273.33,156.3,322.6,7,0.46,204,0,0,0,0,0,0,*
H,15,21,4,3,15.87,15,16.5,15.03,9,36,1005.8,1005,1006,93.91,41.7,157,100,1.17,203,0,0,0,0,0,0,*
H,16,21,4,3,15.32,15.1,15.6,31.23,24,37,1006,1006,1006,98.55,48.8,162.1,159,0.42,203,0,0,0,0,0,0,*
H,17,21,4,3,14.94,14.1,15.4,22.97,11,42,1006,1006,1006,73.23,60.8,85.1,164,0.4,203,0,0,0,0,0,0,*
H,18,21,4,3,13.68,13.3,14.2,54.25,42,64,1006,1006,1006,43.72,13.4,72.8,173,0.42,203,0,0,0,0,0,0,*
H,19,21,4,3,13.29,13.1,13.4,69.76,64,72,1006,1006,1006,5,0.1,12.9,218,0.63,203,0,0,0,0,0,0,*
H,20,21,4,3,12.94,12.8,13.2,74.89,72,78,1006,1006,1006,3.03,1.1,4.4,229,0.27,203,0,0,0,0,0,0,*
H,21,21,4,3,12.56,12.3,12.8,76.67,75,79,1006,1006,1006,3.24,2.3,4.4,225,0.18,203,0,0,0,0,0,0,*
H,22,21,4,3,12.22,12,12.3,76.43,75,79,1006,1006,1006,3.24,2.6,4,224,0.22,203,0,0,0,0,0,0,*
H,22.55,21,4,3,11.88,11.7,12,81.47,79,83,1006,1006,1006,3.33,2.3,4.4,224,0.22,186,0,0,0,0,0,0,*
H,23,21,4,3,11.7,11.7,11.7,83.56,83,84,1006,1006,1006,3.36,2.6,4,242,0.11,16,0,0,0,0,0,0,*
H,0,22,4,3,11.51,11.2,11.7,85.55,84,88,1005.12,1005,1006,3.37,2.3,4.4,253,0.17,203,0,0,0,0,0,0,11.2,11.7,83,88,1005,1006,*
H,1,22,4,3,10.73,10.2,11.2,89.84,88,91,1005,1005,1005,3.34,2.6,4,239,0.41,203,0,0,0,0,0,0,*
H,2,22,4,3,9.85,9.1,10.2,92.9,91,95,1004.27,1004,1005,3.35,2.3,4.4,284,0.64,203,0,0,0,0,0,0,*
H,3,22,4,3,9.16,9,9.3,95.26,94,96,1004,1004,1004,3.43,2.3,4.4,309,0.41,203,0,0,0,0,0,0,*
H,4,22,4,3,9.11,9,9.3,97.75,95,99,1004,1004,1004,3.41,2.6,4.4,358,0.17,204,0,0,0,0,0,0,*
H,5,22,4,3,8.84,8.6,9.2,98.7,98,99,1004,1004,1004,3.4,2.3,4.4,3,0.13,204,0,0,0,0,0,0,*
H,6,22,4,3,7.9,7.6,8.6,98.69,98,99,1004,1004,1004,16.2,0,52.9,314,0.41,203,0,0,0,0,0,0,*
H,7,22,4,3,9.42,7.9,11.1,97,91,99,1004,1004,1004,123.51,54,205.1,354,0.15,203,0,0,0,0,0,0,*
H,8,22,4,3,12.27,11.1,13.6,81.16,72,91,1004.79,1004,1005,264.46,124.4,374.4,51,0.75,203,0,0,0,0,0,0,*
H,9,22,4,3,14.42,13.2,15.7,53.1,26,72,1005,1005,1005,455.56,355,545.6,306,0.71,203,0,0,0,0,0,0,*
H,10,22,4,3,16.39,15.4,17.9,16,9,31,1005,1005,1005,604.17,545.6,656.2,307,1.12,203,0,0,0,0,0,0,*
H,11,22,4,3,18.07,17.3,19.1,27.59,10,41,1004.73,1004,1005,701.11,658.6,754.6,330,1.11,203,0,0,0,0,0,0,*
H,12,22,4,3,19.46,18.5,20.5,50.35,41,57,1004,1004,1004,760.55,747.8,778.9,154,0.94,203,0,0,0,0,0,0,*
H,13,22,4,3,20.37,19.8,21.1,55.44,52,58,1003.19,1003,1004,738.25,604.7,764.9,224,0.99,203,0,0,0,0,0,0,*
H,14,22,4,3,20.83,20,21.7,58.69,56,61,1002.73,1002,1003,722.29,682.7,762.5,232,0.92,203,0,0,0,0,0,0,*
H,15,22,4,3,20.96,20.5,21.8,59.87,58,61,1002,1002,1002,526.26,216.6,683.4,230,0.98,203,0,0,0,0,0,0,*
H,16,22,4,3,20.76,20.3,21.4,59.08,56,61,1002,1002,1002,282.57,212.5,526.7,252,0.73,203,0,0,0,0,0,0,*
H,17,22,4,3,18.95,17.8,20.9,45.6,32,58,1002,1002,1002,215.94,117.3,298.3,342,0.64,203,0,0,0,0,0,0,*
H,18,22,4,3,18.18,17.9,18.5,41.24,32,47,1001.99,1001,1002,61.02,44.4,132.3,357,0.29,203,0,0,0,0,0,0,*
H,19,22,4,3,16.68,16,18,21.56,9,44,1002,1002,1002,19.48,0.9,46.1,355,0.23,204,0,0,0,0,0,0,*
H,20,22,4,3,15.32,14.8,16,13.61,9,19,1002,1002,1002,2.76,0,4.4,349,0.29,203,0,0,0,0,0,0,*
H,21,22,4,3,14.51,14.2,14.9,21.68,19,23,1002,1002,1002,3.42,2.5,4.4,349,0.22,203,0,0,0,0,0,0,*
H,22,22,4,3,13.95,13.2,14.5,23.45,20,29,1002,1002,1003,3.48,2.6,4.7,12,0.27,203,0,0,0,0,0,0,*
H,23,22,4,3,13.29,12.5,13.7,31.62,29,37,1002.09,1002,1003,3.44,2.6,4.4,355,0.23,204,0,0,0,0,0,0,*
H,0,23,4,3,12.46,12.1,12.8,45.75,38,53,1002.86,1002,1003,3.28,1.9,4,285,0.92,203,0,0,0,0,0,0,7.6,21.8,9,99,1001,1005,*
H,1,23,4,3,11.91,11.5,12.5,57.92,53,62,1002.8,1002,1003,3.31,2.3,4.4,266,0.17,203,0,0,0,0,0,0,*
H,2,23,4,3,11.66,11.4,11.9,64.57,61,67,1002,1002,1002,3.28,2.3,4,302,0.32,203,0,0,0,0,0,0,*
H,3,23,4,3,11.45,11.2,11.6,69.03,67,71,1002,1002,1002,3.36,2.6,4.4,324,0.48,203,0,0,0,0,0,0,*
H,4,23,4,3,11.38,11.2,11.7,70.32,68,72,1002,1002,1002,3.4,2.3,4.4,339,0.6,203,0,0,0,0,0,0,*
H,5,23,4,3,11.37,11.2,11.7,70.4,69,72,1002,1002,1002,3.28,2.3,4.7,15,0.2,204,0,0,0,0,0,0,*
H,6,23,4,3,11.14,11,11.2,72.08,72,73,1002,1002,1002,13.24,0.2,31,6,0.15,203,0,0,0,0,0,0,*
H,7,23,4,3,11.19,10.9,11.4,72.71,72,74,1002.58,1002,1003,48.33,27.2,62.2,45,0.44,203,0,0,0,0,0,0,*
H,8,23,4,3,12.45,11.3,13.6,67.29,60,75,1003,1003,1003,126.47,62.5,180.9,21,0.46,203,0,0,0,0,0,0,*
H,9,23,4,3,14.3,13.6,14.9,47.18,32,59,1003,1003,1003,197.22,163.7,257,0,0.3,203,0,0,0,0,0,0,*
H,10,23,4,3,16.17,14.7,18,22.07,9,37,1003,1003,1003,542.48,209.1,681.9,63,0.96,203,0,0,0,0,0,0,*
H,11,23,4,3,18.65,17.6,19.8,19.93,9,34,1002.93,1002,1003,710.93,676,750.2,145,1.09,203,0,0,0,0,0,0,*
H,12,23,4,3,19.81,18.7,20.6,42.71,32,48,1002,1002,1002,763.87,738.2,793.3,140,1,203,0,0,0,0,0,0,*
H,13,23,4,3,20.84,19.8,21.8,48.98,43,53,1001.67,1001,1002,765.34,737.5,800.8,202,0.93,203,0,0,0,0,0,0,*
H,14,23,4,3,21.26,20.5,22.2,51.49,48,53,1001,1001,1001,630.09,260.4,805.6,256,1.08,203,0,0,0,0,0,0,*
H,15,23,4,3,21.76,21,22.6,51.66,48,55,1000.25,1000,1001,642.49,458.1,728.3,246,0.66,203,0,0,0,0,0,0,*
H,16,23,4,3,21.88,21.3,22.7,53.72,49,57,1000,1000,1000,404.4,176.1,589.7,243,0.54,203,0,0,0,0,0,0,*
H,17,23,4,3,21.63,21,22.3,51.94,49,54,1000,1000,1000,242.88,88.9,421.9,239,0.41,203,0,0,0,0,0,0,*
H,18,23,4,3,21.22,20.7,21.6,47.49,44,49,1000,1000,1000,143.52,87.5,214.2,252,0.6,203,0,0,0,0,0,0,*
H,19,23,4,3,19.23,18.2,20.7,36.9,27,44,1000,1000,1000,39.41,4,89.2,180,0.41,203,0,0,0,0,0,0,*
H,20,23,4,3,17.19,16.5,18.2,15.42,9,26,1000.7,1000,1001,2.65,0,5.1,168,0.36,203,0,0,0,0,0,0,*
H,21,23,4,3,15.78,14.8,16.5,21.94,10,37,1001,1001,1001,3.2,2.3,4.4,131,0.68,203,0,0,0,0,0,0,*
H,22,23,4,3,14.5,14,14.8,42.95,38,46,1001.84,1001,1002,3.36,2.6,4.4,321,1.37,203,0,0,0,0,0,0,*
H,23,23,4,3,13.35,12.8,13.9,53.63,46,60,1002,1002,1002,3.39,2.3,4.7,42,0.21,204,0,0,0,0,0,0,*
H,0,24,4,3,12.46,12.1,12.9,64.48,60,67,1002.44,1002,1003,3.26,2.3,4.4,36,0.35,203,0,0,0,0,0,0,10.9,22.8,9,75,1000,1003,*
H,1,24,4,3,11.63,11.4,12,71.64,67,81,1003,1003,1003,3.4,2.3,4.4,15,0.22,203,0,0,0,0,0,0,*
H,2,24,4,3,11.6,11.5,11.7,85.01,81,86,1003,1003,1003,3.33,2.3,4.4,17,0.28,203,0,0,0,0,0,0,*
H,3,24,4,3,11.26,10.9,11.6,84.74,84,86,1003,1003,1003,3.33,2.3,4.4,22,0.32,204,0,0,0,0,0,0,*
H,4,24,4,3,10.9,10.6,11.2,85.55,84,87,1003,1003,1004,3.37,2.6,4.4,18,0.28,203,0,0,0,0,0,0,*
H,5,24,4,3,10.41,10.2,10.6,81.61,79,84,1003.39,1003,1004,3.3,1.9,4,19,0.27,203,0,0,0,0,0,0,*
H,6,24,4,3,10.56,10.2,11.2,75.01,70,79,1004,1004,1004,18.93,0,61.1,27,0.25,204,0,0,0,0,0,0,*
H,7,24,4,3,11.78,11.2,12.9,67.01,64,69,1004.66,1004,1005,133.22,61.8,223.3,19,0.3,203,0,0,0,0,0,0,*
H,8,24,4,3,14.47,12.9,15.8,49.64,29,64,1005.33,1005,1006,277.56,112.1,397.2,37,0.43,203,0,0,0,0,0,0,*
H,9,24,4,3,16.68,15.7,17.4,18.42,9,33,1006,1006,1006,473.03,372.7,564.8,95,0.54,203,0,0,0,0,0,0,*
H,10,24,4,3,17.47,16.8,18.1,9.93,9,11,1006.51,1006,1007,620.35,556.6,670.5,122,0.49,203,0,0,0,0,0,0,*
H,11,24,4,3,18.16,17.4,18.8,10.76,9,16,1007,1007,1007,712.08,669.2,760.5,146,0.5,203,0,0,0,0,0,0,*
H,12,24,4,3,18.76,18,19.5,12.59,9,16,1007,1007,1007,782.55,757.4,799.8,153,0.67,203,0,0,0,0,0,0,*
H,13,24,4,3,19.1,18.5,20.1,15.18,12,21,1007,1007,1007,780.18,765.2,794.7,175,0.65,203,0,0,0,0,0,0,*
H,14,24,4,3,19.25,18.8,20.3,22.21,15,31,1007,1007,1007,743.38,701.6,774.5,169,0.6,203,0,0,0,0,0,0,*
H,15,24,4,3,19.29,18.7,20.1,24.45,18,31,1007,1007,1007,644.22,584.8,702.6,175,0.63,203,0,0,0,0,0,0,*
H,16,24,4,3,19.21,18.6,19.8,24.76,17,30,1006.9,1006,1007,513.1,438.7,584.2,168,0.65,203,0,0,0,0,0,0,*
H,17,24,4,3,19.55,19.1,19.9,29.89,24,33,1006.71,1006,1007,353.94,264.8,437.4,178,0.59,203,0,0,0,0,0,0,*
H,18,24,4,3,19.22,18.8,19.6,33.24,31,35,1007,1007,1007,176.25,99.5,267.5,148,0.67,203,0,0,0,0,0,0,*
H,19,24,4,3,18.12,17.2,18.9,23.17,13,32,1007.14,1007,1008,35.93,2.8,99.5,110,0.17,203,0,0,0,0,0,0,*
H,20,24,4,3,16.34,15.5,17.2,13.28,9,22,1008,1008,1008,2.5,0,4,110,0.17,203,0,0,0,0,0,0,*
H,21,24,4,3,14.89,14.3,15.5,31.35,22,42,1008.62,1008,1009,3.17,2.3,4.4,116,0.2,203,0,0,0,0,0,0,*
H,22,24,4,3,13.88,13.4,14.4,52.47,43,60,1009,1009,1009,3.27,2,4.4,79,0.9,204,0,0,0,0,0,0,*
H,23,24,4,3,13.69,13.4,13.8,58.51,55,61,1009.64,1009,1010,3.29,2.1,4.4,4,0.25,203,0,0,0,0,0,0,*
H,0,25,4,3,13.76,13.6,14,56.86,55,59,1010,1010,1010,3.26,2.5,4.4,70,0.4,203,0,0,0,0,0,0,10.2,20.3,9,87,1003,1010,*
H,1,25,4,3,13.59,13.3,13.8,57.2,56,60,1010.24,1010,1011,3.31,2.5,4.1,37,0.3,203,0,0,0,0,0,0,*
H,2,25,4,3,12.95,12.5,13.4,61.76,56,64,1011,1011,1011,3.36,2.5,4.4,13,0.25,203,0,0,0,0,0,0,*
H,3,25,4,3,12.04,11.6,12.5,66.47,64,70,1010.58,1010,1011,3.4,2.3,4.7,15,0.22,204,0,0,0,0,0,0,*
H,4,25,4,3,11.28,11.1,11.6,72.8,70,74,1010,1010,1010,3.38,2.3,4.7,18,0.25,203,0,0,0,0,0,0,*
H,5,25,4,3,11.2,10.9,11.3,74.89,73,77,1010,1010,1010,3.3,1.9,4,13,0.2,203,0,0,0,0,0,0,*
H,6,25,4,3,11.04,10.9,11.4,76.54,76,77,1010.25,1010,1011,16.69,0,51.2,24,0.3,204,0,0,0,0,0,0,*
H,7,25,4,3,12.01,11.4,12.6,73.28,70,76,1011,1011,1011,86.7,50.2,180.9,4,0.26,203,0,0,0,0,0,0,*
H,8,25,4,3,13.8,12.6,14.9,62.49,51,71,1011,1011,1011,260.83,132.6,388.6,21,0.38,203,0,0,0,0,0,0,*
H,9,25,4,3,16,14.9,16.9,36.64,22,52,1011.22,1011,1012,450.27,375.3,530.2,53,0.61,203,0,0,0,0,0,0,*
H,10,25,4,3,17.46,16.7,18.6,15.31,9,23,1011.68,1011,1012,610.08,532.3,654,42,0.7,203,0,0,0,0,0,0,*
H,11,25,4,3,19.16,18.2,20.4,31.62,13,50,1011.36,1011,1012,701.04,639.6,762.8,130,1.16,203,0,0,0,0,0,0,*
H,12,25,4,3,20.27,19.5,21.7,51.24,46,55,1010.92,1010,1011,776.8,732.7,808,155,1.16,203,0,0,0,0,0,0,*
H,13,25,4,3,21.25,20.3,22.1,55.49,53,58,1010,1010,1010,770.46,683.4,806.3,187,0.83,203,0,0,0,0,0,0,*
H,14,25,4,3,21.64,21.1,22.6,54.62,51,59,1010,1010,1010,714.91,555.8,785.7,190,0.56,202,0,0,0,0,0,0,*
H,15,25,4,3,21.29,20.7,22,59.22,55,62,1010,1010,1010,634.84,521.8,716.3,169,0.52,203,0,0,0,0,0,0,*
H,16,25,4,3,20.89,20.5,21.6,61.87,58,63,1009.99,1009,1010,507.35,405.2,581.1,163,0.53,203,0,0,0,0,0,0,*
H,17,25,4,3,20.08,19.4,20.8,57.86,55,60,1010,1010,1010,336.54,221.7,421.6,159,0.5,203,0,0,0,0,0,0,*
H,18,25,4,3,19.13,18.5,19.7,53.66,49,60,1010,1010,1010,160.1,102.6,234,156,0.47,203,0,0,0,0,0,0,*
H,19,25,4,3,17.8,17.2,18.5,45,37,50,1010,1010,1010,46.06,8.6,102.6,164,0.45,203,0,0,0,0,0,0,*
H,20,25,4,3,16.32,15.6,17.2,20.2,11,36,1010,1010,1010,2.9,0.1,8.3,114,0.66,203,0,0,0,0,0,0,*
H,21,25,4,3,15.16,14.6,15.6,10.84,9,17,1010.63,1010,1011,3.32,2.6,4.4,48,0.09,204,0,0,0,0,0,0,*
H,22,25,4,3,14.05,13.5,14.6,27,17,35,1011,1011,1011,3.36,2.3,4.4,43,0.41,203,0,0,0,0,0,0,*
H,23,25,4,3,13.26,12.8,13.6,40.19,34,44,1011,1011,1011,3.37,2.6,4.7,14,0.23,204,0,0,0,0,0,0,*
H,0,26,4,3,12.42,12.2,13,49.95,43,54,1011,1011,1011,3.21,2.3,4.4,55,0.15,203,0,0,0,0,0,0,10.9,22.6,9,77,1009,1012,*
H,1,26,4,3,12.12,11.7,12.5,51.48,49,55,1010.91,1010,1011,3.31,2.3,4.4,48,0.21,203,0,0,0,0,0,0,*
H,2,26,4,3,11.47,11.2,11.7,57.93,55,60,1010,1010,1010,3.37,2.6,4.4,9,0.23,203,0,0,0,0,0,0,*
H,3,26,4,3,10.93,10.8,11.2,60.51,59,62,1010,1010,1010,3.38,2.6,4.4,10,0.18,203,0,0,0,0,0,0,*
H,4,26,4,3,10.68,10.4,10.9,62.3,61,64,1010,1010,1010,3.42,2.3,4.4,11,0.16,204,0,0,0,0,0,0,*
H,5,26,4,3,10.13,9.9,10.4,66.06,64,67,1009.95,1009,1010,3.24,1.6,4.4,16,0.15,203,0,0,0,0,0,0,*
H,6,26,4,3,10.01,9.8,10.4,67.66,65,69,1009.99,1009,1010,25.35,0,66.6,9,0.15,203,0,0,0,0,0,0,*
H,7,26,4,3,11.35,10.4,12.6,61.68,53,65,1010,1010,1010,132.15,66.6,220.9,9,0.25,204,0,0,0,0,0,0,*
H,8,26,4,3,13.59,12.5,14.5,43.23,36,52,1010,1010,1010,290.98,200.7,438.4,34,0.4,203,0,0,0,0,0,0,*
H,9,26,4,3,15.13,14.6,16,29.97,25,37,1010,1010,1010,304.4,221.6,497.1,27,0.35,203,0,0,0,0,0,0,*
H,10,26,4,3,17,15.9,18.1,18.11,9,34,1010,1010,1010,577.76,396.8,662,48,0.48,203,0,0,0,0,0,0,*
H,11,26,4,3,18.57,17.7,19.6,36.68,29,46,1009.33,1009,1010,646.48,516.9,819.6,74,0.62,203,0,0,0,0,0,0,*
H,12,26,4,3,19.91,18.9,21.1,49.72,44,53,1009,1009,1009,750.54,466.4,823.7,76,0.82,203,0,0,0,0,0,0,*
H,13,26,4,3,20.9,19.8,21.7,53.86,51,56,1008.09,1008,1009,779.54,737.1,821,86,0.96,204,0,0,0,0,0,0,*
H,14,26,4,3,21.7,21,22.4,56,54,58,1007.29,1007,1008,739.98,560.5,772.4,90,0.81,203,0,0,0,0,0,0,*
H,15,26,4,3,22.04,21.4,22.7,53.92,49,57,1006.52,1006,1007,614.1,428.4,732,130,0.87,203,0,0,0,0,0,0,*
H,16,26,4,3,22.27,21.7,23,47.86,44,52,1006,1006,1006,394.24,185.8,539.7,183,0.67,203,0,0,0,0,0,0,*
H,17,26,4,3,20.88,20,21.8,35.57,27,46,1006,1006,1006,166.93,107,202.5,172,0.48,203,0,0,0,0,0,0,*
H,18,26,4,3,19.12,17.7,20.3,25.97,9,35,1006,1006,1006,80.51,27.7,104.6,150,0.44,203,0,0,0,0,0,0,*
H,19,26,4,3,17.49,17.3,17.8,37.22,24,44,1005.98,1005,1006,12.66,0.9,27.7,152,0.43,203,0,0,0,0,0,0,*
H,20,26,4,3,17.27,17.2,17.4,43.52,41,45,1006,1006,1006,2.7,0.2,4,158,0.71,203,0,0,0,0,0,0,*
H,21,26,4,3,16.7,16.4,17.2,48.54,44,56,1006,1006,1006,3.27,2.3,4,20,0.29,204,0,0,0,0,0,0,*
H,22,26,4,3,16,15.6,16.4,60.67,56,65,1006,1006,1006,3.27,2,4.4,54,0.34,203,0,0,0,0,0,0,*
H,23,26,4,3,15.16,14.9,15.6,72.04,65,78,1005.49,1005,1006,3.26,2.3,4.4,70,0.32,203,0,0,0,0,0,0,*
H,0,27,4,3,14.72,14.6,14.9,79.22,78,81,1005.19,1005,1006,3.31,2.3,4,63,0.33,204,0,0,0,0,0,0,9.8,23.1,9,81,1005,1011,*
H,1,27,4,3,14.25,13.9,14.7,86.61,81,93,1005.08,1005,1006,3.33,2.5,4.4,4,0.63,203,0,0,0,0.2,0,0.2,*
H,2,27,4,3,13.58,13.4,14,94.62,93,96,1004.4,1004,1005,3.31,2.5,4.1,6,0.31,203,0,0,0,0.2,0,0.2,*
H,3,27,4,3,13.54,13.4,13.8,96.13,95,97,1004.9,1004,1005,3.3,2.3,4,335,0.81,203,0,0,0,0.2,0,0.2,*
H,4,27,4,3,13.41,13.2,13.6,96.36,94,99,1004.24,1004,1005,3.23,2.3,4.4,358,1.12,203,0,0,0,0.6,0,0.6,*
H,5,27,4,3,13.04,12.9,13.2,99,99,99,1005,1005,1005,3.22,1.9,4.4,151,0.51,203,0,0,0,1.4,0,1.4,*
H,6,27,4,3,12.94,12.8,13,99,99,99,1005,1005,1005,3.4,0.2,11.1,147,0.35,204,0,0,0,0.8,0,0.8,*
H,7,27,4,3,12.82,12.6,13,99,99,99,1005,1005,1005,16.56,10.9,23.5,129,0.4,203,0,0,0,0.4,0,0.4,*
H,8,27,4,3,12.64,12.4,12.8,99,99,99,1005.3,1005,1006,25.12,4,56,74,0.51,203,0,0,0,0.4,0,0.4,*
H,9,27,4,3,12.57,12.3,12.9,99,99,99,1005.93,1005,1006,86.48,20.6,239.7,33,0.41,203,0,0,0,0,0,0,*
H,10,27,4,3,13.9,12.8,15.6,98.31,92,99,1006.07,1006,1007,458.89,167.2,981.2,10,0.9,203,0,0,0,0,0,0,*
H,11,27,4,3,15.6,14.9,16.6,85.83,77,92,1006.75,1006,1007,643.12,233.6,1013.4,358,0.6,203,0,0,0,0,0,0,*
H,12,27,4,3,16.57,15.6,17.9,73.13,67,79,1006.64,1006,1007,807.7,172.4,989.1,40,0.44,203,0,0,0,0,0,0,*
H,13,27,4,3,17.67,16.9,18.8,58.28,40,70,1006,1006,1006,818.96,168.6,948.7,47,0.47,202,0,0,0,0,0,0,*
H,14,27,4,3,18.02,17.3,18.8,41.9,36,47,1006,1006,1006,795.39,225.1,888.8,59,0.51,203,0,0,0,0,0,0,*
H,15,27,4,3,17.95,17.2,18.9,44.69,33,54,1005.99,1005,1006,488.6,173.1,858.3,64,0.46,203,0,0,0,0,0,0,*
H,16,27,4,3,17.47,16.6,18.2,67.57,48,73,1006,1006,1006,462.62,184.7,664.6,121,0.5,203,0,0,0,0,0,0,*
H,17,27,4,3,16.94,16.3,17.8,73.71,72,77,1006,1006,1006,351.06,145.1,468.5,132,0.61,203,0,0,0,0,0,0,*
H,18,27,4,3,16.24,16,16.7,78.67,75,80,1006,1006,1006,129.04,60.5,227.2,129,0.46,203,0,0,0,0,0,0,*
H,19,27,4,3,15.9,15.5,16.3,80.94,80,82,1006,1006,1006,39.02,6.1,85.8,113,0.44,203,0,0,0,0,0,0,*
H,20,27,4,3,14.85,14.1,15.5,86.26,82,93,1006.54,1006,1007,2.69,0,6.7,136,0.41,203,0,0,0,0,0,0,*
H,21,27,4,3,13.53,13.1,14.1,98.2,94,99,1007.74,1007,1008,3.11,2.3,4,132,0.33,203,0,0,0,0,0,0,*
H,22,27,4,3,12.89,12.7,13.1,99,99,99,1008,1008,1008,3.14,2.3,4,75,0.84,203,0,0,0,0,0,0,*
H,23,27,4,3,12.62,12.5,12.8,99,99,99,1008,1008,1008,3.24,2.3,4.4,43,0.34,203,0,0,0,0,0,0,*
H,0,28,4,3,12.62,12.4,12.8,99,99,99,1008.03,1008,1009,3.24,2.3,4.7,53,0.36,204,0,0,0,0,0,0,12.3,18.9,33,99,1004,1009,*
H,1,28,4,3,12.33,12.2,12.5,99,99,99,1008.78,1008,1009,3.22,2.3,4,49,0.3,202,0,0,0,0,0,0,*
H,2,28,4,3,12.36,12.3,12.6,99,99,99,1008.96,1008,1009,3.16,2.1,4.4,51,0.22,203,0,0,0,0,0,0,*
H,3,28,4,3,12.61,12.5,12.7,99,99,99,1008.79,1008,1009,3.21,2,4.1,25,0.33,204,0,0,0,0,0,0,*
H,4,28,4,3,12.66,12.6,12.9,99,99,99,1008.79,1008,1009,3.29,2.1,4.7,18,0.35,203,0,0,0,0,0,0,*
H,5,28,4,3,12.82,12.7,12.9,99,99,99,1009,1009,1009,3.2,1.9,4.1,40,0.38,203,0,0,0,0,0,0,*
H,6,28,4,3,12.78,12.7,12.9,99,99,99,1009,1009,1009,10.44,0,30,44,0.32,203,0,0,0,0,0,0,*
H,7,28,4,3,13.06,12.8,13.4,99,99,99,1009.89,1009,1010,92.28,31,215.1,51,0.39,203,0,0,0,0,0,0,*
H,8,28,4,3,13.94,13.4,14.5,97.27,91,99,1010,1010,1010,215.13,151.8,316.4,73,0.47,203,0,0,0,0,0,0,*
H,9,28,4,3,14.73,14.1,15.3,85.64,81,91,1010,1010,1010,311.81,220.2,553.8,58,0.39,203,0,0,0,0,0,0,*
H,10,28,4,3,15.44,14.9,16.2,80.86,78,83,1010,1010,1010,322.88,200.8,660.3,69,0.54,203,0,0,0,0,0,0,*
H,11,28,4,3,16.36,16,16.9,77.18,75,79,1010,1010,1010,396.15,236,885.5,114,0.58,203,0,0,0,0,0,0,*
H,12,28,4,3,17,16.3,18.4,75.53,73,78,1010,1010,1010,498.96,315.4,1017.2,139,0.62,203,0,0,0,0,0,0,*
H,13,28,4,3,17.01,16.3,18.1,77.41,74,80,1010,1010,1010,541.55,328,966.5,127,0.54,203,0,0,0,0,0,0,*
H,14,28,4,3,17.42,16.9,18,74.35,72,76,1009.52,1009,1010,451.34,224.4,714.7,156,0.6,203,0,0,0,0,0,0,*
H,15,28,4,3,18,17.3,18.8,71.43,69,75,1009,1009,1009,687.76,379.5,877.2,132,0.6,203,0,0,0,0,0,0,*
H,16,28,4,3,18.38,17.8,19,69.2,65,72,1008.29,1008,1009,542.73,439.4,610.2,158,0.64,203,0,0,0,0,0,0,*
H,17,28,4,3,18.46,17.9,19.1,62.83,60,65,1008,1008,1008,295.3,142.6,468.8,163,0.79,202,0,0,0,0,0,0,*
H,18,28,4,3,18.2,17.9,18.7,63.41,62,65,1008,1008,1008,191.77,141.6,285.7,143,0.51,203,0,0,0,0,0,0,*
H,19,28,4,3,17.03,16.2,18,75.24,64,83,1008,1008,1008,40.91,6.4,139.2,140,0.4,203,0,0,0,0,0,0,*
H,20,28,4,3,15.35,14.5,16.2,88.45,83,94,1008.37,1008,1009,2.67,0.2,7.1,140,0.34,203,0,0,0,0,0,0,*
H,21,28,4,3,13.94,13.6,14.5,97.48,94,99,1009,1009,1009,3.15,2,4,157,0.46,203,0,0,0,0,0,0,*
H,22,28,4,3,13.37,13.1,13.6,99,99,99,1009.44,1009,1010,3.25,2.3,4.4,67,1.25,204,0,0,0,0,0,0,*
H,23,28,4,3,12.86,12.6,13.2,99,99,99,1010,1010,1010,3.31,2.3,4.4,17,0.26,203,0,0,0,0,0,0,*
H,0,29,4,3,12.55,12.5,12.7,99,99,99,1010,1010,1010,3.24,2.3,4,34,0.33,203,0,0,0,0,0,0,12.2,19.2,60,99,1008,1010,*
H,1,29,4,3,12.41,12.3,12.6,99,99,99,1010,1010,1010,3.21,2.3,4,44,0.29,203,0,0,0,0,0,0,*
H,2,29,4,3,12.54,12.3,12.6,99,99,99,1009.39,1009,1010,3.24,2,4,53,0.3,203,0,0,0,0,0,0,*
H,3,29,4,3,12.16,12,12.4,99,99,99,1009.58,1009,1010,3.35,2.5,4.4,16,0.28,203,0,0,0,0,0,0,*
H,4,29,4,3,12.13,12,12.2,99,99,99,1009.41,1009,1010,3.26,2.3,4.1,46,0.36,204,0,0,0,0,0,0,*
H,5,29,4,3,12.13,12,12.3,99,99,99,1009.06,1009,1010,3.11,1.8,4.1,29,0.43,203,0,0,0,0,0,0,*
H,6,29,4,3,12.1,11.9,12.4,99,99,99,1009.96,1009,1010,11.06,0,32.7,358,0.29,203,0,0,0,0,0,0,*
H,7,29,4,3,12.66,12.3,13.2,99,99,99,1010.45,1010,1011,58.68,33.4,109.4,16,0.58,203,0,0,0,0,0,0,*
H,8,29,4,3,13.69,13,14.2,99,99,99,1011,1011,1011,117.02,100.7,162.8,61,0.44,203,0,0,0,0,0,0,*
H,9,29,4,3,14.29,14,14.6,98.81,98,99,1011.48,1011,1012,127.76,90.9,181.6,72,0.44,203,0,0,0,0,0,0,*
H,10,29,4,3,15.13,14.5,15.8,94.54,90,98,1012,1012,1012,256.61,184.7,307.9,76,0.68,203,0,0,0,0,0,0,*
H,11,29,4,3,15.9,15.4,16.4,88.99,87,90,1012,1012,1012,255.19,206.9,304.8,59,0.72,203,0,0,0,0,0,0,*
H,12,29,4,3,16.47,15.8,16.9,87,85,88,1012,1012,1012,308.81,205.9,479.9,64,0.63,203,0,0,0,0,0,0,*
H,13,29,4,3,17.89,16.8,19,79.88,75,86,1012,1012,1012,415.86,226.4,830.3,14,1.37,203,0,0,0,0,0,0,*
H,14,29,4,3,18.33,17.9,19,74.37,72,77,1012,1012,1012,445.31,292.2,796.7,99,0.94,203,0,0,0,0,0,0,*
H,15,29,4,3,18.94,18.3,19.8,73.13,69,77,1012,1012,1012,437.51,311.4,635.5,80,0.87,203,0,0,0,0,0,0,*
H,16,29,4,3,19.2,18.7,19.8,71.93,67,80,1012,1012,1012,318.04,155.6,495.5,83,0.6,203,0,0,0,0,0,0,*
H,16.42,29,4,3,18.76,18.1,19.3,80.19,79,81,1012,1012,1012,239.13,198.1,274.4,119,0.43,141,0,0,0,0,0,0,*
H,17,29,4,3,18.36,18.1,18.6,80.9,80,82,1012,1012,1012,214.83,201.5,240.3,107,0.32,60,0,0,0,0,0,0,*
H,18,29,4,3,17.56,16.7,18.3,82.41,79,87,1012,1012,1012,140.26,87.5,204.7,123,0.43,203,0,0,0,0,0,0,*
H,19,29,4,3,15.89,15.4,16.8,90.33,87,93,1012,1012,1012,43.3,8.8,86.8,137,0.42,203,0,0,0,0,0,0,*
H,20,29,4,3,15,14.6,15.4,96.25,93,99,1012.77,1012,1013,2.98,0,9.8,142,0.44,203,0,0,0,0,0,0,*
H,21,29,4,3,14.29,14,14.7,99,99,99,1013.71,1013,1014,3.22,2.3,4.4,123,0.31,203,0,0,0,0,0,0,*
H,22,29,4,3,13.62,13.4,14,99,99,99,1014.06,1014,1015,3.3,2.3,4.4,12,0.46,203,0,0,0,0,0,0,*
H,23,29,4,3,13.22,12.9,13.5,99,99,99,1014.32,1014,1015,3.26,2.3,4,46,0.51,204,0,0,0,0,0,0,*
H,0,30,4,3,12.73,12.5,13,99,99,99,1014.29,1014,1015,3.23,2.3,4.4,74,0.39,203,0,0,0,0,0,0,12.5,18.7,79,99,1012,1015,*
H,1,30,4,3,12.36,12.3,12.5,99,99,99,1014.62,1014,1015,3.25,2.3,4.4,49,0.27,203,0,0,0,0,0,0,*
H,2,30,4,3,12.38,12.2,12.6,99,99,99,1014.04,1014,1015,3.21,2.1,4.5,70,0.43,203,0,0,0,0,0,0,*
H,3,30,4,3,12.19,12.1,12.3,99,99,99,1014.03,1014,1015,3.28,2.3,4.1,32,0.48,203,0,0,0,0,0,0,*
H,4,30,4,3,12.46,12.3,12.6,99,99,99,1014,1014,1014,3.21,2.1,4.1,17,0.34,203,0,0,0,0,0,0,*
H,5,30,4,3,12.69,12.6,12.8,99,99,99,1013.81,1013,1014,3.12,1.8,4.5,11,0.25,203,0,0,0,0,0,0,*
H,6,30,4,3,12.71,12.6,12.8,99,99,99,1013.7,1013,1014,15.7,0,35.6,354,0.29,203,0,0,0,0,0,0,*
H,7,30,4,3,12.73,12.5,13,99,99,99,1014.05,1014,1015,92.78,32.6,206.2,348,0.29,203,0,0,0,0,0,0,*
H,8,30,4,3,13.74,13,14.7,99,99,99,1014.2,1014,1015,201.18,152.9,314.4,5,0.28,203,0,0,0,0,0,0,*
H,9,30,4,3,15.13,14.6,15.8,98.87,97,99,1014.3,1014,1015,281.64,227.4,367,60,0.61,203,0,0,0,0,0,0,*
H,10,30,4,3,15.86,15.4,16.3,93.89,91,97,1014.62,1014,1015,332.43,240.8,457.4,49,0.66,203,0,0,0,0,0,0,*
H,11,30,4,3,16.17,15.8,16.7,92.25,90,94,1014.47,1013,1015,289.26,226.8,352.7,63,0.49,203,0,0,0,0,0,0,*
H,12,30,4,3,16.83,16.3,17.6,88.71,86,91,1014.02,1013,1015,374.04,307.5,539.1,67,0.44,203,0,0,0,0,0,0,*
H,13,30,4,3,17.67,17.1,18.3,84.98,83,87,1013.01,1012,1014,543.11,365,739.7,73,0.46,203,0,0,0,0,0,0,*
H,14,30,4,3,18.48,17.6,19.3,81.51,79,84,1012.62,1012,1013,519.03,285.6,838.9,78,0.53,203,0,0,0,0,0,0,*
H,15,30,4,3,19.03,18.5,19.6,78.42,76,81,1011.69,1011,1012,514.48,297,649.2,58,0.45,203,0,0,0,0,0,0,*
H,16,30,4,3,18.7,18.4,19.4,77.21,74,79,1011.16,1011,1012,351.34,270.3,452.4,76,0.42,203,0,0,0,0,0,0,*
H,17,30,4,3,18.24,17.9,18.8,75.1,74,77,1011,1011,1011,188.75,112.2,268.2,83,0.43,202,0,0,0,0,0,0,*
H,18,30,4,3,17.74,17.4,18.1,78.2,77,80,1010.62,1010,1011,94.58,77.9,116.2,68,0.37,203,0,0,0,0,0,0,*
H,19,30,4,3,17.14,16.7,17.5,81.38,80,84,1010,1010,1010,38.77,9.5,77.2,58,0.31,203,0,0,0,0,0,0,*
H,20,30,4,3,15.92,15.5,16.7,91.31,85,96,1010.19,1010,1011,3.23,0,9.2,73,0.41,204,0,0,0,0,0,0,*
H,21,30,4,3,15.14,14.9,15.5,97.48,96,99,1010.96,1010,1011,3.19,2.3,4.4,70,0.46,203,0,0,0,0,0,0,*
H,22,30,4,3,15.11,15,15.2,98.67,98,99,1011.03,1011,1012,3.29,2.3,4.4,64,0.57,203,0,0,0,0,0,0,*
H,23,30,4,3,14.75,14.6,15,99,99,99,1011.26,1011,1012,3.32,2.3,4.4,18,0.36,203,0,0,0,0,0,0,*
H,0,1,5,3,14.42,14.2,14.6,99,99,99,1011,1011,1011,3.32,2.3,4,15,0.35,203,0,0,0,0,0,0,12.1,19.6,74,99,1010,1015,*
H,1,1,5,3,14.32,14.2,14.4,99,99,99,1010.54,1010,1011,3.3,2.3,4.4,37,0.43,203,0,0,0,0,0,0,*
H,2,1,5,3,14.15,14,14.3,99,99,99,1010.79,1010,1011,3.34,2.3,4.4,10,0.32,204,0,0,0,0,0,0,*
H,3,1,5,3,13.99,13.9,14.1,99,99,99,1010.64,1010,1011,3.34,2.3,4.4,34,0.68,203,0,0,0,0.2,0,0.2,*
H,4,1,5,3,13.97,13.9,14,99,99,99,1010.92,1010,1011,3.3,2.3,4.4,23,0.38,204,0,0,0,0,0,0,*
H,5,1,5,3,14.05,14,14.2,99,99,99,1010.75,1010,1011,3.12,1.3,4.4,75,0.53,203,0,0,0,0,0,0,*
H,6,1,5,3,14.1,14,14.3,99,99,99,1011,1011,1011,1.92,0,11.2,38,0.35,204,0,0,0,0,0,0,*
H,7,1,5,3,14.37,14.2,14.6,99,99,99,1011.6,1011,1012,30.26,11.6,69.7,38,0.38,203,0,0,0,0,0,0,*
H,8,1,5,3,14.8,14.5,15.4,99,99,99,1012.57,1012,1013,140.55,45.7,233.2,43,0.34,203,0,0,0,0,0,0,*
H,9,1,5,3,15.89,15.4,16.6,99,99,99,1013,1013,1013,253.18,128.9,569.2,47,0.36,203,0,0,0,0,0,0,*
H,10,1,5,3,17.07,16.4,17.8,94.38,90,99,1013.52,1013,1014,362.03,137.1,695.9,48,0.46,203,0,0,0,0,0,0,*
H,11,1,5,3,18.46,17.5,19.3,83.04,78,90,1014,1014,1014,556.84,292.7,870.7,41,0.62,203,0,0,0,0,0,0,*
H,12,1,5,3,19.85,18.7,21.1,73.17,65,78,1014,1014,1014,754.77,382.2,976,60,1.03,203,0,0,0,0,0,0,*
H,13,1,5,3,20.86,20.1,22.1,51.13,38,65,1013.07,1013,1014,757.06,319.3,930.5,45,0.8,203,0,0,0,0,0,0,*
H,14,1,5,3,21.96,21.2,23,37.21,28,44,1012.71,1012,1013,675.93,254.2,888.4,86,0.81,203,0,0,0,0,0,0,*
H,15,1,5,3,22.5,22,23.4,25.87,18,34,1011.99,1011,1012,471.76,188.2,820,53,1.34,203,0,0,0,0,0,0,*
H,16,1,5,3,23.1,22.6,23.8,21.47,11,36,1011.08,1011,1012,501.96,164.7,636.8,83,0.7,203,0,0,0,0,0,0,*
H,17,1,5,3,22.22,21.8,22.7,53.23,37,59,1011,1011,1011,274.85,169.3,387,133,0.5,203,0,0,0,0,0,0,*
H,18,1,5,3,20.98,19.8,22.4,61.33,55,68,1011,1011,1011,163.68,105.6,277.8,145,0.47,203,0,0,0,0,0,0,*
H,19,1,5,3,18.91,18.2,19.9,71.62,61,80,1011,1011,1011,52.99,9.2,130,139,0.43,203,0,0,0,0,0,0,*
H,20,1,5,3,17.73,17.4,18.3,84.15,80,88,1011.37,1011,1012,2.99,0.1,9.5,145,0.33,203,0,0,0,0,0,0,*
H,21,1,5,3,17.15,17,17.4,90.82,88,93,1012,1012,1012,3.24,2.3,4.4,72,0.73,203,0,0,0,0,0,0,*
H,22,1,5,3,16.91,16.8,17.1,94.3,93,95,1012,1012,1012,3.32,2.3,4.7,30,0.34,204,0,0,0,0,0,0,*
H,23,1,5,3,16.48,16.2,16.8,95.84,95,96,1012,1012,1012,3.36,2.3,4.7,30,0.48,203,0,0,0,0,0,0,*
H,0,2,5,3,15.67,15.3,16.2,96.91,95,99,1012,1012,1012,3.25,2.3,4.4,105,0.25,203,0,0,0,0,0,0,13.9,23.9,11,99,1010,1014,*
H,1,2,5,3,15.02,14.7,15.3,99,99,99,1011.95,1011,1012,3.39,2.3,4.4,41,0.37,203,0,0,0,0,0,0,*
H,2,2,5,3,14.4,14.2,14.7,99,99,99,1011,1011,1011,3.34,2.3,4,15,0.32,203,0,0,0,0,0,0,*
H,3,2,5,3,14.27,14.1,14.4,99,99,99,1010.97,1010,1011,3.38,2.6,4.4,6,0.16,204,0,0,0,0,0,0,*
H,4,2,5,3,14.21,14.1,14.3,99,99,99,1010.31,1010,1011,3.32,2.3,4.4,7,0.78,203,0,0,0,0,0,0,*
H,5,2,5,3,13.82,13.7,14.2,99,99,99,1010.74,1010,1011,2.85,0,4.4,304,0.74,203,0,0,0,0,0,0,*
H,6,2,5,3,14.23,14,14.6,99,99,99,1010.8,1010,1011,30.5,0.9,56,326,0.75,204,0,0,0,0,0,0,*
H,7,2,5,3,15.21,14.6,16.3,98.76,97,99,1010.4,1010,1011,130.63,52.9,219.2,39,0.62,203,0,0,0,0,0,0,*
H,8,2,5,3,16.63,16.2,17.1,91.65,90,97,1011,1011,1011,179.46,145.7,253.8,31,0.45,203,0,0,0,0,0,0,*
H,9,2,5,3,17.6,16.7,18.4,86.63,81,91,1011,1011,1011,299.87,208.6,415.3,38,0.45,203,0,0,0,0,0,0,*
