H,10,16,6,3,27.83,27.1,28.7,11.45,9,13,1001,1001,1001,654.58,590.6,705.7,54,0.7,215,0,0,0,0,0,0,*
H,11,16,6,3,28.94,28.2,29.7,15.35,11,20,1000.81,1000,1001,748.76,707.1,782.6,83,0.89,204,0,0,0,0,0,0,*
H,12,16,6,3,30.02,29.1,31.1,24.61,18,30,1000,1000,1000,803.19,783.6,824.6,115,0.99,203,0,0,0,0,0,0,*
H,13,16,6,3,30.67,29.7,31.9,29.95,26,34,999.47,999,1000,808.65,783.2,825,123,0.71,204,0,0,0,0,0,0,*
H,14,16,6,3,31.93,30.9,33.1,40.48,35,45,998.47,998,999,780.42,759.6,809.6,210,0.83,203,0,0,0,0,0,0,*
H,15,16,6,3,32.19,31,33.1,44.66,41,48,998,998,998,720.72,563.8,767.5,253,0.95,203,0,0,0,0,0,0,*
H,16,16,6,3,31.39,30.6,32.4,27.84,21,45,998,998,998,532.73,250.2,675.4,142,0.62,204,0,0,0,0,0,0,*
H,17,16,6,3,27.28,25.6,31.4,29.54,9,45,998.7,998,999,121.26,26.3,467.9,38,0.73,203,0,0,0,1.6,0,1.6,*
H,18,16,6,3,25.03,24.3,25.6,54.51,45,59,999,999,999,12.57,2.8,35.2,357,0.62,203,0,0,0,0,0,0,*
H,19,16,6,3,24.56,22.9,25.8,58.37,47,73,999.89,999,1001,1.15,0,3.9,305,0.73,203,0,0,0,0.6,0,0.6,*
H,20,16,6,3,22.84,22.6,23.2,77.13,73,83,1000,1000,1000,0.77,0,2.3,309,0.44,204,0,0,0,0,0,0,*
H,21,16,6,3,22.98,22.5,23.5,81.9,80,84,1000.42,1000,1001,2.92,0.9,4.4,349,0.7,203,0,0,0,0,0,0,*
H,22,16,6,3,23.29,23.1,23.5,82,80,85,1001,1001,1001,3.29,2.3,4.7,23,1.09,203,0,0,0,0,0,0,*
H,23,16,6,3,23.36,23.1,23.5,82.12,78,85,1001.5,1001,1002,3.34,2,4.4,331,0.67,203,0,0,0,0,0,0,*
H,0,17,6,3,23.09,22.8,23.4,79.33,78,80,1001.92,1001,1002,3.29,2,4.7,23,0.37,204,0,0,0,0,0,0,21.7,33.2,9,85,997,1005,*
H,1,17,6,3,22.73,22.6,22.9,74.28,71,80,1002,1002,1002,3.34,2.3,4.7,15,0.33,203,0,0,0,0,0,0,*
H,2,17,6,3,22.45,22.3,22.6,68.51,67,71,1001.99,1001,1002,3.3,2.3,4.7,23,0.36,203,0,0,0,0,0,0,*
H,3,17,6,3,22.24,22.1,22.4,66.7,66,67,1001.96,1001,1002,3.36,2.3,4.7,24,0.37,203,0,0,0,0,0,0,*
H,4,17,6,3,21.86,21.6,22.1,66.75,66,67,1002,1002,1002,3.36,1.6,4.7,22,0.32,204,0,0,0,0,0,0,*
H,5,17,6,3,21.54,21.4,21.8,66.58,66,67,1002,1002,1002,10.57,0,34.1,24,0.34,203,0,0,0,0,0,0,*
H,6,17,6,3,21.64,21.4,22.2,66.84,64,68,1002,1002,1003,51.81,33.8,67.3,14,0.31,203,0,0,0,0,0,0,*
H,7,17,6,3,22.3,22,22.7,62.93,61,64,1002.97,1002,1003,103.02,65.6,173.4,11,0.28,203,0,0,0,0,0,0,*
H,8,17,6,3,23.56,22.6,25.1,55.12,48,61,1003,1003,1003,334.31,180.2,635,23,0.39,203,0,0,0,0,0,0,*
H,9,17,6,3,24.97,24.5,25.6,29.14,22,47,1002.9,1002,1003,298.36,88.4,637.4,45,0.38,204,0,0,0,0,0,0,*
H,10,17,6,3,24.35,24,24.8,36.06,27,43,1002.25,1002,1003,119.84,85.1,160.4,50,0.31,203,0,0,0,0,0,0,*
H,11,17,6,3,25.13,24.4,25.9,34.39,25,43,1003,1003,1003,218.04,160,334.3,6,1.22,203,0,0,0,0,0,0,*
H,12,17,6,3,26.26,25.4,27.3,18.36,11,26,1003,1003,1003,439.57,334.5,506.1,40,0.56,203,0,0,0,0,0,0,*
H,13,17,6,3,27.19,26.5,27.8,10.74,9,13,1002.37,1002,1003,548.15,370.9,915.4,28,0.69,203,0,0,0,0,0,0,*
H,14,17,6,3,28.32,27.3,29.2,19.78,9,32,1001.79,1001,1002,775.01,395.9,991.1,30,0.75,203,0,0,0,0,0,0,*
H,15,17,6,3,29.55,28.9,30.5,34.17,31,37,1001,1001,1001,705.16,647,756.2,59,1,203,0,0,0,0,0,0,*
H,16,17,6,3,30.21,29.3,31.1,34.45,32,39,1001,1001,1001,585.36,498.4,649.4,74,1.44,203,0,0,0,0,0,0,*
H,17,17,6,3,30.03,29.3,30.8,28.72,21,33,1000.94,1000,1001,333.69,155.7,512.8,90,0.89,203,0,0,0,0,0,0,*
H,18,17,6,3,29.66,29.2,30.1,24.89,20,30,1000.9,1000,1001,222.43,121.4,285.1,165,0.59,203,0,0,0,0,0,0,*
H,19,17,6,3,28.41,27.6,29.4,22.69,14,29,1001.95,1001,1002,64.13,20.8,127.8,169,0.5,203,0,0,0,0,0,0,*
H,20,17,6,3,27.2,27,27.6,13.11,11,16,1002,1002,1002,9.83,0.2,21.8,193,0.41,203,0,0,0,0,0,0,*
H,21,17,6,3,25.77,24,26.9,18.62,9,41,1002.51,1002,1003,3.38,2.3,4.6,237,0.89,203,0,0,0,0,0,0,*
H,22,17,6,3,23.66,23.4,24,50.11,41,54,1003.21,1003,1004,3.46,2.6,4.4,316,0.64,203,0,0,0,0,0,0,*
H,23,17,6,3,23.23,22.8,23.5,53.99,45,58,1003.91,1003,1004,3.44,2.3,4.4,5,0.31,204,0,0,0,0,0,0,*
H,0,18,6,3,22.88,22.5,23.4,36.96,34,45,1003,1003,1003,3.44,2.3,4.4,4,0.27,203,0,0,0,0,0,0,21.3,31.1,9,80,1000,1004,*
H,1,18,6,3,22.48,22.3,22.8,36.53,35,39,1003,1003,1003,3.41,2,4.7,12,0.36,203,0,0,0,0,0,0,*
H,2,18,6,3,22.45,22.3,22.6,37.04,34,39,1003,1003,1003,3.35,2,4.7,331,0.33,203,0,0,0,0,0,0,*
H,3,18,6,3,21.96,21.6,22.5,45.29,38,50,1003,1003,1003,3.42,2.3,5.4,335,0.96,203,0,0,0,0,0,0,*
H,4,18,6,3,22.14,21.7,22.6,41.48,37,48,1003,1003,1003,3.39,2.3,5.1,348,0.4,203,0,0,0,0,0,0,*
H,5,18,6,3,22.23,22,22.4,38.54,36,45,1003.44,1003,1004,7.96,0,20.8,291,0.74,203,0,0,0,0,0,0,*
H,6,18,6,3,21.97,21.7,22.4,48.67,45,51,1003,1003,1003,51.67,19.8,79,324,0.65,203,0,0,0,0,0,0,*
H,7,18,6,3,22.86,22.4,23.4,38.44,32,45,1003,1003,1004,83.79,63.6,121,354,0.24,203,0,0,0,0,0,0,*
H,8,18,6,3,23.7,23.3,24.2,30.57,28,33,1003.92,1003,1004,178.18,121,201.5,353,0.32,203,0,0,0,0,0,0,*
H,9,18,6,3,24.39,23.9,25.3,28.55,27,30,1003.97,1003,1004,218.35,166.5,404.7,5,0.33,203,0,0,0,0,0,0,*
H,10,18,6,3,25.79,25,26.6,17.76,11,28,1004,1004,1004,393.84,320,822.1,40,0.78,204,0,0,0,0,0,0,*
H,11,18,6,3,27.01,26.1,27.9,10.96,10,13,1003.99,1003,1004,775.51,507.8,923.3,121,0.8,202,0,0,0,0,0,0,*
H,12,18,6,3,27.58,26.6,28.4,10.8,9,14,1003.13,1003,1004,790.84,479.8,948.7,82,0.77,204,0,0,0,0,0,0,*
H,13,18,6,3,28.67,28,29.5,17.28,13,20,1003,1003,1003,815.38,527.2,914.7,71,0.82,203,0,0,0,0,0,0,*
H,14,18,6,3,29,28.2,30,19.25,14,24,1002.58,1002,1003,708.73,354.6,915.4,105,0.7,203,0,0,0,0,0,0,*
H,15,18,6,3,29.38,28.9,30.4,28.82,18,33,1002,1002,1002,611.73,236.5,829.1,93,0.76,203,0,0,0,0,0,0,*
H,16,18,6,3,27.48,24.3,29,18.99,9,53,1002.97,1002,1003,235.72,41,657.2,127,0.53,203,0,0,0,0.8,0,0.8,*
H,17,18,6,3,21.12,19.7,24.2,64.65,55,72,1004.26,1003,1005,62.83,27.2,111.2,105,0.56,203,0,0,0,0.2,0,0.2,*
H,18,18,6,3,21.62,20,22.1,68.41,61,75,1004.89,1004,1005,76,15.6,112.9,62,1.18,203,0,0,0,0.2,0,0.2,*
H,19,18,6,3,22.18,21.7,22.6,75.33,73,78,1005.62,1005,1006,29.78,9.2,90.9,7,0.35,203,0,0,0,0,0,0,*
H,20,18,6,3,22.54,22.3,22.8,75.05,73,77,1006,1006,1006,44.95,1.6,118.3,8,0.26,203,0,0,0,0,0,0,*
H,21,18,6,3,22.15,21.9,22.4,76.25,75,77,1006.51,1006,1008,2.63,0,4.4,358,0.23,204,0,0,0,0,0,0,*
H,22,18,6,3,21.73,21.3,22,74.79,73,77,1007,1007,1007,3.43,2.3,4.7,9,0.24,203,0,0,0,0,0,0,*
H,23,18,6,3,21.17,21,21.3,78.59,77,80,1007.53,1007,1008,3.51,2.6,4.4,359,0.32,203,0,0,0,0,0,0,*
H,0,19,6,3,20.53,20.1,21,82.9,80,86,1008,1008,1008,3.37,2.3,4.4,28,0.76,203,0,0,0,0,0,0,19.6,30.4,9,86,1002,1008,*
H,1,19,6,3,20.11,19.9,20.2,87.41,86,88,1008,1008,1008,3.38,2.3,4.4,3,0.26,203,0,0,0,0,0,0,*
H,2,19,6,3,19.45,19,19.9,91.05,88,94,1008,1008,1008,3.4,2.3,4.4,9,0.28,204,0,0,0,0,0,0,*
H,3,19,6,3,18.92,18.8,19,92.91,92,94,1008,1008,1008,3.49,2.6,4.4,341,0.61,203,0,0,0,0,0,0,*
H,4,19,6,3,18.46,18.2,18.9,91.99,91,92,1008,1008,1008,3.35,2.3,4,314,0.89,203,0,0,0,0,0,0,*
H,5,19,6,3,18.11,18,18.3,91.78,91,92,1008.23,1008,1009,9.77,0,37.9,353,0.77,203,0,0,0,0,0,0,*
H,6,19,6,3,19.32,18.3,20.4,88.01,83,91,1008.35,1008,1009,98.67,37.2,158,10,0.32,204,0,0,0,0,0,0,*
H,7,19,6,3,21.52,20.3,22.7,75.59,70,83,1009,1009,1009,250.53,157,331.8,359,0.55,203,0,0,0,0,0,0,*
H,8,19,6,3,23.97,22.5,25,62.47,54,71,1009,1009,1009,413.74,332.9,496.3,266,1.01,203,0,0,0,0,0,0,*
H,9,19,6,3,25.47,24.5,26.4,36.13,10,54,1009,1009,1009,500.27,95.1,626.3,229,0.54,203,0,0,0,0,0,0,*
H,10,19,6,3,26.67,25.6,27.6,12.01,9,22,1009,1009,1009,692.47,628.7,750.2,232,0.59,203,0,0,0,0,0,0,*
H,11,19,6,3,27.58,26.9,28.5,14.84,10,23,1009,1009,1009,776.35,741.6,818.3,196,0.76,203,0,0,0,0,0,0,*
H,12,19,6,3,27.83,27.1,28.7,11.1,9,25,1009,1009,1009,815.96,775.5,863.1,163,0.78,203,0,0,0,0,0,0,*
H,13,19,6,3,28.44,27.6,29.3,10.09,9,13,1008.23,1008,1009,856.72,691.9,1065,165,0.79,203,0,0,0,0,0,0,*
H,14,19,6,3,28.95,28.1,30,12.46,9,18,1008,1008,1008,728.86,323.5,1040.1,149,0.73,204,0,0,0,0,0,0,*
H,15,19,6,3,29.22,28.3,30.4,14.81,9,24,1007.58,1007,1008,687.55,304.3,875.7,135,0.78,203,0,0,0,0,0,0,*
H,16,19,6,3,28.57,27.9,29.3,10.78,9,14,1007.2,1007,1008,452.16,154,741.8,114,0.39,203,0,0,0,0,0,0,*
H,17,19,6,3,28.56,28.2,29,10.73,9,14,1007,1007,1007,390.28,246,571.8,122,0.46,203,0,0,0,0,0,0,*
H,18,19,6,3,28.32,27.9,28.7,18.86,10,28,1007,1007,1007,247.9,65.3,403.1,130,0.44,203,0,0,0,0,0,0,*
H,19,19,6,3,27.8,27.4,28.2,16.81,11,25,1007,1007,1007,119.36,71.1,182,143,0.36,203,0,0,0,0,0,0,*
H,20,19,6,3,26.57,25.7,27.4,11.38,9,17,1007.21,1007,1008,29.9,1.6,69.7,157,0.27,204,0,0,0,0,0,0,*
H,21,19,6,3,25.25,24.5,26,16.28,10,20,1008,1008,1008,2.62,0,4.1,146,0.2,203,0,0,0,0,0,0,*
H,22,19,6,3,23.97,23.6,24.5,26.02,16,34,1008.79,1008,1009,3.52,2.6,4.7,77,1.06,204,0,0,0,0,0,0,*
H,23,19,6,3,23.55,23,23.9,36.46,33,41,1009,1009,1009,3.53,2.6,4.4,352,0.61,203,0,0,0,0,0,0,*
H,0,20,6,3,22.66,22.4,23.1,48.26,41,51,1009,1009,1009,3.47,2.3,4.7,357,0.36,204,0,0,0,0,0,0,18,30.4,9,94,1007,1009,*
H,1,20,6,3,22.01,21.3,22.6,56.87,51,65,1008.99,1008,1009,3.52,2.3,4.7,352,0.17,202,0,0,0,0,0,0,*
H,2,20,6,3,21.04,20.8,21.3,68.84,65,70,1008.01,1008,1009,3.34,2,4.4,5,0.16,204,0,0,0,0,0,0,*
H,3,20,6,3,20.34,19.9,20.9,75.94,70,78,1008,1008,1008,3.33,2.3,4.4,54,0.39,203,0,0,0,0,0,0,*
H,4,20,6,3,19.56,19.2,19.9,81.41,78,84,1008,1008,1008,3.33,2.3,4.4,1,0.19,203,0,0,0,0,0,0,*
H,5,20,6,3,19.23,19.1,19.5,81.78,81,84,1008,1008,1008,8.6,0,26.6,7,0.26,204,0,0,0,0,0,0,*
H,6,20,6,3,20.1,19.4,21,76.27,70,81,1008,1008,1008,87.09,25.2,147.7,11,0.23,203,0,0,0,0,0,0,*
H,7,20,6,3,21.73,20.9,22.7,63.22,58,70,1008,1008,1008,236.76,147,320.2,22,0.39,203,0,0,0,0,0,0,*
H,8,20,6,3,23.25,22.7,24.2,56.61,53,59,1008,1008,1008,403.01,322.9,483.7,50,0.41,203,0,0,0,0,0,0,*
H,9,20,6,3,24.83,24.2,25.5,45.26,40,53,1008,1008,1008,498.01,122.7,618.4,36,0.45,203,0,0,0,0,0,0,*
H,10,20,6,3,26.4,25.6,27.4,34.11,22,43,1007.06,1007,1008,680.92,618.4,733.1,77,0.74,203,0,0,0,0,0,0,*
H,11,20,6,3,28.12,26.9,29.9,16.31,9,26,1006.58,1006,1007,765.97,727.2,841.2,147,1.12,203,0,0,0,0,0,0,*
H,12,20,6,3,29.39,28.4,30.3,33.09,26,37,1005.81,1005,1006,831.39,804.6,863.4,221,0.51,203,0,0,0,0,0,0,*
H,13,20,6,3,30.28,29.3,31,31.17,25,39,1004.66,1004,1005,806.81,770.3,880.9,239,0.48,203,0,0,0,0,0,0,*
H,14,20,6,3,31,30.1,32.2,39,32,43,1003.56,1003,1004,777.53,714.2,819.6,204,0.69,203,0,0,0,0,0,0,*
H,15,20,6,3,30.54,29.8,31.6,23.56,18,35,1003,1003,1003,693.5,631.9,753.5,145,0.68,203,0,0,0,0,0,0,*
H,16,20,6,3,29.97,29.1,30.7,14.11,9,24,1002.29,1002,1003,562.19,505.3,636.4,127,0.52,203,0,0,0,0,0,0,*
H,17,20,6,3,29.22,28.6,30.2,12.58,10,17,1002,1002,1002,424.33,321.3,509.1,118,0.38,203,0,0,0,0,0,0,*
H,18,20,6,3,28.53,27.9,29.4,12.3,11,16,1002,1002,1002,284.5,204.5,375.4,118,0.43,202,0,0,0,0,0,0,*
H,19,20,6,3,27.52,26.8,28.1,19.22,12,30,1002,1002,1002,134.53,65.3,203.6,112,0.32,204,0,0,0,0,0,0,*
H,20,20,6,3,26.31,25.8,27,38.13,30,45,1002,1002,1002,26.94,2,64.9,105,0.32,203,0,0,0,0,0,0,*
H,21,20,6,3,25.05,24.8,25.8,48.19,45,51,1002.55,1002,1003,2.77,0,4.4,18,0.34,203,0,0,0,0,0,0,*
H,22,20,6,3,24.39,23.9,24.8,52.88,51,56,1003,1003,1003,3.56,2.6,4.7,15,0.25,203,0,0,0,0,0,0,*
H,23,20,6,3,23.69,23.4,23.9,60.01,56,63,1003,1003,1003,3.49,2.6,4.7,48,0.4,204,0,0,0,0,0,0,*
H,0,21,6,3,22.8,22.4,23.5,66.06,63,68,1003,1003,1003,3.43,2,4.7,17,0.28,203,0,0,0,0,0,0,19.1,32.5,9,84,1002,1009,*
H,1,21,6,3,22.11,21.8,22.4,69.88,68,72,1002.98,1002,1003,3.45,2.3,4.7,8,0.15,203,0,0,0,0,0,0,*
H,2,21,6,3,21.37,21,21.7,74.1,72,76,1002,1002,1003,3.46,2.3,4.7,13,0.2,203,0,0,0,0,0,0,*
H,3,21,6,3,20.77,20.6,21,77.33,76,79,1002,1002,1002,3.44,2.3,4.7,14,0.21,204,0,0,0,0,0,0,*
H,4,21,6,3,20.18,19.9,20.6,81.33,79,84,1002,1002,1002,3.4,2.3,4.4,17,0.3,203,0,0,0,0,0,0,*
H,5,21,6,3,19.9,19.8,20,85.98,84,87,1002.35,1002,1003,8.39,0,32.4,15,0.3,204,0,0,0,0,0,0,*
H,6,21,6,3,20.37,19.9,21.4,85.19,82,86,1003,1003,1003,86.4,32.8,146.3,11,0.33,203,0,0,0,0,0,0,*
H,7,21,6,3,22.64,21.4,23.5,75.39,67,82,1003,1003,1003,232.68,147,314,31,0.43,203,0,0,0,0,0,0,*
H,8,21,6,3,23.94,23.3,24.7,65.32,60,69,1003.05,1003,1004,391.86,315.1,469.7,51,0.37,203,0,0,0,0,0,0,*
H,9,21,6,3,25.42,24.5,26.5,55.29,48,61,1003.53,1003,1004,490.25,152.2,613.6,50,0.43,203,0,0,0,0,0,0,*
H,10,21,6,3,26.71,25.9,28,38.24,23,50,1003,1003,1003,670.77,614.4,727.2,53,0.51,203,0,0,0,0,0,0,*
H,11,21,6,3,27.7,26.9,28.5,17.66,10,25,1003,1003,1003,764.66,721.4,812.8,74,0.5,203,0,0,0,0,0,0,*
H,12,21,6,3,28.73,27.5,30,11.64,9,16,1002.76,1002,1003,823.89,704.7,874.8,78,0.74,203,0,0,0,0,0,0,*
H,13,21,6,3,29.44,28.5,30.7,16.7,13,19,1002,1002,1002,718.07,300.4,1005.1,113,0.69,203,0,0,0,0,0,0,*
H,14,21,6,3,29.67,28.9,30.8,15.38,12,19,1001.98,1001,1002,768.75,376,902.4,132,0.53,203,0,0,0,0,0,0,*
H,15,21,6,3,29.77,29,30.7,22.81,16,28,1001.22,1001,1002,610.62,264.2,797.6,133,0.55,203,0,0,0,0,0,0,*
H,16,21,6,3,29.78,29,30.8,18.85,9,26,1001,1001,1001,569.41,250.9,728.5,158,0.62,203,0,0,0,0,0,0,*
H,17,21,6,3,29.05,28.3,29.9,10.99,9,13,1001,1001,1001,406.78,216.6,540.6,165,0.6,203,0,0,0,0,0,0,*
H,18,21,6,3,27.69,27.1,28.8,18.74,12,23,1001,1001,1001,203.39,128.3,402.1,150,0.33,203,0,0,0,0,0,0,*
H,19,21,6,3,27.09,26.7,27.6,15.91,12,20,1001.1,1001,1002,86.56,51.6,127.6,148,0.38,203,0,0,0,0,0,0,*
H,20,21,6,3,26.32,25.8,27,26.31,20,32,1002,1002,1002,35.13,4.7,69.4,151,0.37,203,0,0,0,0,0,0,*
H,21,21,6,3,25.25,24.7,25.9,40.51,32,48,1002.26,1002,1003,2.93,0.1,4.7,128,0.33,203,0,0,0,0,0,0,*
H,22,21,6,3,24.76,24.6,24.9,51.17,49,53,1003,1003,1003,3.38,2.6,4.4,102,0.16,204,0,0,0,0,0,0,*
H,23,21,6,3,24.57,24.2,24.9,55.17,53,58,1003,1003,1003,3.39,2.3,4.4,83,0.25,203,0,0,0,0,0,0,*
H,0,22,6,3,23.71,23.2,24.3,63.85,58,70,1003,1003,1003,3.56,2.6,5.1,20,0.37,203,0,0,0,0,0,0,19.8,30.8,9,87,1001,1004,*
H,1,22,6,3,22.91,22.5,23.2,72.7,70,77,1003,1003,1003,3.36,2,4.4,19,0.22,203,0,0,0,0,0,0,*
H,2,22,6,3,22.13,21.7,22.5,77.18,76,79,1003,1003,1004,3.45,2,4.7,18,0.32,204,0,0,0,0,0,0,*
H,3,22,6,3,21.32,21,21.7,80.58,79,82,1003,1003,1003,3.4,2.3,4.7,17,0.29,203,0,0,0,0,0,0,*
H,4,22,6,3,20.8,20.6,21.1,83.5,82,85,1003,1003,1003,3.39,2.3,4.7,11,0.2,204,0,0,0,0,0,0,*
H,5,22,6,3,20.6,20.5,20.7,85.42,85,86,1003,1003,1003,8.02,0,25.6,12,0.17,203,0,0,0,0,0,0,*
H,6,22,6,3,21.31,20.6,22.3,81.68,76,85,1003.73,1003,1004,78.07,25.9,137.8,20,0.32,203,0,0,0,0,0,0,*
H,7,22,6,3,23.01,22.3,23.7,70.08,65,76,1004,1004,1004,237.57,130.9,342.8,52,0.3,203,0,0,0,0,0,0,*
H,8,22,6,3,24.28,23.5,25.2,62.31,58,66,1004,1004,1004,370.22,201.7,494,60,0.34,203,0,0,0,0,0,0,*
H,9,22,6,3,25.82,24.8,26.6,49.54,40,58,1004,1004,1004,454.99,257,611.2,46,0.61,203,0,0,0,0,0,0,*
H,10,22,6,3,26.61,25.7,27.4,35.08,29,43,1004,1004,1004,614.63,315.1,767.6,73,0.49,203,0,0,0,0,0,0,*
H,11,22,6,3,27.79,27,28.6,20.29,12,31,1004,1004,1004,773.94,740.6,818.3,98,0.55,203,0,0,0,0,0,0,*
H,12,22,6,3,28.89,28.1,29.9,10.95,9,18,1004,1004,1004,827.94,701.9,868.5,106,0.91,203,0,0,0,0,0,0,*
H,13,22,6,3,29.85,28.9,31,18.66,12,25,1003.43,1003,1004,869.89,839.4,904.2,138,1.13,203,0,0,0,0,0,0,*
H,14,22,6,3,29.73,29.1,30.6,10.53,9,13,1003,1003,1003,650.86,228,911.4,131,0.59,203,0,0,0,0,0,0,*
H,15,22,6,3,29.99,29,31,10.44,9,15,1003,1003,1003,643.45,203.6,840.1,142,0.69,203,0,0,0,0,0,0,*
H,16,22,6,3,29.97,28.7,31.1,19.47,14,25,1003,1003,1003,382.49,104.7,665.1,163,0.77,203,0,0,0,0,0,0,*
H,17,22,6,3,28.99,28.4,29.7,14.08,12,19,1003,1003,1003,342.03,122.8,504.4,147,0.49,203,0,0,0,0,0,0,*
H,18,22,6,3,28.36,28.1,28.7,16.82,13,21,1003,1003,1003,182.21,131.7,283.6,147,0.42,203,0,0,0,0,0,0,*
H,19,22,6,3,27.98,27.3,28.7,10.71,9,17,1002.52,1002,1003,101.21,19.4,240.5,124,0.39,203,0,0,0,0,0,0,*
H,20,22,6,3,26.65,25.9,27.3,26.12,16,39,1003,1003,1003,24.97,3.7,42,113,0.38,203,0,0,0,0,0,0,*
H,21,22,6,3,25.69,25.2,26,44.56,38,51,1003.79,1003,1004,2.79,0,4.7,117,0.35,204,0,0,0,0,0,0,*
H,22,22,6,3,24.83,24.4,25.3,54.85,51,61,1004.35,1004,1005,3.47,2.6,4.4,45,0.36,203,0,0,0,0,0,0,*
H,23,22,6,3,23.61,23.1,24.3,68.96,61,74,1005,1005,1005,3.28,2.3,4,122,0.27,203,0,0,0,0,0,0,*
H,0,23,6,3,23.07,22.7,23.3,76.71,74,80,1005,1005,1005,3.27,2.3,4.4,125,0.31,203,0,0,0,0,0,0,20.5,31.2,9,86,1002,1005,*
H,1,23,6,3,22.56,22.3,22.8,81.71,80,83,1005,1005,1005,3.51,2.3,4.7,42,0.42,203,0,0,0,0,0,0,*
H,2,23,6,3,21.97,21.6,22.4,84.83,83,87,1005,1005,1005,3.43,2,4.4,8,0.17,204,0,0,0,0,0,0,*
H,3,23,6,3,21.55,21.4,21.7,87.31,87,89,1005,1005,1005,3.43,2,4.7,17,0.26,203,0,0,0,0,0,0,*
H,4,23,6,3,21.24,21,21.5,91.06,89,93,1005,1005,1005,3.36,2.6,4.7,16,0.25,203,0,0,0,0,0,0,*
H,5,23,6,3,20.93,20.8,21.1,94.04,93,95,1005,1005,1005,7.24,0,26.3,16,0.32,204,0,0,0,0,0,0,*
H,6,23,6,3,21.61,21,22.5,93.14,90,95,1005.51,1005,1006,71.44,26.3,141.9,28,0.4,203,0,0,0,0,0,0,*
H,7,23,6,3,22.85,22.3,23.8,87.55,86,90,1005.43,1005,1006,204.96,110.4,334.9,33,0.46,203,0,0,0,0,0,0,*
H,8,23,6,3,24.69,23.8,25.6,84.21,83,87,1006,1006,1006,349.83,206.2,465.8,39,0.51,203,0,0,0,0,0,0,*
H,9,23,6,3,25.87,25,27.1,77.95,67,86,1006,1006,1006,443.6,225.8,628,70,0.63,203,0,0,0,0,0,0,*
H,10,23,6,3,27.11,26.4,28,66.06,62,70,1006,1006,1006,660.59,286.4,734.1,54,0.67,203,0,0,0,0,0,0,*
H,11,23,6,3,28.5,27.5,29.2,55,52,62,1006,1006,1006,753.56,370.6,841.5,79,1.07,203,0,0,0,0,0,0,*
H,12,23,6,3,29.12,28.2,30.1,52.61,49,55,1005.9,1005,1006,636.73,335.1,935.9,98,0.85,203,0,0,0,0,0,0,*
H,13,23,6,3,29.16,28.6,30.3,56.79,50,61,1005,1005,1005,390.02,222.4,834.3,121,0.47,203,0,0,0,0,0,0,*
H,14,23,6,3,29.83,29,31,57.08,53,62,1005,1005,1005,540.61,229.9,905.6,149,0.63,202,0,0,0,0,0,0,*
H,15,23,6,3,30.2,29.4,31.3,54.3,48,58,1004.98,1004,1005,496.98,237.7,767.9,160,0.64,203,0,0,0,0,0,0,*
H,16,23,6,3,30.56,29.8,31.7,48.72,45,51,1004.18,1004,1005,466.81,221.8,706.3,145,0.64,203,0,0,0,0,0,0,*
H,17,23,6,3,30.42,29.8,31,47.87,46,50,1004.41,1004,1005,349.3,205.5,536.8,128,0.51,203,0,0,0,0,0,0,*
H,18,23,6,3,29.69,28.9,30.4,50.18,46,56,1004.41,1004,1005,197.67,88.5,370.1,144,0.46,203,0,0,0,0,0,0,*
H,19,23,6,3,28.16,27.4,29,60.02,56,66,1005.45,1005,1006,36.81,5.7,87.2,106,0.46,203,0,0,0,0,0,0,*
H,20,23,6,3,26.52,25.9,27.5,43.79,24,69,1006.79,1006,1008,2.82,0,6.1,50,0.61,203,0,0,0,0,0,0,*
H,21,23,6,3,22.34,18.8,26.2,55.46,24,84,1009.09,1008,1010,3.83,2.3,6.4,325,1.28,203,0,0,0,15.6,0,15.6,*
H,22,23,6,3,19.34,18.7,20.4,90.8,84,93,1007.52,1006,1010,3.25,2.3,4.4,108,1.01,203,0,0,0,1.2,0,1.2,*
H,23,23,6,3,20.46,20.2,20.8,91.86,89,93,1008.03,1008,1009,3.31,2.3,4.1,307,0.52,203,0,0,0,0,0,0,*
H,0,24,6,3,20.51,20.3,20.7,93.1,92,95,1008,1008,1008,3.36,2.6,4.4,317,1.05,203,0,0,0,0,0,0,18.7,31.8,24,95,1004,1011,*
H,1,24,6,3,20.41,20.2,20.7,94.51,92,96,1008.68,1008,1009,3.29,2.3,4.4,46,0.32,203,0,0,0,0,0,0,*
H,2,24,6,3,20.17,19.7,20.8,96.78,96,97,1007.47,1007,1008,3.3,2.3,4,122,1.4,203,0,0,0,0,0,0,*
H,3,24,6,3,20.29,20.1,20.6,96.71,96,97,1007.23,1007,1008,3.44,2.6,4.7,353,0.3,203,0,0,0,0,0,0,*
H,4,24,6,3,19.99,19.8,20.2,97,97,98,1008,1008,1008,3.39,2.3,4.7,27,0.55,203,0,0,0,0,0,0,*
H,5,24,6,3,19.84,19.6,20.1,97.54,97,98,1008,1008,1008,13.09,0,59.4,21,0.92,204,0,0,0,0,0,0,*
H,6,24,6,3,20.47,19.8,20.8,96.33,95,98,1008,1008,1008,101.99,60.1,139.2,65,0.79,203,0,0,0,0,0,0,*
H,7,24,6,3,21.66,20.7,22.5,90.3,86,95,1008.42,1008,1009,215.23,136.4,316.1,20,0.55,203,0,0,0,0,0,0,*
H,8,24,6,3,23.4,22.2,24.6,77.69,64,86,1008.7,1008,1009,375.7,135.4,488.2,28,0.45,203,0,0,0,0,0,0,*
H,9,24,6,3,25.12,24.4,25.9,63.93,60,67,1008.95,1008,1009,433.85,213.9,640.6,62,0.76,203,0,0,0,0,0,0,*
H,10,24,6,3,26.32,25.4,27.4,60.92,58,65,1008.45,1008,1009,661.69,501.7,717.3,109,0.84,203,0,0,0,0,0,0,*
H,11,24,6,3,27.37,26.6,28.4,44.26,31,58,1008,1008,1008,755.66,714.2,792.9,95,0.64,202,0,0,0,0,0,0,*
H,12,24,6,3,28.59,27.8,29.5,27.42,23,33,1007.68,1007,1008,812.3,787.5,838,125,0.66,203,0,0,0,0,0,0,*
H,13,24,6,3,29.42,28.5,30.5,25.41,22,28,1007,1007,1007,712.75,302.2,896.5,156,0.97,203,0,0,0,0,0,0,*
H,14,24,6,3,30.18,29,31.4,25.51,21,31,1006.28,1006,1007,719.03,386.7,880.2,241,0.83,203,0,0,0,0,0,0,*
H,15,24,6,3,29.46,28.6,30.1,28.41,20,34,1006,1006,1006,168.57,16.5,589.1,271,0.81,203,0,0,0,0,0,0,*
H,16,24,6,3,27.68,26.1,28.7,45.42,33,67,1006.78,1006,1007,4.84,0,16.3,347,0.9,203,0,0,0,0.2,0,0.2,*
H,17,24,6,3,25.61,24.7,26.6,75.51,67,81,1005.52,1004,1006,14.34,0.6,78.6,208,1.05,203,0,0,0,0,0,0,*
H,18,24,6,3,26.81,26.2,27.1,64.75,58,69,1005.96,1005,1006,163.78,81.7,312.6,298,0.66,202,0,0,0,0,0,0,*
H,19,24,6,3,26.62,26.2,27,66.77,62,69,1006,1006,1006,102.11,16,212.6,38,0.48,203,0,0,0,0,0,0,*
H,20,24,6,3,25.88,25.4,26.3,69.98,67,74,1006.5,1006,1007,4.73,0,17.4,132,1.25,203,0,0,0,0,0,0,*
H,21,24,6,3,24.54,24.1,25.8,82.93,74,87,1006.58,1006,1007,3.06,1.6,4,339,1.33,203,0,0,0,0.6,0,0.6,*
H,22,24,6,3,23.99,23.7,24.5,90.23,87,92,1007,1007,1007,3.43,2.6,4.4,306,0.61,203,0,0,0,0,0,0,*
H,23,24,6,3,23.52,23.1,23.9,93.82,91,96,1007,1007,1007,3.5,2.6,4.4,336,0.77,204,0,0,0,0,0,0,*
H,0,25,6,3,22.94,22.4,23.5,95.18,93,96,1007,1007,1008,3.38,2.3,4.7,50,0.5,203,0,0,0,0,0,0,19.6,31.4,20,98,1003,1009,*
H,1,25,6,3,22.44,22.3,22.7,95.94,95,96,1007.02,1007,1008,3.43,2.3,4.7,19,0.36,202,0,0,0,0,0,0,*
H,2,25,6,3,21.9,21.6,22.4,93.72,92,96,1007.01,1007,1008,3.44,2.3,4.7,10,0.17,204,0,0,0,0,0,0,*
H,3,25,6,3,21.32,21.1,21.6,93.95,93,94,1007,1007,1007,3.44,2.3,4.7,0,0.2,203,0,0,0,0,0,0,*
H,4,25,6,3,21.16,20.9,21.3,92.56,92,94,1007,1007,1007,3.49,2.3,4.7,5,0.22,203,0,0,0,0,0,0,*
H,5,25,6,3,20.79,20.6,21.1,93.6,93,94,1007.69,1007,1008,8.12,0,30.7,41,0.37,204,0,0,0,0,0,0,*
H,6,25,6,3,21.39,21.1,21.9,91.08,88,93,1007.4,1007,1008,80.74,30.7,136.1,21,0.39,203,0,0,0,0,0,0,*
H,7,25,6,3,22.63,21.8,23.5,85.56,82,89,1007.82,1007,1008,203.08,99.1,287,14,0.3,203,0,0,0,0,0,0,*
H,8,25,6,3,24.3,23.4,25.2,74.61,68,82,1007.38,1007,1008,344.08,202.4,436.5,11,0.46,203,0,0,0,0,0,0,*
H,9,25,6,3,26.43,25,27.6,62.46,55,69,1007,1007,1007,474.56,226.8,600.6,16,1.42,203,0,0,0,0,0,0,*
H,10,25,6,3,27.5,26.7,28.5,47.12,44,56,1006.98,1006,1007,623.04,480.8,696.4,221,1.06,203,0,0,0,0,0,0,*
H,11,25,6,3,28.86,27.5,30,36.89,32,44,1006,1006,1006,738.17,666.9,781.6,243,1.34,202,0,0,0,0,0,0,*
H,12,25,6,3,29.79,29.1,30.5,35.26,33,39,1005.86,1005,1006,751.88,377.9,820.2,253,0.57,203,0,0,0,0,0,0,*
H,13,25,6,3,30.18,29.3,30.9,36.79,29,42,1005,1005,1005,777.26,714.8,810.6,217,0.49,203,0,0,0,0,0,0,*
H,14,25,6,3,30.86,30,31.8,31.38,26,36,1004.25,1004,1005,736.4,433,808.9,226,0.45,203,0,0,0,0,0,0,*
H,15,25,6,3,31.5,30.6,32.4,27.92,23,31,1003.51,1003,1004,633.28,304.6,778.4,242,0.5,202,0,0,0,0,0,0,*
H,16,25,6,3,31.69,30.6,32.6,31.28,28,46,1002.63,1002,1003,360.33,59.8,619.9,233,0.73,203,0,0,0,0,0,0,*
H,17,25,6,3,29.99,29.5,30.7,57.21,46,62,1003.26,1002,1004,13.03,0,58.8,110,0.88,203,0,0,0,0,0,0,*
H,18,25,6,3,28.67,27.8,29.9,70.4,59,79,1003.94,1003,1004,2.9,0,12.5,240,1.22,203,0,0,0,0,0,0,*
H,19,25,6,3,27.37,26,28.3,76.98,70,86,1002.85,1002,1004,16.21,9.5,24.6,38,0.91,203,0,0,0,0,0,0,*
H,20,25,6,3,23.82,22.8,26,68.2,61,81,1004.42,1003,1005,14.71,5.7,18.4,48,0.34,203,0,0,0,0,0,0,*
H,21,25,6,3,22.78,22.6,23,74.01,72,75,1005,1005,1005,3.09,0,5.7,64,1,204,0,0,0,0,0,0,*
H,22,25,6,3,22.58,22.4,22.8,72.63,72,73,1005.19,1005,1006,3.46,2.3,4.4,340,0.49,203,0,0,0,0,0,0,*
H,23,25,6,3,22.34,21.7,22.6,74.94,72,79,1005.27,1005,1006,3.46,2.3,4.7,273,0.91,203,0,0,0,0,0,0,*
H,0,26,6,3,21.67,21.5,22,80.84,79,82,1005,1005,1006,3.4,2,4.7,247,0.57,203,0,0,0,0,0,0,20.6,32.6,23,96,1002,1008,*
H,1,26,6,3,21.8,21.6,22,81.34,81,82,1005,1005,1005,3.39,2.3,4.4,276,0.42,202,0,0,0,0,0,0,*
H,2,26,6,3,21.67,21.5,21.8,82.42,81,83,1004.2,1004,1005,3.42,2.3,4.4,282,0.43,204,0,0,0,0,0,0,*
H,3,26,6,3,21.17,20.9,21.6,86.6,83,89,1004,1004,1004,3.34,2.3,4.4,127,1.3,203,0,0,0,0,0,0,*
H,4,26,6,3,21.07,20.9,21.3,88.59,88,89,1003.82,1003,1004,3.29,2.3,4.4,23,0.43,204,0,0,0,0,0,0,*
H,5,26,6,3,21.17,20.8,21.4,88.77,88,90,1003.32,1003,1004,7.54,0,23.5,5,0.18,203,0,0,0,0,0,0,*
H,6,26,6,3,20.74,20.5,21.1,90.71,90,91,1003.37,1003,1004,69.62,23.5,170.3,21,0.36,203,0,0,0,0,0,0,*
H,7,26,6,3,21.94,21,23,83.76,78,90,1003.96,1003,1004,217.43,154.9,321.5,31,0.43,204,0,0,0,0,0,0,*
H,8,26,6,3,23.9,22.8,25.2,71.99,62,79,1004,1004,1004,348.86,135.4,446.5,23,0.39,203,0,0,0,0,0,0,*
H,9,26,6,3,25.64,25,26.4,56.8,52,62,1004,1004,1004,464.18,242.8,584.2,61,0.33,203,0,0,0,0,0,0,*
H,10,26,6,3,26.85,26.2,28,39.4,28,51,1003.21,1003,1004,644.78,539,699.5,69,0.65,203,0,0,0,0,0,0,*
H,11,26,6,3,28.32,27.2,29.3,22.45,15,28,1003,1003,1003,705.61,489.7,917.9,124,1.12,203,0,0,0,0,0,0,*
H,12,26,6,3,28.61,28.2,29.4,12.95,11,19,1002.36,1001,1003,659.98,394.1,946.6,96,0.81,202,0,0,0,0,0,0,*
H,13,26,6,3,29.01,28.4,29.6,11.91,10,18,1002,1002,1002,520.29,270.7,927,74,0.85,203,0,0,0,0,0,0,*
H,14,26,6,3,29.02,28.4,29.7,17.03,12,29,1001.06,1001,1002,229.04,103.8,590.6,91,0.67,203,0,0,0,0,0,0,*
H,15.01,26,6,3,28.56,28.4,29,32.4,29,35,1001,1001,1001,172.67,158.4,185.1,177,0.33,10,0,0,0,0,0,0,*
H,16,26,6,3,27.07,26.4,27.9,71.02,60,76,1001,1001,1001,310.49,209.3,551.4,123,0.2,97,0,0,0,0.2,0,0.2,*
H,17,26,6,3,28.36,27.6,28.9,48.17,34,69,1000.14,1000,1001,380.68,159.4,541.5,45,0.44,202,0,0,0,0,0,0,*
H,18,26,6,3,27.7,26.8,28.5,43.27,34,53,1000.11,1000,1001,64.26,21.8,267.5,46,0.34,204,0,0,0,0,0,0,*
H,19,26,6,3,26.79,26.6,27,55.69,53,57,1001,1001,1001,40.96,21.8,86.3,62,0.27,203,0,0,0,0,0,0,*
H,20,26,6,3,25.81,24.6,27,33.04,24,56,1000.99,1000,1001,19.79,0,44.6,64,0.33,203,0,0,0,0,0,0,*
H,21,26,6,3,23.94,23.4,24.6,36.68,28,45,1001.49,1001,1002,3,0.9,4.4,54,0.37,203,0,0,0,0,0,0,*
H,22,26,6,3,22.76,21.3,23.6,54.98,45,71,1002.55,1002,1003,3.66,2.6,5.4,20,0.53,203,0,0,0,0.2,0,0.2,*
H,23,26,6,3,21.21,20.8,21.5,76.12,72,78,1001.95,1001,1002,3.39,2,5.1,354,0.88,203,0,0,0,0.2,0,0.2,*
H,0,27,6,3,21.58,21.1,22,75.5,74,78,1002.75,1002,1003,3.3,2.3,4.4,347,0.68,203,0,0,0,0,0,0,20.8,28.9,23,78,1000,1003,*
H,1,27,6,3,21.07,19.9,21.7,80.25,74,90,1003,1002,1004,3.37,2.3,4.4,329,1.32,203,0,0,0,1.6,0,1.6,*
H,2,27,6,3,19.74,19.5,20.1,95.39,90,98,1001.21,1000,1002,3.35,2.5,4.4,127,1.47,203,0,0,0,0.8,0,0.8,*
H,3,27,6,3,19.88,19.7,20.1,98.86,98,99,1001.98,1001,1002,3.36,2.3,4.5,222,0.9,203,0,0,0,0,0,0,*
H,4,27,6,3,19.83,19.6,20,99,99,99,1001.99,1001,1002,3.4,2.3,4.5,15,0.99,204,0,0,0,0,0,0,*
H,5,27,6,3,19.5,19.2,19.6,99,99,99,1002.22,1002,1003,6.02,0,22.3,358,0.26,203,0,0,0,0.2,0,0.2,*
H,6,27,6,3,19.41,19.1,19.9,99,99,99,1002.99,1002,1003,50.19,22.8,149.1,352,0.36,203,0,0,0,0,0,0,*
H,7,27,6,3,21.12,19.8,22.6,97.24,88,99,1003,1003,1003,236.86,148.8,319.8,321,0.52,203,0,0,0,0,0,0,*
H,8,27,6,3,23.63,22.6,24.8,74.45,62,87,1003,1003,1003,401.69,320.8,482.4,319,0.73,203,0,0,0,0,0,0,*
H,9,27,6,3,25.25,24.5,26,58.95,51,66,1003,1003,1003,493.63,100.9,618.1,291,0.79,203,0,0,0,0,0,0,*
H,10,27,6,3,26.45,25.3,27.5,37.9,25,51,1002.99,1002,1003,679.45,620.1,725.8,6,1.27,203,0,0,0,0,0,0,*
H,11,27,6,3,27.03,26.3,27.6,23.08,16,28,1002.74,1002,1003,771.49,458.5,860.7,78,0.59,203,0,0,0,0,0,0,*
H,12,27,6,3,27.65,27.1,28.5,13.06,9,27,1002,1002,1002,799,406.5,898,92,0.78,203,0,0,0,0,0,0,*
H,13,27,6,3,27.91,27.2,28.9,12.57,9,17,1002,1002,1002,800.61,289.5,924.4,67,0.8,203,0,0,0,0,0,0,*
H,14,27,6,3,28.7,27.9,29.5,17.54,13,24,1001.33,1001,1002,814.81,678.6,876.1,79,0.69,203,0,0,0,0,0,0,*
H,15,27,6,3,29.23,28.6,30.2,23,16,30,1000.99,1000,1001,715.41,633.3,781.5,71,0.83,203,0,0,0,0,0,0,*
H,16,27,6,3,29.54,28.9,30.1,24.1,13,33,1000.02,1000,1001,455.56,181,661.3,98,0.89,203,0,0,0,0,0,0,*
H,17,27,6,3,29.22,28.9,30.3,19.14,9,27,1000,1000,1001,394.64,164.2,488.5,160,0.7,204,0,0,0,0,0,0,*
H,18,27,6,3,28.4,27.8,29.3,19.2,15,22,1000.45,1000,1001,181,79.7,359.7,146,0.45,203,0,0,0,0,0,0,*
H,19,27,6,3,27.75,27.4,28.1,20.86,17,24,1000.49,1000,1001,119.37,63.6,202.5,117,0.31,203,0,0,0,0,0,0,*
H,20,27,6,3,26.49,25.6,27.4,32.71,24,44,1000.93,1000,1001,21.48,0.9,62.2,82,0.35,203,0,0,0,0,0,0,*
H,21,27,6,3,24.57,23.8,25.6,58.64,44,69,1002.29,1001,1003,2.89,0,4.6,71,0.46,203,0,0,0,0,0,0,*
H,22,27,6,3,23.33,22.8,23.9,58.96,54,70,1003.42,1003,1004,3.43,2.6,4.4,57,0.29,204,0,0,0,0,0,0,*
H,23,27,6,3,22.6,22.5,22.8,58.78,53,61,1003.34,1003,1004,3.41,2.3,4.7,46,0.41,203,0,0,0,0,0,0,*
H,0,28,6,3,21.95,21.4,22.6,54.07,51,56,1004,1004,1004,3.38,2.3,4.7,52,0.28,203,0,0,0,0,0,0,19.1,30.3,9,99,999,1004,*
H,1,28,6,3,21.09,20.8,21.6,60.85,55,68,1004,1004,1004,3.37,2.3,4.7,49,0.47,203,0,0,0,0,0,0,*
H,2,28,6,3,20.38,19.9,20.9,73.6,68,80,1004,1004,1004,3.43,2.3,5.1,17,0.31,203,0,0,0,0,0,0,*
H,3,28,6,3,19.84,19.7,20,82.04,80,84,1003.62,1003,1004,3.35,2.3,4.4,24,0.79,204,0,0,0,0,0,0,*
H,4,28,6,3,19.76,19.6,19.9,85.5,84,86,1003,1003,1003,3.22,2.3,4.4,244,0.67,203,0,0,0,0,0,0,*
H,5,28,6,3,19.58,19.1,20.1,86.96,85,90,1003.02,1003,1004,11.52,0.2,37.9,179,1.22,203,0,0,0,0,0,0,*
H,6,28,6,3,19.85,19.1,21.5,88.98,84,91,1003,1003,1003,120.99,37.9,210.7,118,0.53,203,0,0,0,0,0,0,*
H,7,28,6,3,22.42,21.5,23.4,72.99,67,84,1003,1003,1003,215.99,140.6,366.7,49,0.71,203,0,0,0,0,0,0,*
H,8,28,6,3,23.58,23,24.3,61.8,59,67,1003,1003,1003,287.02,146.3,494,70,0.56,203,0,0,0,0,0,0,*
H,9,28,6,3,24.89,23.9,25.9,50.13,41,60,1003.79,1003,1004,493.52,180.3,672.1,81,1.12,203,0,0,0,0,0,0,*
H,10,28,6,3,25.84,25,26.5,34.68,28,41,1003.18,1003,1004,531.41,344.2,756.3,77,0.73,203,0,0,0,0,0,0,*
H,11,28,6,3,26.31,26,27,29.67,24,35,1003,1003,1003,471.36,290.5,780.3,67,0.52,203,0,0,0,0,0,0,*
H,12,28,6,3,27.35,26.2,28.2,19.01,9,32,1003,1003,1003,745.43,294.2,957.9,76,0.58,203,0,0,0,0,0,0,*
H,13,28,6,3,28.48,27.3,29.3,23.64,11,38,1002.53,1002,1003,845.52,684.1,911,82,0.72,203,0,0,0,0,0,0,*
H,14,28,6,3,29.15,28.3,30,33.08,26,38,1001.84,1001,1002,798.93,580.2,861.4,90,0.87,203,0,0,0,0,0,0,*
H,15,28,6,3,29.4,28.8,30.2,32.96,28,37,1001,1001,1001,441.49,191.7,814.4,96,1.02,203,0,0,0,0,0,0,*
H,16,28,6,3,29.23,28.8,29.8,29.75,25,35,1001,1001,1001,270.87,159.8,501.8,82,0.6,203,0,0,0,0,0,0,*
H,17,28,6,3,28.77,28.3,29.2,22.21,12,30,1001,1001,1001,166.07,150.2,196.7,161,0.48,203,0,0,0,0,0,0,*
H,18,28,6,3,28.45,28.1,28.8,15.93,12,22,1001,1001,1001,154.85,122.4,194,163,0.74,203,0,0,0,0,0,0,*
H,19,28,6,3,27.25,25.9,28.3,13.15,9,23,1001,1001,1001,101.18,45.1,143.7,67,1.06,203,0,0,0,0,0,0,*
H,20,28,6,3,25.17,24.6,25.9,29.11,22,38,1001.04,1001,1002,11.63,0,45.1,21,0.34,203,0,0,0,0,0,0,*
H,21,28,6,3,24.37,23.8,24.6,40.94,37,48,1001.98,1001,1002,3.03,0.8,4.4,26,0.35,204,0,0,0,0,0,0,*
H,22,28,6,3,23.35,22.6,23.8,53.35,48,60,1002,1002,1002,3.46,2.6,4.4,16,0.34,203,0,0,0,0,0,0,*
H,23,28,6,3,22.57,22.2,22.9,61.96,59,67,1002.4,1002,1003,3.44,2.6,4.7,26,0.42,203,0,0,0,0,0,0,*
H,0,29,6,3,22.33,22.3,22.4,65.57,65,67,1002,1002,1002,3.37,2,4.7,13,0.27,204,0,0,0,0,0,0,19.1,30.3,9,91,1001,1004,*
H,1,29,6,3,22.06,21.7,22.4,65.08,64,67,1002,1002,1002,3.42,2,4.7,20,0.4,203,0,0,0,0,0,0,*
H,2,29,6,3,21.4,20.9,21.7,69.22,67,74,1001.53,1001,1002,3.46,2,4.7,15,0.38,203,0,0,0,0,0,0,*
H,3,29,6,3,20.48,19.9,20.9,83.87,75,91,1001.98,1001,1002,3.32,2.3,4.4,16,1.2,203,0,0,0,1.4,0,1.4,*
H,4,29,6,3,19.69,19.4,20.3,95.19,92,98,1001.57,1001,1002,3.26,2.3,4.4,317,0.47,203,0,0,0,1,0,1,*
H,5,29,6,3,19.44,19.2,19.6,98.99,98,99,1001,1001,1001,2.24,0.6,4.1,3,0.5,203,0,0,0,0,0,0,*
H,6,29,6,3,19.53,19.3,19.8,99,99,99,1001.13,1001,1002,6.34,0,18.2,27,0.4,204,0,0,0,0,0,0,*
H,7,29,6,3,19.64,19.3,19.9,98.27,96,99,1002,1002,1002,17.69,12.3,24.6,22,0.4,203,0,0,0,0,0,0,*
H,8,29,6,3,19.54,19.2,19.8,96.28,95,98,1002,1002,1002,46.79,19.1,95,17,0.51,203,0,0,0,0.2,0,0.2,*
H,9,29,6,3,19.78,19.1,20.7,96.4,91,99,1002,1002,1002,222.88,98.1,436.2,15,0.93,203,0,0,0,0.2,0,0.2,*
H,10,29,6,3,21.27,20.4,21.8,85.51,81,92,1002,1002,1002,293.24,267.8,345.5,141,0.61,203,0,0,0,0,0,0,*
H,11,29,6,3,22.04,21.3,22.9,76.13,70,81,1002,1002,1002,398.3,318.8,470,126,0.72,203,0,0,0,0,0,0,*
H,12,29,6,3,23.1,22.5,23.8,66.45,63,72,1002.01,1002,1003,440.23,362.4,600.6,108,0.71,202,0,0,0,0,0,0,*
H,13,29,6,3,23.83,23.2,24.3,60.14,54,63,1002,1002,1002,508.5,428.4,695,97,0.76,203,0,0,0,0,0,0,*
H,14,29,6,3,24.83,24,26.3,49.01,36,57,1002,1002,1002,726.37,390.1,979.8,71,1.14,203,0,0,0,0,0,0,*
H,15,29,6,3,25.93,25.4,26.5,34.28,30,38,1002,1002,1002,482.01,276.8,824.4,188,1.01,203,0,0,0,0,0,0,*
H,16,29,6,3,26.4,25.4,27.2,29.15,21,35,1001.15,1001,1002,545.71,291.2,705.3,252,1.16,203,0,0,0,0,0,0,*
H,17,29,6,3,26.48,25.8,27.1,34.26,30,38,1001,1001,1001,539.81,240.2,631,134,0.7,203,0,0,0,0,0,0,*
H,18,29,6,3,26.26,25.6,26.7,43.18,38,50,1000.6,1000,1001,332.05,220.4,466.8,153,0.54,203,0,0,0,0,0,0,*
H,19,29,6,3,25.42,24.8,25.8,52.72,49,58,1000.72,1000,1001,137.09,21.8,222,141,0.33,203,0,0,0,0,0,0,*
H,20,29,6,3,24.01,23.3,24.8,67.09,58,76,1001,1001,1001,22.3,7.6,42,148,0.38,203,0,0,0,0,0,0,*
H,21,29,6,3,22.8,22.4,23.4,80.41,77,83,1001.8,1001,1002,3.78,0.2,8.1,164,0.42,203,0,0,0,0,0,0,*
H,22,29,6,3,22.23,22.1,22.5,84.16,83,85,1002,1002,1002,3.31,2.3,4.4,166,0.39,203,0,0,0,0,0,0,*
H,23,29,6,3,21.8,21.3,22.2,86.7,85,89,1002.28,1002,1003,3.38,2.3,4.4,161,0.59,203,0,0,0,0,0,0,*
H,0,30,6,3,21.24,21,21.4,91.55,89,93,1002.97,1002,1003,3.41,2.3,4.4,8,0.16,203,0,0,0,0,0,0,19.1,27.2,21,99,1000,1003,*
H,1,30,6,3,20.89,20.6,21.2,94.8,93,96,1002.47,1002,1003,3.33,2.3,4.7,19,0.08,203,0,0,0,0,0,0,*
H,2,30,6,3,20.56,20.5,20.7,97.35,96,98,1002.01,1002,1003,3.31,2.3,4.4,359,0.17,203,0,0,0,0,0,0,*
H,3,30,6,3,20.32,20,20.6,98,98,98,1002,1002,1002,3.31,2.3,4.4,319,0.52,203,0,0,0,0,0,0,*
H,4,30,6,3,19.9,19.7,20,98.71,98,99,1002,1002,1002,3.35,2.3,4.4,323,0.24,204,0,0,0,0,0,0,*
H,5,30,6,3,19.29,19.1,19.8,99,99,99,1002,1002,1002,7.35,0,27.1,136,0.77,203,0,0,0,0,0,0,*
H,6,30,6,3,19.82,19.3,20.3,99,99,99,1002,1002,1002,78.35,28.3,129.6,123,0.88,203,0,0,0,0,0,0,*
H,7,30,6,3,20.9,20.3,21.5,96.31,93,99,1002,1002,1002,194.21,109.1,271.6,84,0.62,203,0,0,0,0,0,0,*
H,8,30,6,3,22.44,21.4,23.8,89.31,83,94,1002,1002,1002,339.23,215.1,436.2,133,0.72,203,0,0,0,0,0,0,*
H,9,30,6,3,24.58,23.6,25.7,75.87,68,84,1002,1002,1002,451.35,332.5,587.3,168,0.96,203,0,0,0,0,0,0,*
H,10,30,6,3,25.79,25.3,26.5,64.88,62,68,1002,1002,1002,535.96,275.1,718.7,209,0.94,203,0,0,0,0,0,0,*
H,11,30,6,3,26.56,25.8,27.2,59.29,55,65,1002,1002,1002,516.75,291.6,835.1,222,0.82,202,0,0,0,0,0,0,*
H,12,30,6,3,27.38,26.6,28.2,45.01,37,55,1001.44,1001,1002,536.61,311.7,915.4,209,0.89,203,0,0,0,0,0,0,*
H,13,30,6,3,27.27,26.7,27.9,49.18,42,52,1001,1001,1001,430.09,253.9,926.1,146,0.77,203,0,0,0,0,0,0,*
H,14,30,6,3,27.46,26.4,28.3,49.9,45,55,1000.95,1000,1001,483.14,286.7,845.3,150,0.71,203,0,0,0,0,0,0,*
H,15,30,6,3,27.44,26.9,28.1,47.68,44,50,1000,1000,1000,361.66,258,631.7,149,0.55,203,0,0,0,0,0,0,*
H,16,30,6,3,27.64,27.1,28.2,50.58,48,53,999.84,999,1000,304.17,205,623.8,139,0.5,203,0,0,0,0,0,0,*
H,17,30,6,3,27.99,27.4,28.7,49.05,45,53,999,999,999,360.24,223.7,505.8,167,0.62,202,0,0,0,0,0,0,*
H,18,30,6,3,27.5,27.1,28.2,53.71,51,56,999,999,999,250.95,163.2,364.1,162,0.49,203,0,0,0,0,0,0,*
H,19,30,6,3,26.55,25.9,27.2,60.21,55,65,998.97,998,999,127.09,65.6,233.3,152,0.37,204,0,0,0,0,0,0,*
H,20,30,6,3,25.38,24.8,26,71.32,65,78,998.99,998,999,25.4,0.4,65.3,162,0.5,203,0,0,0,0,0,0,*
H,21,30,6,3,24.61,24.3,24.9,82.5,78,86,999,999,999,2.72,0,4,180,0.47,203,0,0,0,0,0,0,*
H,22,30,6,3,24,23.7,24.5,90.24,86,93,999,999,999,3.32,2,4.4,129,0.64,203,0,0,0,0,0,0,*
H,23,30,6,3,23.54,23.2,23.8,95.16,94,96,999,999,999,3.44,2.6,4.4,6,1.48,204,0,0,0,0,0,0,*
H,0,1,7,3,23.11,22.9,23.3,97.45,96,98,999,999,999,3.36,2.3,4.7,30,0.29,203,0,0,0,0,0,0,19.1,28.8,37,99,998,1003,*
H,1,1,7,3,22.74,22.6,22.9,98.87,98,99,998.02,998,999,3.34,2.3,4.4,24,0.28,203,0,0,0,0,0,0,*
H,2,1,7,3,22.83,22.7,22.9,99,99,99,997.74,997,998,3.37,2.3,4.7,31,0.38,204,0,0,0,0,0,0,*
H,3,1,7,3,22.59,22.4,22.7,99,99,99,997,997,997,3.37,2,4.7,27,0.31,203,0,0,0,0,0,0,*
H,4,1,7,3,22.25,22.2,22.4,99,99,99,997,997,997,3.43,2,4.7,26,0.39,204,0,0,0,0,0,0,*
H,5,1,7,3,21.88,21.6,22.3,99,99,99,996.58,996,997,4.87,0,16.7,42,0.49,204,0,0,0,0,0,0,*
H,6,1,7,3,21.84,21.6,22.4,99,99,99,996.09,996,997,55.27,16.7,97.8,36,0.33,203,0,0,0,0,0,0,*
H,7,1,7,3,22.81,22.3,23.7,97.8,94,99,996,996,996,184.31,85.5,288,15,0.35,204,0,0,0,0,0,0,*
H,8,1,7,3,24.36,23.5,24.9,90.67,88,94,996,996,996,308.83,241.5,384.9,18,0.75,203,0,0,0,0,0,0,*
H,9,1,7,3,25.65,24.7,26.7,86.14,81,90,995.78,995,996,414.57,181.3,639.6,93,0.84,203,0,0,0,0,0,0,*
H,10,1,7,3,27.42,26.5,28.5,69.3,53,81,995,995,995,693.35,532.8,753.6,216,0.98,204,0,0,0,0,0,0,*
H,11,1,7,3,28.44,27.6,29.5,36.42,22,52,994.62,994,995,643.28,317.9,925.4,244,0.51,203,0,0,0,0,0,0,*
H,12,1,7,3,29.56,28.4,30.6,13.39,9,20,994,994,994,826.81,338.7,885.1,240,0.51,203,0,0,0,0,0,0,*
H,13,1,7,3,29.97,29.3,30.8,12.72,9,17,993.32,993,994,679.21,230.6,974.3,237,0.43,203,0,0,0,0,0,0,*
H,14,1,7,3,29.74,28.7,30.4,12.99,9,24,993,993,993,362.93,234.7,894.9,199,0.61,204,0,0,0,0,0,0,*
H,15,1,7,3,29.67,28.9,30.5,21.78,11,32,992.22,992,993,417.56,236.7,876.8,171,0.58,203,0,0,0,0,0,0,*
H,16,1,7,3,28.93,28.2,30.1,27.85,22,31,991.87,991,992,230.58,100.2,638.9,149,0.54,203,0,0,0,0,0,0,*
H,17,1,7,3,29.23,28.7,29.9,24.85,21,29,990.71,990,991,407.14,113.9,548.2,131,0.47,204,0,0,0,0,0,0,*
H,18,1,7,3,29.53,29,30,33.34,26,38,989.78,989,990,305.19,231.3,375.4,147,0.53,203,0,0,0,0,0,0,*
H,19,1,7,3,30.11,29.5,30.8,23.48,10,36,989,989,989,129.67,60.5,237.8,186,0.57,203,0,0,0,0,0,0,*
H,20,1,7,3,29.6,28.9,30.4,15.59,9,18,989,989,989,33.74,0,97.1,208,0.41,204,0,0,0,0,0,0,*
H,21,1,7,3,28.15,27.5,28.9,15.14,13,17,989.43,989,990,3.03,0.2,4.6,218,0.31,203,0,0,0,0,0,0,*
H,22,1,7,3,27.38,27,27.7,27.9,17,31,990.59,990,991,3.54,2.6,4.6,219,0.33,204,0,0,0,0,0,0,*
H,23,1,7,3,26.52,26,27,30.05,27,32,990.39,990,991,3.53,2.6,4.8,213,0.39,203,0,0,0,0,0,0,*
H,0,2,7,3,25.75,24.1,26.2,18.9,10,27,991.08,991,992,3.45,2.6,4.4,227,0.54,204,0,0,0,0,0,0,21.6,30.9,9,99,988,999,*
H,1,2,7,3,21.32,20.4,23.9,14.67,9,21,992.01,992,993,3.72,2.6,5.1,347,0.41,203,0,0,0,0,0,0,*
H,2,2,7,3,20.62,20.4,20.8,10.96,9,14,992.86,992,994,3.39,2.3,4.7,9,0.49,204,0,0,0,0,0,0,*
H,3,2,7,3,19.45,18.7,20.7,41.57,12,47,993.97,993,994,3.36,2.3,4.4,42,0.39,204,0,0,0,0,0,0,*
H,4,2,7,3,18.26,17.9,18.8,47.64,44,52,994.77,994,995,3.45,2.3,4.4,14,0.29,204,0,0,0,0,0,0,*
H,5,2,7,3,17.94,17.7,18.2,53.27,51,55,995,995,996,6.4,0.1,25.6,0,0.23,204,0,0,0,0,0,0,*
H,6,2,7,3,19.1,18.1,20.3,40.81,26,51,995.41,995,996,88.58,26.6,151.8,358,0.25,203,0,0,0,0,0,0,*
H,7,2,7,3,21.13,20.2,22,17.25,9,25,996,996,996,251.45,153.2,340.3,342,0.44,204,0,0,0,0,0,0,*
H,8,2,7,3,22.49,21.4,23.6,22.06,14,35,996.14,996,997,420.02,343.1,499.1,23,0.47,203,0,0,0,0,0,0,*
H,9,2,7,3,23.81,23.4,24.7,36.42,29,41,996.99,996,997,504.78,84.8,637.5,37,0.43,204,0,0,0,0,0,0,*
H,10,2,7,3,24.76,24,25.7,37.31,32,42,997,997,997,698.41,576.9,758.4,57,0.4,203,0,0,0,0,0,0,*
H,11,2,7,3,25.5,24.7,26.3,36.94,32,42,997,997,997,794.83,752.5,836.8,50,0.55,204,0,0,0,0,0,0,*
H,12,2,7,3,26.23,25.7,26.9,38.58,35,41,997,997,997,857.02,821.4,886.4,61,0.57,203,0,0,0,0,0,0,*
H,13,2,7,3,26.54,25.8,27.2,35.28,33,38,996.81,996,997,856.78,723.8,877.5,59,0.59,203,0,0,0,0,0,0,*
H,14,2,7,3,27.08,26.1,27.9,34.29,30,37,996.08,996,997,787.92,203.9,886.7,60,0.69,204,0,0,0,0,0,0,*
H,15,2,7,3,27.31,26.4,28.2,31.8,28,36,996,996,996,712.4,185.8,833.3,72,0.56,203,0,0,0,0,0,0,*
H,16,2,7,3,27.53,27,28.2,34.49,31,40,996,996,996,567.31,179.1,750.2,62,0.74,203,0,0,0,0,0,0,*
H,17,2,7,3,27.58,27.1,28.1,36.48,33,42,995.65,995,996,370.45,142.5,590.4,64,0.53,204,0,0,0,0,0,0,*
H,18,2,7,3,27.08,26.6,27.6,29.54,19,35,995.27,995,996,149.6,96.8,372.6,48,0.36,203,0,0,0,0,0,0,*
H,19,2,7,3,26.56,26.1,26.9,18.41,16,20,996,996,996,109.97,35.5,247,48,0.33,203,0,0,0,0,0,0,*
H,20,2,7,3,25.76,25.1,26.3,12.68,9,18,996.33,996,997,27.09,0,60.1,52,0.45,204,0,0,0,0,0,0,*
H,21,2,7,3,24.64,24.1,25.5,17.6,9,28,997,997,997,2.96,0.2,4.4,72,0.4,204,0,0,0,0,0,0,*
H,22,2,7,3,23.68,23.4,24.1,35.07,28,40,997,997,998,3.49,2.6,4.7,43,0.43,203,0,0,0,0,0,0,*
H,23,2,7,3,22.8,22.1,23.5,43.3,40,49,997.95,997,998,3.48,2.3,4.4,13,0.23,204,0,0,0,0,0,0,*
H,0,3,7,3,21.61,21.3,22.1,54.29,50,59,998,998,998,3.48,2.3,4.7,3,0.34,204,0,0,0,0,0,0,17.7,28.3,9,59,992,998,*
H,1,3,7,3,21.06,20.7,21.5,62.76,60,65,998,998,998,3.45,2,4.7,7,0.52,203,0,0,0,0,0,0,*
H,2,3,7,3,20.41,20.1,20.7,68.64,65,72,998,998,998,3.33,2.3,4.4,40,0.28,204,0,0,0,0,0,0,*
H,3,3,7,3,19.45,18.8,20.2,76.8,72,80,998.15,998,999,3.36,2.6,4.4,48,0.53,203,0,0,0,0,0,0,*
H,4,3,7,3,18.49,18.3,18.9,78.68,78,81,998.24,998,999,3.37,2.6,4.4,23,0.36,204,0,0,0,0,0,0,*
H,5,3,7,3,18.41,18.3,18.9,79,78,80,999,999,999,6.59,0,23.2,34,0.39,204,0,0,0,0,0,0,*
H,6,3,7,3,19.17,18.8,20,78.71,77,79,999,999,999,64.43,17,165.5,53,0.7,203,0,0,0,0,0,0,*
H,7,3,7,3,20.2,19.7,21.2,74.68,72,78,999,999,999,148.54,124.5,181.2,83,0.65,203,0,0,0,0,0,0,*
H,8,3,7,3,21.79,20.9,22.8,64.87,58,72,999,999,999,254.23,177.8,516.6,164,1.41,204,0,0,0,0,0,0,*
H,9,3,7,3,22.84,22.3,23.9,52.76,46,58,999,999,999,335.34,175.1,716.4,102,0.96,203,0,0,0,0,0,0,*
H,10,3,7,3,24.47,23.4,25.3,40.1,37,47,999,999,999,699.39,324,814.9,115,0.82,203,0,0,0,0,0,0,*
H,11,3,7,3,25.69,24.5,27.2,29.9,10,38,999,999,999,785.71,270.3,878.5,124,0.97,204,0,0,0,0,0,0,*
H,12,3,7,3,27.06,26.3,28,10.47,9,15,999,999,999,817.43,266.2,938.7,206,0.77,203,0,0,0,0,0,0,*
H,13,3,7,3,27.52,26.7,28.5,17.91,13,24,998.29,998,999,763.2,197.4,923.7,220,0.43,203,0,0,0,0,0,0,*
H,14,3,7,3,28.2,26.8,29.4,31.91,19,42,998.03,998,999,707.02,227.9,941.5,229,0.47,204,0,0,0,0,0,0,*
H,15,3,7,3,28.64,27.9,29.7,40.65,38,43,998,998,998,460.93,226.8,911.7,203,0.63,203,0,0,0,0,0,0,*
H,16,3,7,3,27.19,24.6,29.4,21.34,9,41,998,998,998,366.55,112.5,728.3,131,1.09,203,0,0,0,0,0,0,*
H,17,3,7,3,24.63,24.2,25.5,23.24,11,34,998,998,998,214.06,80.7,515.7,43,0.4,204,0,0,0,0,0,0,*
H,18,3,7,3,23.81,23.4,24.6,36.11,31,40,998.43,998,999,148.64,83.1,337.3,40,0.41,203,0,0,0,0,0,0,*
H,19,3,7,3,22,21.2,23.6,25.07,18,37,999.22,999,1000,48.33,35.9,80.7,14,0.35,203,0,0,0,0,0,0,*
H,20,3,7,3,20.33,18.7,21.3,35.36,25,53,1000.17,1000,1001,17.12,0,36.9,30,0.37,204,0,0,0,0,0,0,*
H,21,3,7,3,18.47,18.2,18.8,59.96,53,67,1001.09,1000,1002,2.79,0.2,4.4,32,0.34,203,0,0,0,0,0,0,*
H,22,3,7,3,18.3,18.2,18.6,68.9,67,71,1002,1002,1002,3.23,2.3,4.4,20,0.53,204,0,0,0,0,0,0,*
H,23,3,7,3,18.4,18.2,18.7,71.37,70,73,1002,1002,1002,3.28,2.5,4,62,0.45,203,0,0,0,0,0,0,*
H,0,4,7,3,18.26,18,18.4,74.2,73,75,1002,1002,1003,3.35,2.3,4.4,49,0.8,204,0,0,0,0,0,0,18,29.7,9,81,998,1003,*
H,1,4,7,3,18.2,17.9,18.6,77.21,75,79,1002.01,1002,1003,3.23,2.3,4.4,152,1.48,203,0,0,0,0,0,0,*
H,2,4,7,3,18.05,17.8,18.6,78.35,77,79,1002,1002,1002,3.39,2.5,4.4,359,0.6,203,0,0,0,0,0,0,*
H,3,4,7,3,17.7,17.3,18,79.33,78,81,1002,1002,1002,3.39,2.5,4.4,318,0.49,203,0,0,0,0,0,0,*
H,4,4,7,3,17.28,17,17.6,79.95,79,81,1002,1002,1002,3.32,2.3,4.4,315,0.35,203,0,0,0,0,0,0,*
H,5,4,7,3,17.5,17.3,17.8,76.68,75,79,1002,1002,1002,9.92,0,46.8,358,0.31,204,0,0,0,0,0,0,*
H,6,4,7,3,18.68,17.8,19.3,68.7,61,75,1002,1002,1002,69.73,45.7,97.8,303,0.47,203,0,0,0,0,0,0,*
H,7,4,7,3,19.98,19.1,20.8,45.05,37,60,1002,1002,1002,133.31,69.4,363.3,0,0.36,204,0,0,0,0,0,0,*
H,8,4,7,3,21.49,20.9,22.4,27.66,20,38,1002,1002,1002,279.99,188.4,551.8,24,0.45,203,0,0,0,0,0,0,*
H,9,4,7,3,22.32,21.7,23.1,15.75,10,25,1002,1002,1002,440.44,237.7,760.5,25,0.49,204,0,0,0,0,0,0,*
H,10,4,7,3,22.89,22.2,23.7,11.71,9,18,1002,1002,1002,455.99,218.8,776.3,357,0.61,203,0,0,0,0,0,0,*
H,11,4,7,3,20.14,17.9,22.8,38.65,9,74,1002.63,1002,1003,252.79,54.1,907,342,0.36,203,0,0,0,0.6,0,0.6,*
H,12,4,7,3,18.57,18.1,19,70.61,64,76,1003,1003,1003,177.19,139.9,276.4,339,0.31,203,0,0,0,0.4,0,0.4,*
H,13,4,7,3,18,17.3,18.5,76.97,71,81,1003,1003,1003,97.31,39.6,173.8,342,0.53,204,0,0,0,1,0,1,*
H,14,4,7,3,19.87,18.4,22,73.88,56,84,1002.94,1002,1003,556.23,83.4,1025.4,339,0.76,203,0,0,0,0,0,0,*
H,15,4,7,3,22.15,21.1,23.2,30.45,9,57,1002,1002,1002,659.76,322.9,962,18,0.46,203,0,0,0,0,0,0,*
H,16,4,7,3,23.11,22.6,23.6,14.7,10,20,1002,1002,1002,641.75,485.6,715,44,0.58,203,0,0,0,0,0,0,*
H,17,4,7,3,23.59,23,24.1,22.14,15,28,1001.37,1001,1002,415,275.5,584.5,84,0.6,204,0,0,0,0,0,0,*
H,18,4,7,3,23.52,23.1,24.1,30.13,19,36,1001.68,1001,1002,183.31,89.8,429.8,53,0.63,203,0,0,0,0,0,0,*
H,19,4,7,3,22.78,22.6,23.2,20.88,14,30,1002,1002,1002,45.64,5.4,88.9,10,0.36,204,0,0,0,0,0,0,*
H,20,4,7,3,20.98,19.9,22.7,34.75,9,57,1002.39,1002,1003,1.61,0,5.7,344,1.22,203,0,0,0,0.2,0,0.2,*
H,21,4,7,3,19.78,19.3,20.2,62.41,52,73,1003.3,1003,1004,3.23,2.3,4.7,284,0.38,203,0,0,0,0,0,0,*
H,22,4,7,3,18.93,18.5,19.4,75.82,73,78,1003,1003,1003,3.31,2.6,4.4,337,0.83,204,0,0,0,0,0,0,*
H,23,4,7,3,18.52,18.3,18.9,77.65,76,79,1003,1003,1003,3.35,2.3,4.4,307,0.44,203,0,0,0,0,0,0,*
H,0,5,7,3,18.68,18.5,18.9,75.58,74,78,1003,1003,1003,3.31,2.3,4.4,313,0.93,204,0,0,0,0,0,0,17,24.1,9,84,1001,1004,*
H,1,5,7,3,18.02,17.5,18.7,80.67,75,85,1003,1003,1003,3.44,2.3,4.4,27,0.79,203,0,0,0,0,0,0,*
H,2,5,7,3,17.17,16.9,17.6,86.7,85,88,1003,1003,1003,3.33,2.1,4.4,279,0.61,203,0,0,0,0,0,0,*
H,3,5,7,3,16.54,16,17,90.01,88,92,1003,1003,1004,3.33,2.5,4.5,234,0.35,203,0,0,0,0,0,0,*
H,4,5,7,3,15.71,15.6,16,89.37,89,90,1003.16,1003,1004,3.3,2.3,4.4,247,0.51,203,0,0,0,0,0,0,*
H,5,5,7,3,15.34,15.1,15.6,91.37,90,92,1004,1004,1004,6.4,0,32.1,339,0.64,204,0,0,0,0,0,0,*
H,6,5,7,3,16.42,15.3,17.5,85.84,78,92,1004,1004,1004,91.95,25.2,154.4,7,0.43,203,0,0,0,0,0,0,*
H,7,5,7,3,18.36,17.4,19.4,74.76,71,78,1004,1004,1004,247.32,157,329.4,2,0.31,203,0,0,0,0,0,0,*
H,8,5,7,3,20.06,19,21.6,68.88,62,72,1004,1004,1004,413.55,330.8,496,13,0.47,203,0,0,0,0,0,0,*
H,9,5,7,3,21.94,21.4,23.2,51.19,25,63,1004,1004,1004,500.21,68.2,628,39,0.61,203,0,0,0,0,0,0,*
H,10,5,7,3,23.46,22.4,24.8,16.34,9,26,1004,1004,1004,696.3,624.2,747.8,90,1.05,204,0,0,0,0,0,0,*
H,11,5,7,3,24.67,23.3,25.8,24.15,9,43,1004,1004,1004,792.97,744,837.8,200,0.98,203,0,0,0,0,0,0,*
H,12,5,7,3,25.85,24.8,26.8,44.18,40,49,1004,1004,1004,863.94,839.5,887.1,207,0.85,203,0,0,0,0,0,0,*
H,13,5,7,3,26.38,25.7,27.4,49.22,44,53,1004,1004,1004,871.23,841.9,885.1,226,0.81,203,0,0,0,0,0,0,*
H,14,5,7,3,26.95,25.9,27.9,48.41,45,54,1003.65,1003,1004,848.89,826.8,864.5,244,0.71,203,0,0,0,0,0,0,*
H,15,5,7,3,27.4,26.6,28.8,52.27,50,55,1003,1003,1003,765.02,698.5,858.3,197,0.79,203,0,0,0,0,0,0,*
H,16,5,7,3,27.37,26.7,28.3,49.46,45,52,1003,1003,1003,514,141.6,728.6,204,0.71,203,0,0,0,0,0,0,*
H,17,5,7,3,27.22,26.6,28,45.65,41,51,1003,1003,1003,357.13,107,575.9,224,0.63,203,0,0,0,0,0,0,*
H,18,5,7,3,26.5,25.9,27.3,30,21,42,1002.84,1002,1003,270.3,125.5,435.6,164,0.58,203,0,0,0,0,0,0,*
H,19,5,7,3,25.81,25,26.4,14.76,10,20,1002.64,1002,1003,149.71,80,230.2,165,0.53,203,0,0,0,0,0,0,*
H,20,5,7,3,24.01,23.1,25.2,20.17,9,35,1003,1003,1003,28.99,1.1,79.7,160,0.42,203,0,0,0,0,0,0,*
H,21,5,7,3,22.5,22.1,23.1,44.23,36,49,1003.85,1003,1004,2.55,0,4.4,155,0.31,203,0,0,0,0,0,0,*
H,22,5,7,3,21.48,20.8,22.2,56.79,50,64,1004.23,1004,1005,3.32,2.3,4.4,91,0.71,203,0,0,0,0,0,0,*
H,23,5,7,3,20.71,20.4,21.2,67.75,64,72,1005,1005,1005,3.43,2.3,5.7,6,0.25,204,0,0,0,0,0,0,*
H,0,6,7,3,20.42,20.4,20.5,73.27,72,74,1005,1005,1005,3.34,2.3,4.4,5,0.17,203,0,0,0,0,0,0,15.1,28.8,9,92,1002,1005,*
H,1,6,7,3,20.43,20.3,20.6,70.5,68,74,1005.48,1005,1006,3.33,2.3,4,0,0.21,203,0,0,0,0,0,0,*
H,2,6,7,3,20.22,19.7,20.5,67.94,67,69,1006,1006,1006,3.33,2.6,4.4,14,0.59,204,0,0,0,0,0,0,*
H,3,6,7,3,19.51,19.2,19.8,67.58,67,68,1006,1006,1006,3.36,2.6,4.4,26,0.46,203,0,0,0,0,0,0,*
H,4,6,7,3,18.96,18.8,19.2,68.94,68,70,1006,1006,1006,3.45,2.3,4.7,7,0.27,204,0,0,0,0,0,0,*
H,5,6,7,3,18.73,18.5,18.8,71.41,70,72,1006,1006,1006,3.24,0.2,10.2,10,0.27,203,0,0,0,0,0,0,*
H,6,6,7,3,18.45,18.3,18.6,71.2,70,72,1006,1006,1006,34.6,10.2,129.1,27,0.34,203,0,0,0,0,0,0,*
H,7,6,7,3,19.98,18.6,21.1,64.28,57,72,1006.84,1006,1007,224.25,88.2,352.3,41,0.4,203,0,0,0,0,0,0,*
H,8,6,7,3,21.22,20.8,22,52.8,46,57,1007,1007,1007,380.22,204.2,529.2,35,0.45,204,0,0,0,0,0,0,*
H,9,6,7,3,22.87,21.8,23.9,36.2,23,47,1007,1007,1007,477.41,172,612.6,27,0.6,203,0,0,0,0,0,0,*
H,10,6,7,3,24.38,23.5,25.3,13.4,9,27,1007,1007,1007,683.14,572.9,735.7,103,1.09,203,0,0,0,0,0,0,*
H,11,6,7,3,25.4,24.7,26.2,13.98,10,22,1006.49,1006,1007,772.82,736.2,816.5,161,1.21,203,0,0,0,0,0,0,*
H,12,6,7,3,26.53,25.5,27.3,29.33,19,36,1006,1006,1006,843.66,555.1,881.2,122,1.06,203,0,0,0,0,0,0,*
H,13,6,7,3,27.5,26.4,28.5,34.47,30,38,1005.97,1005,1006,803.73,205.6,918.2,206,1.07,203,0,0,0,0,0,0,*
H,14,6,7,3,27.17,26.5,28.5,23.4,18,30,1005.99,1005,1006,429.24,189.1,950.4,147,0.69,203,0,0,0,0,0,0,*
H,15,6,7,3,26.41,26,26.9,15.18,12,19,1006,1006,1006,287.21,193.6,838.5,132,0.51,203,0,0,0,0,0,0,*
H,16,6,7,3,26.72,26.4,27.2,19.18,16,24,1006,1006,1006,266.47,164.2,680.7,133,0.49,203,0,0,0,0,0,0,*
H,17,6,7,3,26.27,25.9,26.7,13.28,9,19,1006,1006,1006,149.96,125.9,180.3,117,0.39,203,0,0,0,0,0,0,*
H,18,6,7,3,26.37,26,27,13.38,12,18,1006,1006,1006,214.94,125.9,385.6,118,0.4,203,0,0,0,0,0,0,*
H,19,6,7,3,25.8,25.2,26.5,15.19,11,19,1006,1006,1006,98.15,29.3,226.5,133,0.36,203,0,0,0,0,0,0,*
H,19.32,6,7,3,24.79,24.3,25.2,9.79,9,11,1006.03,1006,1007,17.58,11.7,29.3,124,0.23,108,0,0,0,0,0,0,*
H,20,6,7,3,24.19,24,24.4,9.69,9,10,1006.76,1006,1007,6.24,0.1,12.5,150,0.22,94,0,0,0,0,0,0,*
H,21,6,7,3,23.4,22.9,24,10.05,9,12,1007,1007,1007,2.74,0,4,159,0.1,204,0,0,0,0,0,0,*
H,22,6,7,3,22.77,22.5,23.4,19.31,11,26,1007.84,1007,1008,3.4,2.3,4.7,83,1.31,203,0,0,0,0,0,0,*
H,22.45,6,7,3,22.34,22.1,22.6,28.49,25,34,1008,1008,1008,3.48,2.6,4.7,332,0.99,152,0,0,0,0,0,0,*
H,23,6,7,3,22.03,22,22.2,34.74,34,37,1008,1008,1008,3.5,2.3,4.4,244,0,50,0,0,0,0,0,0,*
H,0,7,7,3,21.44,20.9,22.1,46.46,37,55,1008.15,1008,1009,3.49,2.3,4.7,341,0.88,203,0,0,0,0,0,0,20.9,22.2,34,55,1008,1009,*
H,1,7,7,3,20.63,20.3,20.9,58.55,55,64,1009,1009,1009,3.34,2,4.4,19,0.38,203,0,0,0,0,0,0,*
H,2,7,7,3,20.22,20,20.4,69.25,64,73,1009,1009,1009,3.48,2.3,4.4,354,0.05,204,0,0,0,0,0,0,*
H,2.36,7,7,3,20.06,19.7,20.2,74.37,73,76,1008.7,1008,1009,3.28,2.3,4,3,0.37,121,0,0,0,0,0,0,*
H,3,7,7,3,19.6,19.5,19.7,78.87,76,80,1009,1009,1009,3.22,2.3,4,39,0.21,81,0,0,0,0,0,0,*
H,4,7,7,3,19.73,19.5,19.9,80.53,80,81,1009,1009,1009,3.35,2.6,4,14,0.26,203,0,0,0,0,0,0,*
H,5,7,7,3,19.13,18.9,19.5,82.26,81,83,1009,1009,1009,4.28,0,14.6,10,0.16,204,0,0,0,0,0,0,*
H,6,7,7,3,19.04,18.8,19.5,81.48,79,82,1009,1009,1009,45.69,14.9,111.5,11,0.2,203,0,0,0,0,0,0,*
H,7,7,7,3,19.99,19.4,20.5,75.74,71,79,1009.59,1009,1010,146.18,91.3,256.9,14,0.33,203,0,0,0,0,0,0,*
H,8,7,7,3,20.91,20.3,21.6,67.96,64,72,1010,1010,1010,188.02,116.2,374.9,38,0.39,203,0,0,0,0,0,0,*
H,9,7,7,3,22.95,21.5,24.2,57.28,48,65,1010,1010,1010,424.45,187.4,587.4,54,0.4,203,0,0,0,0,0,0,*
H,10,7,7,3,24.91,23.9,26,37.14,23,49,1009.76,1009,1010,652.82,418.9,727.2,66,0.59,204,0,0,0,0,0,0,*
H,11,7,7,3,25.98,25.2,26.6,15.58,9,26,1009,1009,1009,723.72,324.7,826.5,92,0.72,203,0,0,0,0,0,0,*
H,12,7,7,3,27.3,26.6,28.4,17.79,9,26,1008.67,1008,1009,819.47,786.4,849.8,117,1.04,203,0,0,0,0,0,0,*
H,13,7,7,3,28.65,27.8,30,33.32,26,39,1008,1008,1008,787.57,253.2,892.9,195,1.13,203,0,0,0,0,0,0,*
H,14,7,7,3,29.33,28.7,30.1,44.9,38,48,1007.12,1007,1008,801.84,541.9,858.2,234,0.95,203,0,0,0,0,0,0,*
H,15,7,7,3,29.59,28.6,30.5,47.39,46,49,1007,1007,1007,661.47,200.2,767.8,255,0.85,203,0,0,0,0,0,0,*
H,16,7,7,3,28.81,28,30,37.01,33,46,1007,1007,1007,471.85,129.3,697.3,162,0.64,203,0,0,0,0,0,0,*
H,17,7,7,3,27.78,27.2,28.5,28.79,24,35,1006.55,1006,1007,200.57,63.6,595.8,146,0.43,203,0,0,0,0,0,0,*
H,18,7,7,3,26.73,26,27.4,19.79,15,25,1006.31,1006,1007,36.74,25.6,63.6,139,0.47,203,0,0,0,0,0,0,*
H,19,7,7,3,25.63,25.3,26.2,11.22,9,15,1007,1007,1007,45.85,27.2,85.8,137,0.33,203,0,0,0,0,0,0,*
H,20,7,7,3,24.87,24.4,25.5,12.14,9,17,1007.08,1007,1008,14.78,0.1,46.1,115,0.47,203,0,0,0,0,0,0,*
H,21,7,7,3,23.67,23,24.4,24.64,17,34,1008,1008,1008,2.94,0.6,4.4,29,0.55,204,0,0,0,0,0,0,*
H,22,7,7,3,22.64,22.4,23.1,40.23,34,45,1008.35,1008,1009,3.43,2.6,4.4,18,0.33,203,0,0,0,0,0,0,*
H,23,7,7,3,22.3,21.8,22.5,48.2,45,53,1009,1009,1009,3.45,2.3,4.7,34,0.43,204,0,0,0,0,0,0,*
H,0,8,7,3,21.4,21,21.8,61.46,53,68,1009,1009,1009,3.48,2.3,4.7,10,0.28,203,0,0,0,0,0,0,18.8,30.5,9,83,1006,1010,*
H,1,8,7,3,20.57,20.4,21,73.09,68,76,1009,1009,1010,3.43,2.6,4.7,15,0.32,203,0,0,0,0,0,0,*
H,2,8,7,3,20.48,20.3,20.7,76.5,76,77,1009,1009,1009,3.29,2.3,4,17,0.37,204,0,0,0,0,0,0,*
H,3,8,7,3,20.82,20.7,20.9,74.72,73,76,1009,1009,1009,3.33,2.3,4.4,7,0.19,204,0,0,0,0,0,0,*
H,4,8,7,3,20.6,20.2,21,71.7,71,73,1009,1009,1009,3.38,2.3,4.4,15,0.31,203,0,0,0,0,0,0,*
H,5,8,7,3,20.33,20.1,20.5,74.01,73,76,1009,1009,1009,3.87,0,14.9,7,0.32,204,0,0,0,0,0,0,*
H,6,8,7,3,19.82,19.7,20.1,78.66,76,80,1009,1009,1009,47.51,14.6,86.5,25,0.35,203,0,0,0,0,0,0,*
H,7,8,7,3,20.95,20,22.1,74.17,65,79,1009,1009,1009,171.83,87.2,252.8,17,0.34,204,0,0,0,0,0,0,*
H,8,8,7,3,22.7,22,23.5,55.84,45,65,1009,1009,1009,313.91,200.1,433.1,28,0.4,203,0,0,0,0,0,0,*
H,9,8,7,3,24.14,23.2,25,38.58,30,45,1008.99,1008,1009,469.63,209.7,603.3,29,0.44,203,0,0,0,0,0,0,*
H,10,8,7,3,25.51,24.5,26.6,25.2,17,30,1008.04,1008,1009,651.36,434.2,715.9,87,0.87,203,0,0,0,0,0,0,*
H,11,8,7,3,26.78,25.9,28.2,12.98,9,19,1007.75,1007,1008,753.16,709.1,797,132,0.89,203,0,0,0,0,0,0,*
H,12,8,7,3,27.77,26.6,28.7,13.53,11,16,1007,1007,1007,817.1,772.7,853.9,107,0.83,203,0,0,0,0,0,0,*
H,13,8,7,3,29.13,28.1,30.1,23.33,15,30,1006.33,1006,1007,775.5,248.8,927.8,216,0.88,203,0,0,0,0,0,0,*
H,14,8,7,3,29.05,28.2,30.5,21.7,15,34,1006,1006,1006,563.9,224.3,879.2,170,0.84,203,0,0,0,0,0,0,*
H,15,8,7,3,28.95,28.2,30,22.21,16,27,1005.55,1005,1006,561.91,214.3,789.2,145,0.47,203,0,0,0,0,0,0,*
H,16,8,7,3,29.27,28.7,30,25.99,23,30,1005,1005,1005,574.33,468.4,644,145,0.49,204,0,0,0,0,0,0,*
H,17,8,7,3,29.02,28,30.4,16.25,9,27,1004.97,1004,1005,421.5,344.2,509.8,162,0.56,203,0,0,0,0,0,0,*
H,18,8,7,3,27.97,27.5,28.6,21.81,13,26,1004.85,1004,1005,247.88,130.3,342.5,158,0.47,203,0,0,0,0,0,0,*
H,19,8,7,3,26.67,26.1,27.7,23.75,22,27,1005,1005,1005,55.2,33.1,126.2,161,0.42,203,0,0,0,0,0,0,*
H,20,8,7,3,25.63,25.1,26.1,32.3,27,36,1005,1005,1005,23.66,0.1,50.2,159,0.42,203,0,0,0,0,0,0,*
H,21,8,7,3,24.94,24.7,25.1,34.67,33,38,1005.38,1005,1006,2.87,0,4.6,167,0.57,204,0,0,0,0,0,0,*
H,22,8,7,3,24.22,23.7,24.8,42.72,37,49,1006,1006,1006,3.48,2.3,4.4,15,0.33,203,0,0,0,0,0,0,*
H,23,8,7,3,23.7,23.5,24,53.57,49,56,1006.36,1006,1007,3.38,2.3,4.4,54,0.38,203,0,0,0,0,0,0,*
H,0,9,7,3,23.54,23.3,23.7,58.53,56,61,1007,1007,1007,3.28,2,4.4,45,0.66,204,0,0,0,0,0,0,19.7,30.6,9,80,1004,1010,*
H,1,9,7,3,23.13,22.3,23.6,63.82,61,67,1006.25,1006,1007,3.45,2.3,5.1,105,0.99,203,0,0,0,0,0,0,*
H,2,9,7,3,22.34,22.2,22.5,64.05,62,67,1006.85,1006,1007,3.31,2,4.4,55,0.6,203,0,0,0,0,0,0,*
H,3,9,7,3,21.63,21.2,22.2,68.06,64,71,1006.86,1006,1007,3.31,2,4.4,53,0.43,203,0,0,0,0,0,0,*
H,4,9,7,3,20.95,20.7,21.2,68.39,67,70,1006.15,1006,1007,3.32,2.3,4.4,23,0.39,204,0,0,0,0,0,0,*
H,5,9,7,3,20.51,20.4,20.7,75.06,70,78,1006.54,1006,1007,2.68,0,6.7,15,0.35,203,0,0,0,0,0,0,*
H,6,9,7,3,20.62,20.4,20.8,77.81,77,78,1006.94,1006,1007,37.65,5.1,81.7,21,0.4,204,0,0,0,0,0,0,*
H,7,9,7,3,21.56,20.8,22.9,75.33,68,78,1007,1007,1007,155.57,61.1,306.8,22,0.42,203,0,0,0,0,0,0,*
H,8,9,7,3,23.2,22.8,24.1,63.71,57,68,1007,1007,1007,266.73,170,440.6,23,0.55,203,0,0,0,0,0,0,*
H,9,9,7,3,24.42,23.7,25.3,50.67,38,57,1007,1007,1007,398.36,243.5,634.2,60,0.61,203,0,0,0,0,0,0,*
H,10,9,7,3,25.38,24.8,26.3,39.5,35,43,1007,1007,1007,461.33,316.5,741.9,100,0.62,203,0,0,0,0,0,0,*
H,11,9,7,3,26.55,25.5,27.8,26.41,18,35,1006.62,1006,1007,645.92,389.4,806,128,0.73,203,0,0,0,0,0,0,*
H,12,9,7,3,27.41,26.5,28.6,20.08,10,27,1006,1006,1006,709.72,438.9,843.9,139,0.98,203,0,0,0,0,0,0,*
H,13,9,7,3,27.74,27.3,28.5,13.46,9,18,1005.47,1005,1006,413.91,333.5,591,145,0.78,203,0,0,0,0,0,0,*
H,14,9,7,3,27.35,26.5,28.4,16.8,9,25,1005,1005,1005,382.93,291.2,642.7,167,0.58,203,0,0,0,0,0,0,*
H,15,9,7,3,26.81,26.3,27.3,18.88,9,27,1005,1005,1005,324.87,282.9,464.4,161,0.51,203,0,0,0,0,0,0,*
H,16,9,7,3,27.15,26.4,28.1,14.41,9,20,1004.49,1004,1005,413.91,334.7,486.6,158,0.63,203,0,0,0,0,0,0,*
H,17,9,7,3,26.91,26.4,27.7,12.4,10,20,1004,1004,1004,229.12,145.3,478.4,143,0.47,203,0,0,0,0,0,0,*
H,18,9,7,3,26.2,25.8,26.6,20.47,16,24,1004.1,1004,1005,143.19,79,251.1,130,0.42,203,0,0,0,0,0,0,*
H,19,9,7,3,25.37,24.2,26.2,40.21,24,48,1004.83,1004,1005,52.33,26.6,121,101,0.65,203,0,0,0,0,0,0,*
H,20,9,7,3,23.04,21.6,24.5,37.15,30,43,1005.95,1005,1006,12.52,0.6,28.2,48,0.62,204,0,0,0,0,0,0,*
H,21,9,7,3,21.28,20.6,22,28.71,24,39,1006.04,1006,1007,2.78,0.2,4.4,42,0.72,203,0,0,0,0,0,0,*
H,22,9,7,3,19.46,19,20.7,63.94,39,75,1006.84,1006,1007,3.5,2.6,5.4,7,0.45,203,0,0,0,0,0,0,*
H,23,9,7,3,19.47,19.1,19.8,74,71,77,1007,1007,1007,3.23,2.1,4.4,352,0.68,204,0,0,0,0,0,0,*
H,0,10,7,3,19.74,19.3,20.3,72.36,68,76,1007,1007,1007,3.37,2.3,4.4,310,0.52,203,0,0,0,0,0,0,19,28.7,9,78,1004,1007,*
H,1,10,7,3,19.22,18.9,19.6,75.41,74,77,1006.57,1006,1007,3.4,2.5,4.4,7,0.17,203,0,0,0,0,0,0,*
H,2,10,7,3,18.57,18.1,18.9,79.98,77,82,1006,1006,1007,3.38,2.3,4.5,46,0.5,204,0,0,0,0,0,0,*
H,3,10,7,3,17.8,17.5,18.2,82.94,82,85,1006,1006,1006,3.26,2.3,4.4,94,0.92,203,0,0,0,0,0,0,*
H,4,10,7,3,17.72,17.6,18,85.19,84,86,1006,1006,1006,3.38,2.3,4.4,6,0.22,203,0,0,0,0,0,0,*
H,5,10,7,3,17.79,17.6,18.1,84.71,83,86,1006,1006,1006,4.29,0,14.9,345,0.39,203,0,0,0,0,0,0,*
H,6,10,7,3,18.16,17.8,19.1,85,84,86,1006.53,1006,1007,50.52,13.1,127.6,4,0.23,204,0,0,0,0,0,0,*
H,7,10,7,3,20.02,19,21.2,78.59,74,84,1007,1007,1007,197.33,124.3,267.5,25,0.57,203,0,0,0,0,0,0,*
H,8,10,7,3,21.99,20.9,23,68.99,65,73,1007,1007,1007,368.56,258.2,451.6,20,0.42,203,0,0,0,0,0,0,*
H,9,10,7,3,23.8,22.5,24.8,55.18,47,66,1007,1007,1007,463.32,129.9,602.3,25,0.59,203,0,0,0,0,0,0,*
H,10,10,7,3,25.02,24.3,25.9,40.3,34,46,1007,1007,1007,653.11,551.7,714.5,80,0.78,203,0,0,0,0,0,0,*
H,11,10,7,3,26.4,25.4,27.4,21.53,12,34,1006.24,1006,1007,732.89,576.9,809,105,0.66,203,0,0,0,0,0,0,*
H,12,10,7,3,27.59,26.6,28.5,11.23,9,15,1006,1006,1006,795.67,598.2,854.9,162,1.02,203,0,0,0,0,0,0,*
H,13,10,7,3,28.68,27.7,29.7,23.58,14,31,1005.37,1005,1006,820.47,790.6,841.2,180,1.21,203,0,0,0,0,0,0,*
H,14,10,7,3,29.63,28.6,31,32.97,21,38,1004.53,1004,1005,784.34,708.9,821.6,233,0.79,203,0,0,0,0,0,0,*
H,15,10,7,3,29.25,28.4,30.1,18.86,15,22,1004,1004,1004,643.79,258.4,785.3,150,0.76,203,0,0,0,0,0,0,*
H,16,10,7,3,29.59,28.9,31,18.93,13,25,1004,1004,1004,531.96,243,784.6,168,0.91,203,0,0,0,0,0,0,*
H,17,10,7,3,28.92,28.1,29.9,18.03,9,22,1003.84,1003,1004,352.13,230.8,519.6,165,0.56,203,0,0,0,0,0,0,*
H,18,10,7,3,27.23,26.4,28.6,17.67,9,25,1004,1004,1004,169.74,99.2,276.8,145,0.43,203,0,0,0,0,0,0,*
H,19,10,7,3,26.03,25.7,26.5,26.12,21,30,1004,1004,1004,86.96,30,142.3,152,0.47,203,0,0,0,0,0,0,*
H,20,10,7,3,25.37,24.9,25.7,28.31,26,31,1004.29,1004,1005,10.47,0,29.3,151,0.4,204,0,0,0,0,0,0,*
H,21,10,7,3,24.91,24.5,25.2,34.08,31,39,1005,1005,1005,2.83,0.2,4.4,80,1.02,203,0,0,0,0,0,0,*
H,22,10,7,3,24.36,24.2,24.6,44.85,39,49,1005.99,1005,1006,3.41,2.3,4.4,30,0.38,204,0,0,0,0,0,0,*
H,23,10,7,3,24.29,24.1,24.5,50.4,49,52,1006,1006,1006,3.36,2.3,4.4,23,0.37,203,0,0,0,0,0,0,*
H,0,11,7,3,23.96,23.6,24.5,55.66,51,61,1006,1006,1006,3.44,2.3,4.7,33,0.7,204,0,0,0,0,0,0,17.5,31,9,86,1003,1007,*
H,1,11,7,3,23.56,23.4,23.8,65.27,61,68,1005.68,1005,1006,3.42,2.3,4.7,357,1.05,202,0,0,0,0,0,0,*
H,2,11,7,3,22.66,21.7,23.4,73.72,68,80,1005,1005,1005,3.35,2,4.7,139,0.76,204,0,0,0,0,0,0,*
H,3,11,7,3,21.85,21.6,22,80.91,80,82,1005.01,1005,1006,3.44,2.3,4.4,42,0.49,203,0,0,0,0,0,0,*
H,4,11,7,3,21.37,20.9,21.6,83.15,81,86,1005,1005,1005,3.43,2.6,4.4,1,0.13,203,0,0,0,0,0,0,*
H,5,11,7,3,20.5,20.3,20.9,88.28,86,90,1005,1005,1005,3.79,0.2,10.9,13,0.21,204,0,0,0,0,0,0,*
H,6,11,7,3,20.37,20.2,20.7,88.93,86,90,1005,1005,1005,36.29,7.1,82.1,2,0.24,203,0,0,0,0,0,0,*
H,7,11,7,3,21.51,20.8,22.6,80.43,73,86,1005.65,1005,1006,155.21,75.2,234.6,35,0.43,203,0,0,0,0,0,0,*
H,8,11,7,3,22.99,22.3,23.6,69.6,65,73,1006,1006,1006,332.64,224.7,425.9,54,0.37,203,0,0,0,0,0,0,*
H,9,11,7,3,24.41,23.4,25.3,64.45,63,67,1006.01,1006,1007,420.24,212.4,617.5,62,0.52,203,0,0,0,0,0,0,*
H,10,11,7,3,25.63,24.7,26.6,61.88,58,65,1006.01,1006,1007,615.28,241,712.9,67,0.63,203,0,0,0,0,0,0,*
H,11,11,7,3,27.11,26.4,28.1,46.07,25,60,1006,1006,1006,722.16,403.1,776.5,89,0.94,203,0,0,0,0,0,0,*
H,12,11,7,3,28.06,27.2,28.8,21.18,12,27,1006,1006,1006,810.84,774.8,847,77,0.99,203,0,0,0,0,0,0,*
H,13,11,7,3,28.81,28,29.7,13.99,10,21,1005.63,1005,1006,829.72,773.7,855.5,94,0.89,202,0,0,0,0,0,0,*
H,14,11,7,3,29.38,28.7,30.1,10.45,9,12,1005,1005,1005,747.24,247.5,844.5,100,0.84,204,0,0,0,0,0,0,*
H,15,11,7,3,29.91,29.1,30.6,10,9,11,1005,1005,1005,635.7,279.7,798,115,0.82,203,0,0,0,0,0,0,*
H,16,11,7,3,29.95,29.4,30.5,15.75,10,22,1005,1005,1005,551.5,464.5,650.8,119,0.5,203,0,0,0,0,0,0,*
H,17,11,7,3,29.68,29.2,30.4,23.18,18,26,1005,1005,1005,372.52,96.1,488.5,135,0.59,203,0,0,0,0,0,0,*
H,18,11,7,3,29.41,28.9,29.9,20.57,17,26,1005,1005,1005,280.28,193,353,147,0.53,203,0,0,0,0,0,0,*
H,19,11,7,3,28.63,27.7,29.3,13.02,9,17,1005,1005,1005,130.43,37.2,222.3,156,0.42,203,0,0,0,0,0,0,*
H,20,11,7,3,26.86,26,27.8,15.05,10,22,1005.45,1005,1006,19.16,0.2,43.1,149,0.24,203,0,0,0,0,0,0,*
H,21,11,7,3,25.33,24.6,26,26.37,20,33,1006.29,1006,1007,2.89,0,4.6,152,0.14,203,0,0,0,0,0,0,*
H,22,11,7,3,24.45,24.1,24.7,45.19,31,57,1007,1007,1007,3.3,2.5,4.4,175,0.27,203,0,0,0,0,0,0,*
H,23,11,7,3,23.48,23.1,24.2,57.41,54,60,1007.09,1007,1008,3.44,2.3,4.7,150,1.2,203,0,0,0,0,0,0,*
H,0,12,7,3,23.17,23,23.5,63.07,60,64,1007.17,1007,1008,3.42,2,4.7,9,0.31,204,0,0,0,0,0,0,20.2,30.7,9,90,1004,1008,*
H,1,12,7,3,23.09,22.9,23.5,67.77,64,70,1007.59,1007,1008,3.47,2.6,4.4,348,0,202,0,0,0,0,0,0,*
H,2,12,7,3,22.39,22.2,22.9,73.47,70,77,1007.11,1007,1008,3.44,2.3,4.7,2,0.21,203,0,0,0,0,0,0,*
H,3,12,7,3,21.85,21.6,22.2,78.76,77,81,1007,1007,1007,3.33,2,4.7,11,0.2,204,0,0,0,0,0,0,*
H,4,12,7,3,21.36,21.1,21.8,80.74,79,83,1007.06,1007,1008,3.39,2.3,4.7,23,0.37,203,0,0,0,0,0,0,*
H,5,12,7,3,20.82,20.6,21.1,85.53,83,88,1007.53,1007,1008,3.06,0.2,11.2,29,0.32,203,0,0,0,0,0,0,*
H,6,12,7,3,20.64,20.4,21.3,87.98,86,89,1008,1008,1008,47.49,11.8,126.9,22,0.35,203,0,0,0,0,0,0,*
H,7,12,7,3,22.42,21.3,23.7,78.67,71,86,1008,1008,1008,182.65,87.2,291.4,36,0.45,203,0,0,0,0,0,0,*
H,8,12,7,3,24.13,23.6,24.7,67.38,65,71,1008,1008,1008,332.06,234.3,423.8,59,0.47,203,0,0,0,0,0,0,*
H,9,12,7,3,25.49,24.3,26.5,61.12,57,66,1008,1008,1009,462.15,165.7,597.9,74,0.76,203,0,0,0,0,0,0,*
H,10,12,7,3,26.78,25.9,28,38.93,25,57,1008,1008,1008,634.41,587.9,667.3,73,0.63,203,0,0,0,0,0,0,*
H,11,12,7,3,28.18,27.4,29.2,14.52,9,26,1008,1008,1008,729.51,636.5,788.5,97,0.75,203,0,0,0,0,0,0,*
H,12,12,7,3,28.98,28.3,29.6,12.15,9,18,1007.73,1007,1008,811.91,514.6,895.2,123,0.65,203,0,0,0,0,0,0,*
H,13,12,7,3,29.42,28.7,30.6,17.84,11,24,1007,1007,1007,802.08,316.9,906.5,139,0.83,203,0,0,0,0,0,0,*
H,14,12,7,3,29.3,28.5,30.3,21.16,16,25,1006.84,1006,1007,757.75,408.7,920.2,130,0.54,203,0,0,0,0,0,0,*
H,15,12,7,3,29.5,28.8,30.5,10.81,9,17,1006,1006,1006,499,298.4,841.4,140,0.61,203,0,0,0,0,0,0,*
H,16,12,7,3,28.86,28.3,29.7,10.6,9,13,1006,1006,1006,364.85,306.8,585.1,139,0.48,203,0,0,0,0,0,0,*
H,17,12,7,3,28.49,28,29.2,11.11,9,13,1006,1006,1006,351.52,216.2,469.2,134,0.46,203,0,0,0,0,0,0,*
H,18,12,7,3,28.08,27.5,28.5,9.56,9,11,1006,1006,1006,255.45,136.1,341.5,127,0.43,203,0,0,0,0,0,0,*
H,19,12,7,3,27.45,27.2,27.8,15.66,11,21,1006,1006,1006,99.41,64.3,171,135,0.42,203,0,0,0,0,0,0,*
H,20,12,7,3,26.65,25.9,27.3,30.15,20,41,1006,1006,1006,22.93,0,80,132,0.23,203,0,0,0,0,0,0,*
H,21,12,7,3,25.5,24.9,26,49.81,41,59,1006.34,1006,1007,3.04,1.3,4.6,126,0.44,204,0,0,0,0,0,0,*
H,22,12,7,3,24.64,24.3,25.1,64.75,60,69,1006.97,1006,1007,3.34,2.1,4.4,131,0.41,203,0,0,0,0,0,0,*
H,23,12,7,3,23.9,23.4,24.2,72.57,69,75,1007,1007,1007,3.44,2.6,4.4,70,0.47,203,0,0,0,0,0,0,*
H,0,13,7,3,23.26,23,23.5,77.53,75,79,1007,1007,1007,3.43,2.3,4.4,16,0.24,204,0,0,0,0,0,0,20.4,30.6,9,89,1006,1009,*
H,1,13,7,3,22.68,22.3,23,79.87,79,81,1006.49,1006,1007,3.44,2.3,4.4,12,0.15,203,0,0,0,0,0,0,*
H,2,13,7,3,22.1,21.8,22.3,81.32,81,82,1006,1006,1006,3.39,2.6,4.4,25,0.39,203,0,0,0,0,0,0,*
H,3,13,7,3,21.67,21.5,22,81.7,81,82,1006,1006,1006,3.36,2.3,4.7,18,0.31,204,0,0,0,0,0,0,*
H,4,13,7,3,21.45,21.4,21.6,83.78,82,85,1005.99,1005,1006,3.34,2.3,4.4,16,0.3,203,0,0,0,0,0,0,*
H,5,13,7,3,21.5,21.4,21.6,85.99,85,86,1005.02,1005,1006,2.84,0,8.1,9,0.23,204,0,0,0,0,0,0,*
H,6,13,7,3,21.69,21.5,22.1,86,86,86,1005,1005,1005,25.99,7.8,54.3,5,0.2,203,0,0,0,0,0,0,*
H,7,13,7,3,22.41,22,23.2,81.31,75,86,1005,1005,1005,119.9,55.7,224,4,0.31,203,0,0,0,0,0,0,*
H,8,13,7,3,23.83,23,24.8,70.43,66,75,1005,1005,1005,250.57,149.1,370.5,23,0.51,203,0,0,0,0,0,0,*
H,9,13,7,3,25.42,24.6,26.4,62.31,50,66,1004.99,1004,1005,413.4,275.9,579,56,0.71,203,0,0,0,0,0,0,*
H,10,13,7,3,27.07,26.3,28,33.48,21,51,1004,1004,1005,628.94,571.2,679.6,114,0.79,203,0,0,0,0,0,0,*
H,11,13,7,3,28.15,27.3,29,12.98,9,24,1003.99,1003,1004,697.03,548.6,786.1,130,1,203,0,0,0,0,0,0,*
H,12,13,7,3,28.81,27.9,29.9,11.81,10,14,1003,1003,1003,784.55,464.3,936.6,101,1.05,203,0,0,0,0,0,0,*
H,13,13,7,3,29.78,29.1,31.5,16.2,11,22,1002.39,1002,1003,819.02,472.7,867.5,130,1.14,203,0,0,0,0,0,0,*
H,14,13,7,3,30.36,29.7,31.4,25.74,21,31,1001.49,1001,1002,800.36,703.5,847.6,122,0.85,203,0,0,0,0,0,0,*
H,15,13,7,3,30.5,29.6,31.6,29.13,22,34,1001,1001,1001,703.38,629.5,794.9,137,0.71,203,0,0,0,0,0,0,*
H,16,13,7,3,30.36,29.7,31.5,22.29,19,26,1000.98,1000,1001,556.84,264.2,637.8,134,0.63,203,0,0,0,0,0,0,*
H,17,13,7,3,29.62,29.1,30.7,13.18,9,20,1000.57,1000,1001,168.24,90.1,513.1,112,0.56,203,0,0,0,0,0,0,*
H,18,13,7,3,29.25,28.9,29.5,10.25,9,12,1001,1001,1001,213.85,164.2,286.4,108,0.28,203,0,0,0,0,0,0,*
H,19,13,7,3,28.73,28.1,29.2,14.94,11,21,1001,1001,1001,98.83,24.6,175.9,99,0.31,203,0,0,0,0,0,0,*
H,20,13,7,3,27.75,27.4,28.2,22.1,20,25,1001.71,1001,1002,3.86,0,23.2,82,0.37,203,0,0,0,0,0,0,*
H,21,13,7,3,26.62,24.8,27.4,32.3,24,46,1002.49,1002,1003,3.51,2,6.6,87,0.44,204,0,0,0,0.2,0,0.2,*
H,22,13,7,3,24.45,24,24.8,30.32,20,47,1003.9,1003,1004,3.31,2.3,4,68,0.45,203,0,0,0,0,0,0,*
H,23,13,7,3,23.78,23,24.1,27.96,17,37,1004.83,1004,1005,3.33,2,4.7,51,0.35,203,0,0,0,0,0,0,*
H,0,14,7,3,22.54,22.2,23,39.6,32,44,1005.23,1005,1006,3.31,2,4.7,29,0.42,204,0,0,0,0,0,0,21.4,31.6,9,86,1000,1007,*
H,1,14,7,3,22.47,22.1,22.6,27.05,19,39,1005.59,1005,1006,3.35,2,6.4,21,0.38,203,0,0,0,0,0,0,*
H,2,14,7,3,21.03,20.3,21.9,38.66,24,51,1006,1006,1006,3.48,2.3,6.1,24,0.29,203,0,0,0,0.6,0,0.6,*
H,3,14,7,3,21.8,21.6,22,17.41,11,28,1006,1006,1006,3.16,2.3,4,30,0.35,203,0,0,0,0,0,0,*
H,4,14,7,3,21.63,21.4,21.9,10.95,10,12,1006,1006,1006,3.26,2.3,4,32,0.35,203,0,0,0,0,0,0,*
H,5,14,7,3,21.2,21,21.4,12.61,11,16,1006,1006,1006,2.31,0.2,4,16,0.35,204,0,0,0,0,0,0,*
H,6,14,7,3,20.96,20.8,21.1,16.65,13,21,1006,1006,1006,24.61,1.6,59.4,20,0.39,203,0,0,0,0,0,0,*
H,7,14,7,3,21.15,20.8,21.5,14.42,10,20,1006.03,1006,1007,105.75,58.7,171,24,0.39,203,0,0,0,0,0,0,*
H,8,14,7,3,21.72,21.4,22.4,11.39,9,15,1006.98,1006,1007,195.5,171,220.2,26,0.39,204,0,0,0,0,0,0,*
H,9,14,7,3,22.23,21.9,22.8,18.39,14,30,1007,1007,1007,275.88,211.4,313.7,28,0.43,203,0,0,0,0,0,0,*
H,10,14,7,3,22.57,22.1,23.2,27.29,23,30,1007,1007,1007,298.68,233.6,426.6,55,0.38,203,0,0,0,0,0,0,*
H,11,14,7,3,23.54,22.5,24.9,30.96,22,40,1007,1007,1007,618.74,316.4,1046.3,60,0.48,203,0,0,0,0,0,0,*
H,12,14,7,3,24.85,24.1,25.6,39.95,37,43,1006.67,1006,1007,732.53,419.2,951.1,76,0.59,203,0,0,0,0,0,0,*
